26 0.8095703125000001 0.83740234375 0.6236979166666669 0.83740234375 0.6236979166666669 0.947998046875 0.8095703125000003 0.947998046875
26 0.6367187500000001 0.8408203125 0.44238281250000017 0.8408203125 0.44238281250000017 0.951904296875 0.6367187500000001 0.951904296875
25 0.8196614583333334 0.744384765625 0.6223958333333335 0.744384765625 0.6223958333333335 0.85107421875 0.8196614583333334 0.85107421875
25 0.6402994791666669 0.74267578125 0.4410807291666668 0.74267578125 0.4410807291666668 0.8564453125 0.6402994791666669 0.8564453125
25 0.46484375000000017 0.745849609375 0.2591145833333335 0.745849609375 0.2591145833333335 0.859619140625 0.46484375000000017 0.859619140625
25 0.28320312500000017 0.747314453125 0.07617187500000012 0.747314453125 0.07617187500000014 0.869140625 0.28320312500000017 0.869140625
26 0.2750651041666668 0.846923828125 0.06673177083333347 0.846923828125 0.06673177083333347 0.96044921875 0.2750651041666668 0.96044921875
26 0.4544270833333335 0.841552734375 0.2545572916666668 0.841552734375 0.2545572916666668 0.9580078125 0.4544270833333335 0.9580078125
24 0.8151041666666666 0.642822265625 0.6145833333333335 0.642822265625 0.6145833333333335 0.756103515625 0.8151041666666666 0.756103515625
24 0.6425781250000001 0.643310546875 0.4410807291666668 0.643310546875 0.4410807291666668 0.761474609375 0.6425781250000001 0.761474609375
24 0.4661458333333335 0.643798828125 0.25878906250000006 0.643798828125 0.2587890625000001 0.765869140625 0.4661458333333335 0.765869140625
24 0.2802734375000001 0.6513671875 0.07259114583333344 0.6513671875 0.07259114583333345 0.764892578125 0.28027343750000017 0.764892578125
23 0.28580729166666674 0.551025390625 0.07454427083333343 0.551025390625 0.07454427083333344 0.671630859375 0.28580729166666674 0.671630859375
23 0.4654947916666668 0.55126953125 0.2630208333333334 0.55126953125 0.2630208333333334 0.6650390625 0.4654947916666668 0.6650390625
23 0.6461588541666669 0.54541015625 0.4514973958333335 0.54541015625 0.4514973958333335 0.66845703125 0.6461588541666669 0.66845703125
23 0.8219401041666666 0.550537109375 0.6214192708333335 0.550537109375 0.6214192708333335 0.664306640625 0.8219401041666666 0.664306640625
22 0.8304036458333334 0.4594726562500001 0.6266276041666669 0.4594726562500001 0.6266276041666669 0.568115234375 0.8304036458333334 0.568115234375
22 0.6546223958333334 0.45117187500000006 0.4544270833333333 0.451171875 0.4544270833333334 0.56640625 0.6546223958333335 0.56640625
22 0.47819010416666674 0.4501953125 0.27115885416666674 0.4501953125 0.27115885416666674 0.5673828125 0.4781901041666668 0.5673828125
22 0.29492187500000006 0.449951171875 0.08528645833333341 0.449951171875 0.08528645833333343 0.568603515625 0.29492187500000006 0.568603515625
21 0.29980468750000006 0.357177734375 0.08984375000000007 0.357177734375 0.08984375000000007 0.470703125 0.29980468750000006 0.470703125
21 0.47916666666666674 0.35546875 0.27148437500000006 0.35546875 0.27148437500000006 0.47412109375 0.4791666666666668 0.47412109375
21 0.6569010416666667 0.35571289062500006 0.4534505208333333 0.355712890625 0.4534505208333334 0.47265625000000006 0.6569010416666669 0.4726562500000001
21 0.8307291666666666 0.3586425781250001 0.6324869791666666 0.3586425781250001 0.6324869791666667 0.4753417968750001 0.8307291666666666 0.4753417968750001
20 0.8274739583333334 0.2675781250000001 0.6393229166666666 0.2675781250000001 0.6393229166666666 0.3789062500000001 0.8274739583333334 0.3789062500000001
20 0.6588541666666666 0.25878906250000006 0.4576822916666667 0.2587890625 0.4576822916666667 0.38159179687500006 0.6588541666666666 0.3815917968750001
20 0.48828125 0.260986328125 0.2747395833333334 0.260986328125 0.2747395833333334 0.377685546875 0.48828125 0.377685546875
20 0.30859375000000006 0.258544921875 0.0817057291666667 0.258544921875 0.08170572916666671 0.373291015625 0.30859375000000006 0.373291015625
19 0.4847005208333333 0.16503906250000003 0.28125 0.1650390625 0.28125000000000006 0.279296875 0.4847005208333333 0.279296875
19 0.6630859375 0.16577148437500006 0.4563802083333333 0.16577148437500006 0.4563802083333333 0.28295898437500006 0.6630859375 0.2829589843750001
19 0.8352864583333334 0.17041015625000006 0.6302083333333334 0.17041015625000006 0.6302083333333334 0.2868652343750001 0.8352864583333334 0.2868652343750001
18 0.8346354166666666 0.07568359375000007 0.6442057291666666 0.07568359375000006 0.6442057291666666 0.18994140625000006 0.8346354166666666 0.18994140625000006
18 0.6796875 0.06567382812500006 0.4609375 0.06567382812500006 0.4609375 0.19506835937500006 0.6796875 0.19506835937500006
19 0.31250000000000006 0.15722656250000003 0.09277343750000004 0.1572265625 0.09277343750000004 0.27685546875 0.31250000000000006 0.27685546875
18 0.3108723958333333 0.05395507812500002 0.0947265625 0.053955078125000014 0.09472656250000001 0.18334960937500003 0.3108723958333333 0.18334960937500006
18 0.4908854166666667 0.061767578125000035 0.2848307291666667 0.06176757812500003 0.2848307291666667 0.18310546875000003 0.4908854166666667 0.18310546875000006