9 0.7333984375 0.19091796875000006 0.5804036458333334 0.19091796875000006 0.5804036458333334 0.26879882812500006 0.7333984375 0.2687988281250001
10 0.7024739583333334 0.26733398437500006 0.5546875 0.267333984375 0.5546875 0.34301757812500006 0.7024739583333334 0.3430175781250001
11 0.41796875 0.32568359375 0.27604166666666674 0.32568359375 0.27604166666666674 0.397216796875 0.41796875 0.397216796875
11 0.5524088541666666 0.338623046875 0.4117838541666667 0.338623046875 0.4117838541666667 0.40771484375 0.5524088541666666 0.40771484375
11 0.6995442708333334 0.34277343750000006 0.5462239583333334 0.3427734375 0.5462239583333334 0.41528320312500006 0.6995442708333334 0.4152832031250001
12 0.41210937500000006 0.400146484375 0.26334635416666674 0.400146484375 0.26334635416666674 0.4736328125 0.41210937500000017 0.4736328125
12 0.5507812500000001 0.401123046875 0.4104817708333333 0.401123046875 0.4104817708333334 0.474609375 0.5507812500000001 0.474609375
12 0.6953125 0.40747070312500006 0.5436197916666666 0.407470703125 0.5436197916666667 0.48315429687500006 0.6953125 0.4831542968750001
13 0.4065755208333335 0.4658203125 0.2561848958333334 0.4658203125 0.2561848958333334 0.54052734375 0.4065755208333335 0.54052734375
13 0.5494791666666669 0.475341796875 0.41894531250000017 0.475341796875 0.41894531250000017 0.543701171875 0.5494791666666669 0.543701171875
13 0.6796875 0.48071289062500006 0.5533854166666669 0.480712890625 0.5533854166666669 0.550048828125 0.6796875 0.550048828125
14 0.4137369791666668 0.534912109375 0.25195312500000006 0.534912109375 0.25195312500000006 0.61474609375 0.4137369791666668 0.61474609375
14 0.5452473958333335 0.533935546875 0.4117838541666668 0.533935546875 0.4117838541666668 0.612548828125 0.5452473958333335 0.612548828125
14 0.6868489583333334 0.542236328125 0.5406901041666669 0.542236328125 0.5406901041666669 0.61474609375 0.6868489583333334 0.61474609375
15 0.4235026041666668 0.608154296875 0.2718098958333334 0.608154296875 0.2718098958333334 0.678466796875 0.4235026041666668 0.678466796875
15 0.5507812500000001 0.614501953125 0.4176432291666668 0.614501953125 0.4176432291666668 0.68798828125 0.5507812500000001 0.68798828125
15 0.6936848958333334 0.611328125 0.5393880208333335 0.611328125 0.5393880208333335 0.685791015625 0.6936848958333334 0.685791015625
16 0.4192708333333335 0.67919921875 0.27734375000000006 0.67919921875 0.2773437500000001 0.747314453125 0.4192708333333335 0.747314453125
16 0.5494791666666669 0.68359375 0.4147135416666668 0.68359375 0.4147135416666668 0.75390625 0.5494791666666669 0.75390625
16 0.6923828125 0.681396484375 0.5419921875000001 0.681396484375 0.5419921875000001 0.751708984375 0.6923828125 0.751708984375
17 0.41796875000000017 0.743896484375 0.27441406250000017 0.743896484375 0.27441406250000017 0.81640625 0.41796875000000017 0.81640625
17 0.5452473958333335 0.749267578125 0.41601562500000017 0.749267578125 0.41601562500000017 0.824951171875 0.5452473958333335 0.824951171875
17 0.6754557291666666 0.7470703125 0.5393880208333335 0.7470703125 0.5393880208333335 0.819580078125 0.6754557291666666 0.819580078125
10 0.5634765625 0.24780273437500006 0.4088541666666667 0.24780273437500006 0.4088541666666667 0.338623046875 0.5634765625 0.338623046875
10 0.431640625 0.251953125 0.29264322916666674 0.251953125 0.29264322916666674 0.330322265625 0.431640625 0.330322265625
9 0.4573567708333333 0.16552734375000006 0.3115234375 0.16552734375000006 0.31152343750000006 0.26953125 0.4573567708333333 0.26953125
9 0.5960286458333334 0.18139648437500006 0.4371744791666667 0.18139648437500006 0.4371744791666667 0.272216796875 0.5960286458333334 0.272216796875