22 0.4592285156250001 0.6689453125 0.3303222656250001 0.6689453125 0.3303222656250001 0.7994791666666666 0.4592285156250001 0.7994791666666666
21 0.8994140625 0.3336588541666668 0.782958984375 0.3336588541666668 0.782958984375 0.47753906250000017 0.8994140625 0.47753906250000017
21 0.81494140625 0.17903645833333348 0.681396484375 0.17903645833333348 0.681396484375 0.33886718750000017 0.81494140625 0.33886718750000017
23 0.804443359375 0.2981770833333335 0.686767578125 0.2981770833333335 0.686767578125 0.45214843750000017 0.804443359375 0.45214843750000017
20 0.52978515625 0.19889322916666674 0.407470703125 0.19889322916666674 0.407470703125 0.32877604166666674 0.52978515625 0.32877604166666674
19 0.639404296875 0.24218750000000008 0.513427734375 0.24218750000000008 0.513427734375 0.3929036458333335 0.639404296875 0.3929036458333335
24 0.714111328125 0.2617187500000001 0.600341796875 0.26171875000000006 0.600341796875 0.43554687500000017 0.714111328125 0.43554687500000017
18 0.7763671875 0.41601562500000017 0.649169921875 0.41601562500000017 0.649169921875 0.5628255208333335 0.7763671875 0.5628255208333335
22 0.871826171875 0.4440104166666668 0.755126953125 0.4440104166666668 0.755126953125 0.5878906250000001 0.871826171875 0.5878906250000001
25 0.8125 0.5309244791666669 0.700927734375 0.5309244791666669 0.700927734375 0.7076822916666666 0.8125 0.7076822916666666
26 0.772216796875 0.6591796875000001 0.651611328125 0.6591796875000001 0.651611328125 0.7985026041666666 0.772216796875 0.7985026041666666
18 0.7490234375 0.759765625 0.6435546875 0.759765625 0.6435546875 0.9345703125 0.7490234375 0.9345703125
25 0.23486328125000006 0.5094401041666666 0.08935546875000006 0.5094401041666666 0.08935546875000006 0.6927083333333334 0.23486328125000006 0.6927083333333334
19 0.270751953125 0.3180338541666667 0.14843750000000006 0.3180338541666667 0.14843750000000006 0.501953125 0.270751953125 0.501953125
25 0.39111328125 0.17675781250000008 0.271728515625 0.17675781250000008 0.271728515625 0.359375 0.39111328125 0.359375
20 0.435546875 0.3089192708333334 0.29541015625 0.3089192708333334 0.29541015625 0.4602864583333333 0.435546875 0.4602864583333333
19 0.544921875 0.30957031250000006 0.421875 0.30957031250000006 0.421875 0.48242187500000006 0.544921875 0.48242187500000017
20 0.454833984375 0.41406250000000006 0.318359375 0.4140625 0.318359375 0.5631510416666667 0.454833984375 0.5631510416666669
26 0.5 0.5123697916666667 0.3779296875 0.5123697916666666 0.37792968750000006 0.6822916666666666 0.5 0.6822916666666666
24 0.38623046875000006 0.5302734375 0.25537109375 0.5302734375 0.25537109375000006 0.7037760416666666 0.3862304687500001 0.7037760416666666
18 0.576904296875 0.5908203125000001 0.441650390625 0.5908203125 0.44165039062500006 0.7630208333333334 0.576904296875 0.7630208333333334
22 0.572021484375 0.7210286458333334 0.4418945312500001 0.7210286458333334 0.4418945312500001 0.8854166666666666 0.572021484375 0.8854166666666666
24 0.677734375 0.7333984375 0.555419921875 0.7333984375 0.555419921875 0.8821614583333334 0.677734375 0.8821614583333334
23 0.6787109375 0.5966796875000001 0.555419921875 0.5966796875000001 0.555419921875 0.7591145833333334 0.6787109375 0.7591145833333334
26 0.734375 0.5039062500000001 0.61376953125 0.5039062500000001 0.61376953125 0.6656901041666669 0.734375 0.6656901041666669
21 0.661865234375 0.4361979166666668 0.54345703125 0.4361979166666668 0.54345703125 0.6113281250000001 0.661865234375 0.6113281250000001
23 0.586669921875 0.4010416666666668 0.466552734375 0.4010416666666668 0.466552734375 0.5729166666666669 0.586669921875 0.5729166666666669