18 0.8935546875 0.6321614583333335 0.77197265625 0.6321614583333335 0.77197265625 0.8046875 0.8935546875 0.8046875
21 0.784912109375 0.6295572916666669 0.658447265625 0.6295572916666669 0.658447265625 0.8121744791666666 0.784912109375 0.8121744791666666
24 0.788330078125 0.4720052083333335 0.669189453125 0.4720052083333335 0.669189453125 0.6458333333333335 0.788330078125 0.6458333333333335
22 0.74462890625 0.3782552083333335 0.608154296875 0.3782552083333335 0.608154296875 0.5445963541666669 0.74462890625 0.5445963541666669
20 0.71728515625 0.2659505208333334 0.574951171875 0.2659505208333334 0.574951171875 0.4303385416666668 0.71728515625 0.4303385416666668
22 0.544677734375 0.22949218750000008 0.415283203125 0.22949218750000008 0.415283203125 0.37662760416666674 0.544677734375 0.3766276041666668
21 0.60888671875 0.3538411458333335 0.504638671875 0.3538411458333335 0.504638671875 0.5348307291666669 0.60888671875 0.5348307291666669
18 0.52734375 0.35058593750000006 0.39453125 0.3505859375 0.39453125 0.5120442708333334 0.52734375 0.5120442708333335
24 0.42822265625 0.2317708333333334 0.312744140625 0.2317708333333334 0.312744140625 0.4420572916666667 0.42822265625 0.4420572916666667
20 0.328857421875 0.3277994791666667 0.17651367187500006 0.3277994791666667 0.17651367187500006 0.5071614583333334 0.328857421875 0.5071614583333334
25 0.31054687500000006 0.4371744791666667 0.16259765625000006 0.4371744791666667 0.16259765625000006 0.6214192708333334 0.3105468750000001 0.6214192708333334
25 0.3161621093750001 0.6259765625 0.20434570312500006 0.6259765625 0.20434570312500006 0.8177083333333334 0.3161621093750001 0.8177083333333334
19 0.42407226562500006 0.4632161458333333 0.286376953125 0.4632161458333333 0.28637695312500006 0.6669921875 0.4240722656250001 0.6669921875
24 0.546875 0.46940104166666674 0.40869140625 0.4694010416666667 0.40869140625000006 0.6292317708333334 0.546875 0.6292317708333335
20 0.543212890625 0.5963541666666667 0.40234375 0.5963541666666666 0.40234375000000006 0.7757161458333334 0.543212890625 0.7757161458333334
19 0.4448242187500001 0.6321614583333334 0.2998046875000001 0.6321614583333334 0.2998046875000001 0.8167317708333334 0.4448242187500001 0.8167317708333334
23 0.4069824218750001 0.7854817708333334 0.2631835937500001 0.7854817708333334 0.2631835937500001 0.9440104166666666 0.4069824218750001 0.9440104166666666
26 0.4968261718750001 0.7626953125 0.3930664062500001 0.7626953125 0.3930664062500001 0.9417317708333334 0.4968261718750001 0.9417317708333334
18 0.589111328125 0.7151692708333334 0.4831542968750001 0.7151692708333334 0.4831542968750001 0.8938802083333334 0.589111328125 0.8938802083333334
22 0.69091796875 0.7347005208333334 0.5859375 0.7347005208333334 0.5859375 0.9111328125 0.69091796875 0.9111328125
23 0.6953125 0.5934244791666669 0.578369140625 0.5934244791666669 0.578369140625 0.76171875 0.6953125 0.76171875
26 0.6689453125 0.4811197916666668 0.5322265625 0.4811197916666668 0.5322265625 0.6523437500000001 0.6689453125 0.6523437500000001