21 0.43798828125 0.09147135416666673 0.319091796875 0.0914713541666667 0.319091796875 0.28287760416666674 0.43798828125 0.28287760416666674
19 0.4794921875 0.3020833333333334 0.330322265625 0.3020833333333334 0.330322265625 0.4456380208333334 0.4794921875 0.4456380208333335
25 0.20678710937500006 0.5166015625 0.09277343750000006 0.5166015625 0.09277343750000006 0.7242838541666666 0.20678710937500006 0.7242838541666666
24 0.32324218750000006 0.4951171875 0.19604492187500006 0.4951171875 0.19604492187500006 0.697265625 0.3232421875000001 0.697265625
18 0.47656250000000006 0.43164062500000006 0.310302734375 0.431640625 0.31030273437500006 0.6318359375000001 0.4765625000000001 0.6318359375000001
26 0.541748046875 0.5299479166666667 0.37939453125 0.5299479166666666 0.37939453125000006 0.7454427083333334 0.541748046875 0.7454427083333334
22 0.4748535156250001 0.6901041666666666 0.3090820312500001 0.6901041666666666 0.3090820312500001 0.9401041666666666 0.4748535156250001 0.9401041666666666
22 0.57275390625 0.7786458333333334 0.4501953125000001 0.7786458333333334 0.4501953125000001 0.98828125 0.57275390625 0.98828125
24 0.716552734375 0.7825520833333334 0.564697265625 0.7825520833333334 0.564697265625 0.9573567708333334 0.716552734375 0.9573567708333334
18 0.838134765625 0.68359375 0.671875 0.68359375 0.671875 0.9075520833333334 0.838134765625 0.9075520833333334
22 0.682861328125 0.5791015625000001 0.5244140625 0.5791015625000001 0.5244140625 0.8089192708333334 0.682861328125 0.8089192708333334
25 0.947509765625 0.5048828125000001 0.77783203125 0.5048828125000001 0.77783203125 0.7294921875000001 0.947509765625 0.7294921875000003
23 0.745361328125 0.3684895833333335 0.582275390625 0.3684895833333335 0.582275390625 0.5852864583333335 0.745361328125 0.5852864583333335
23 0.640380859375 0.3040364583333334 0.472900390625 0.3040364583333334 0.472900390625 0.5175781250000001 0.640380859375 0.5175781250000001
26 0.672607421875 0.1770833333333334 0.502197265625 0.1770833333333334 0.502197265625 0.3880208333333335 0.672607421875 0.3880208333333335
26 0.53466796875 0.06217447916666675 0.413330078125 0.06217447916666674 0.413330078125 0.26562500000000006 0.53466796875 0.26562500000000006
18 0.645263671875 0.0016276041666667621 0.5234375 0.0016276041666667522 0.5234375 0.21061197916666674 0.645263671875 0.21061197916666674
18 0.47607421875 6.414247069752901e-17 0.3095703125 5.054857230855612e-17 0.3095703125 0.09667968750000006 0.47607421875 0.09667968750000007
20 0.342041015625 0.1604817708333334 0.218994140625 0.16048177083333337 0.21899414062500003 0.37109375 0.342041015625 0.37109375