18 0.985107421875 0.40429687500000017 0.851318359375 0.40429687500000017 0.851318359375 0.5823567708333335 0.985107421875 0.5823567708333335
22 0.8349609375 0.23763020833333348 0.688720703125 0.23763020833333348 0.688720703125 0.4466145833333335 0.8349609375 0.4466145833333335
24 0.914306640625 0.30957031250000017 0.776123046875 0.30957031250000017 0.776123046875 0.4908854166666668 0.914306640625 0.4908854166666668
21 0.86474609375 0.45410156250000017 0.74853515625 0.45410156250000017 0.74853515625 0.6360677083333335 0.86474609375 0.6360677083333335
26 0.5927734375 0.30924479166666674 0.448486328125 0.30924479166666674 0.448486328125 0.46354166666666674 0.5927734375 0.4635416666666668
25 0.528564453125 0.18522135416666674 0.382568359375 0.18522135416666674 0.382568359375 0.3557942708333334 0.528564453125 0.3557942708333335
25 0.221435546875 0.09342447916666669 0.084228515625 0.09342447916666667 0.08422851562500001 0.2975260416666667 0.221435546875 0.2975260416666667
20 0.3916015625 0.1966145833333334 0.235595703125 0.1966145833333334 0.23559570312500003 0.3785807291666667 0.3916015625 0.3785807291666667
26 0.4541015625 0.30957031250000006 0.316650390625 0.30957031250000006 0.316650390625 0.5091145833333334 0.4541015625 0.5091145833333335
20 0.569580078125 0.45507812500000006 0.42431640625 0.455078125 0.42431640625000006 0.6126302083333334 0.569580078125 0.6126302083333335
19 0.44628906250000006 0.5384114583333334 0.297119140625 0.5384114583333334 0.29711914062500006 0.6868489583333334 0.4462890625000001 0.6868489583333334
25 0.30932617187500006 0.5120442708333334 0.19262695312500006 0.5120442708333334 0.19262695312500006 0.7086588541666666 0.3093261718750001 0.7086588541666666
23 0.4782714843750001 0.6621093750000001 0.3315429687500001 0.662109375 0.3315429687500001 0.830078125 0.4782714843750001 0.830078125
26 0.571044921875 0.6897786458333334 0.4565429687500001 0.6897786458333334 0.4565429687500001 0.8932291666666666 0.571044921875 0.8932291666666666
22 0.785400390625 0.5631510416666669 0.671630859375 0.5631510416666669 0.671630859375 0.7679036458333334 0.785400390625 0.7679036458333334
18 0.684326171875 0.5625000000000001 0.578125 0.5625000000000001 0.578125 0.7555338541666666 0.684326171875 0.7555338541666666
23 0.779296875 0.4046223958333335 0.6416015625 0.4046223958333335 0.6416015625 0.5898437500000001 0.779296875 0.5898437500000001