24 0.45947265625 0.0608723958333334 0.288330078125 0.06087239583333339 0.288330078125 0.25878906250000006 0.45947265625 0.25878906250000006
25 0.558349609375 0.2688802083333334 0.413330078125 0.2688802083333334 0.413330078125 0.43652343750000006 0.558349609375 0.43652343750000017
22 0.73876953125 0.1562500000000001 0.597412109375 0.1562500000000001 0.597412109375 0.34472656250000017 0.73876953125 0.34472656250000017
19 0.7177734375 0.2854817708333334 0.557861328125 0.2854817708333334 0.557861328125 0.47753906250000017 0.7177734375 0.47753906250000017
21 0.75634765625 0.4378255208333335 0.64208984375 0.4378255208333335 0.64208984375 0.6139322916666669 0.75634765625 0.6139322916666669
18 0.885986328125 0.5846354166666669 0.742431640625 0.5846354166666669 0.742431640625 0.765625 0.885986328125 0.765625
20 0.722412109375 0.6018880208333335 0.605224609375 0.6018880208333335 0.605224609375 0.7900390625 0.722412109375 0.7900390625
19 0.66259765625 0.6416015625000001 0.50537109375 0.6416015625000001 0.50537109375 0.8518880208333334 0.66259765625 0.8518880208333334
18 0.560791015625 0.5664062500000001 0.4150390625 0.56640625 0.41503906250000006 0.7880859375 0.560791015625 0.7880859375
23 0.43994140625000006 0.5458984375 0.27099609375 0.5458984375 0.27099609375000006 0.7438151041666666 0.4399414062500001 0.7438151041666666
25 0.49682617187500006 0.44986979166666674 0.362060546875 0.4498697916666667 0.36206054687500006 0.6350911458333334 0.4968261718750001 0.6350911458333335
19 0.655517578125 0.4801432291666668 0.491943359375 0.4801432291666668 0.49194335937500006 0.6809895833333334 0.655517578125 0.6809895833333334
20 0.674560546875 0.39160156250000017 0.515625 0.39160156250000017 0.515625 0.5699869791666669 0.674560546875 0.5699869791666669