22 0.336181640625 0.18391927083333337 0.1943359375 0.18391927083333334 0.19433593750000003 0.3876953125 0.336181640625 0.3876953125
23 0.49755859375 0.2288411458333334 0.35009765625 0.2288411458333334 0.35009765625 0.38639322916666674 0.49755859375 0.3863932291666668
18 0.63232421875 0.25358072916666674 0.480224609375 0.25358072916666674 0.480224609375 0.42089843750000017 0.63232421875 0.42089843750000017
21 0.720703125 0.2679036458333334 0.5966796875 0.2679036458333334 0.5966796875 0.4671223958333335 0.720703125 0.4671223958333335
25 0.835693359375 0.3072916666666668 0.69970703125 0.3072916666666668 0.69970703125 0.4684244791666668 0.835693359375 0.4684244791666668
20 0.85791015625 0.13899739583333345 0.693115234375 0.13899739583333345 0.693115234375 0.33691406250000017 0.85791015625 0.33691406250000017
20 0.744873046875 0.4791666666666668 0.5869140625 0.4791666666666668 0.5869140625 0.6953125 0.744873046875 0.6953125
21 0.789306640625 0.6106770833333335 0.62646484375 0.6106770833333335 0.62646484375 0.837890625 0.789306640625 0.837890625
18 0.70068359375 0.7242838541666666 0.5361328125 0.7242838541666666 0.5361328125 0.9235026041666666 0.70068359375 0.9235026041666666
24 0.623779296875 0.5429687500000001 0.4697265625 0.5429687500000001 0.46972656250000006 0.7516276041666666 0.623779296875 0.7516276041666666
18 0.49365234375000006 0.5572916666666667 0.3251953125 0.5572916666666666 0.32519531250000006 0.7861328125 0.4936523437500001 0.7861328125
25 0.5478515625 0.6796875 0.4084472656250001 0.6796875 0.4084472656250001 0.861328125 0.5478515625 0.861328125
24 0.4582519531250001 0.7522786458333334 0.2814941406250001 0.7522786458333334 0.2814941406250001 0.9886067708333334 0.4582519531250001 0.9886067708333334
25 0.356689453125 0.3841145833333333 0.19287109375000006 0.3841145833333333 0.19287109375000006 0.5358072916666666 0.356689453125 0.5358072916666666
22 0.23803710937500006 0.4720052083333333 0.05883789062500004 0.4720052083333333 0.05883789062500005 0.6751302083333334 0.23803710937500006 0.6751302083333334
24 0.838134765625 0.47460937500000017 0.7255859375 0.47460937500000017 0.7255859375 0.6549479166666669 0.838134765625 0.6549479166666669