19 0.72802734375 0.037760416666666775 0.543212890625 0.03776041666666676 0.543212890625 0.2698567708333334 0.72802734375 0.2698567708333335
24 0.853271484375 0.2480468750000001 0.6748046875 0.24804687500000008 0.6748046875 0.47558593750000017 0.853271484375 0.47558593750000017
21 0.766357421875 0.4674479166666668 0.619384765625 0.4674479166666668 0.619384765625 0.6888020833333334 0.766357421875 0.6888020833333334
18 0.73583984375 0.6588541666666669 0.56640625 0.6588541666666669 0.56640625 0.8912760416666666 0.73583984375 0.8912760416666666
21 0.58935546875 0.7444661458333334 0.4257812500000001 0.7444661458333334 0.4257812500000001 0.97265625 0.58935546875 0.97265625
24 0.648193359375 0.5439453125000001 0.507080078125 0.5439453125000001 0.507080078125 0.7721354166666666 0.648193359375 0.7721354166666666
20 0.52490234375 0.5429687500000001 0.399169921875 0.54296875 0.39916992187500006 0.7692057291666666 0.52490234375 0.7692057291666666
25 0.4167480468750001 0.6490885416666666 0.2871093750000001 0.6490885416666666 0.2871093750000001 0.8629557291666666 0.4167480468750001 0.8629557291666666
18 0.3051757812500001 0.6624348958333334 0.13354492187500006 0.6624348958333334 0.13354492187500006 0.833984375 0.3051757812500001 0.833984375
25 0.40014648437500006 0.4661458333333333 0.21044921875000006 0.4661458333333333 0.21044921875000006 0.6848958333333334 0.4001464843750001 0.6848958333333334
24 0.27075195312500006 0.3828125 0.08544921875000003 0.3828125 0.08544921875000004 0.6328125 0.2707519531250001 0.6328125
22 0.47509765625 0.31217447916666674 0.31103515625 0.31217447916666674 0.31103515625 0.5458984375000001 0.47509765625 0.5458984375000001
22 0.58740234375 0.35221354166666674 0.442626953125 0.3522135416666667 0.442626953125 0.5742187500000001 0.58740234375 0.5742187500000001
20 0.716064453125 0.34667968750000017 0.546875 0.34667968750000017 0.546875 0.5309244791666669 0.716064453125 0.5309244791666669
23 0.642333984375 0.19238281250000008 0.460693359375 0.19238281250000008 0.460693359375 0.3580729166666668 0.642333984375 0.3580729166666668