19 0.3916015625 0.07649739583333338 0.271728515625 0.07649739583333337 0.271728515625 0.23730468750000008 0.3916015625 0.23730468750000008
24 0.4365234375 0.2347005208333334 0.303466796875 0.2347005208333334 0.303466796875 0.3665364583333333 0.4365234375 0.3665364583333333
20 0.53076171875 0.12207031250000007 0.411865234375 0.12207031250000007 0.411865234375 0.28710937500000006 0.53076171875 0.28710937500000006
26 0.64404296875 0.24121093750000008 0.52978515625 0.24121093750000008 0.52978515625 0.39257812500000017 0.64404296875 0.39257812500000017
18 0.564208984375 0.3225911458333334 0.458984375 0.3225911458333334 0.458984375 0.4781901041666668 0.564208984375 0.4781901041666668
22 0.957275390625 0.3639322916666668 0.8251953125 0.3639322916666668 0.8251953125 0.4837239583333335 0.957275390625 0.4837239583333335
18 0.857177734375 0.7024739583333334 0.733154296875 0.7024739583333334 0.733154296875 0.8688151041666666 0.857177734375 0.8688151041666666
25 0.7529296875 0.3606770833333335 0.633056640625 0.3606770833333335 0.633056640625 0.5000000000000001 0.7529296875 0.5000000000000001
24 0.69189453125 0.4430338541666668 0.572021484375 0.4430338541666668 0.572021484375 0.5986328125000001 0.69189453125 0.5986328125000001
23 0.6416015625 0.5224609375000001 0.528076171875 0.5224609375000001 0.528076171875 0.6800130208333334 0.6416015625 0.6800130208333334
22 0.58203125 0.6429036458333335 0.4711914062500001 0.6429036458333335 0.4711914062500001 0.7994791666666666 0.58203125 0.7994791666666666
18 0.4763183593750001 0.7145182291666666 0.3889160156250001 0.7145182291666666 0.3889160156250001 0.8655598958333334 0.4763183593750001 0.8655598958333334
23 0.3859863281250001 0.7447916666666666 0.2629394531250001 0.7447916666666666 0.2629394531250001 0.8665364583333334 0.3859863281250001 0.8665364583333334
25 0.40063476562500006 0.5810546875 0.3125 0.5810546875 0.31250000000000006 0.7428385416666666 0.4006347656250001 0.7428385416666666
25 0.40380859375 0.4518229166666667 0.271728515625 0.4518229166666667 0.271728515625 0.5833333333333334 0.40380859375 0.5833333333333334
24 0.517822265625 0.5016276041666667 0.406982421875 0.5016276041666666 0.40698242187500006 0.6614583333333334 0.517822265625 0.6614583333333335