26 0.5309244791666666 0.12207031250000004 0.3424479166666667 0.12207031250000003 0.3424479166666667 0.23266601562500006 0.5309244791666666 0.23266601562500006
26 0.7008463541666666 0.10180664062500006 0.5179036458333334 0.10180664062500006 0.5179036458333334 0.20703125000000006 0.7008463541666666 0.20703125000000006
26 0.8876953125 0.11035156250000007 0.693359375 0.11035156250000006 0.693359375 0.21142578125000006 0.8876953125 0.21142578125000006
25 0.5182291666666666 0.22070312500000006 0.3323567708333333 0.22070312500000006 0.33235677083333337 0.32421875 0.5182291666666666 0.32421875
25 0.69921875 0.20483398437500006 0.5107421875 0.20483398437500006 0.5107421875 0.29736328125000006 0.69921875 0.2973632812500001
25 0.8639322916666666 0.20629882812500006 0.6809895833333334 0.20629882812500006 0.6809895833333334 0.3041992187500001 0.8639322916666666 0.3041992187500001
24 0.515625 0.311767578125 0.33105468750000006 0.311767578125 0.33105468750000006 0.412841796875 0.515625 0.412841796875
24 0.6881510416666666 0.29272460937500006 0.5139973958333334 0.292724609375 0.5139973958333334 0.39013671875000006 0.6881510416666666 0.3901367187500001
24 0.8502604166666666 0.2988281250000001 0.6787109375 0.2988281250000001 0.6787109375 0.3967285156250001 0.8502604166666666 0.3967285156250001
23 0.5097656250000001 0.401123046875 0.3255208333333334 0.401123046875 0.3255208333333334 0.498046875 0.5097656250000001 0.498046875
23 0.6774088541666666 0.38574218750000006 0.5146484375 0.3857421875 0.5146484375000001 0.47631835937500006 0.6774088541666666 0.4763183593750001
23 0.8460286458333334 0.3889160156250001 0.6689453125 0.3889160156250001 0.6689453125 0.4812011718750001 0.8460286458333334 0.4812011718750001
22 0.5042317708333335 0.49560546875 0.3098958333333334 0.49560546875 0.3098958333333334 0.588134765625 0.5042317708333335 0.588134765625
22 0.6780598958333334 0.46557617187500006 0.5061848958333335 0.465576171875 0.5061848958333335 0.56982421875 0.6780598958333334 0.56982421875
22 0.8450520833333334 0.4714355468750001 0.6692708333333334 0.4714355468750001 0.6692708333333334 0.57470703125 0.8450520833333334 0.57470703125
21 0.49804687500000017 0.578125 0.30533854166666674 0.578125 0.30533854166666674 0.66845703125 0.49804687500000017 0.66845703125
21 0.66796875 0.55712890625 0.4954427083333335 0.55712890625 0.4954427083333335 0.647705078125 0.66796875 0.647705078125
21 0.8196614583333334 0.56201171875 0.6582031250000001 0.56201171875 0.6582031250000001 0.65478515625 0.8196614583333334 0.65478515625
20 0.4899088541666668 0.670654296875 0.32128906250000006 0.670654296875 0.3212890625000001 0.755859375 0.4899088541666668 0.755859375
20 0.6598307291666669 0.63671875 0.48828125000000017 0.63671875 0.48828125000000017 0.73583984375 0.6598307291666669 0.73583984375
20 0.822265625 0.64794921875 0.6448567708333335 0.64794921875 0.6448567708333335 0.746826171875 0.822265625 0.746826171875
19 0.4928385416666668 0.75146484375 0.3098958333333335 0.75146484375 0.3098958333333335 0.844970703125 0.4928385416666668 0.844970703125
19 0.6474609375000001 0.727783203125 0.47753906250000017 0.727783203125 0.47753906250000017 0.818115234375 0.6474609375000001 0.818115234375
19 0.8108723958333334 0.734130859375 0.6389973958333335 0.734130859375 0.6389973958333335 0.826416015625 0.8108723958333334 0.826416015625
18 0.5045572916666669 0.8193359375 0.3304036458333335 0.8193359375 0.3304036458333335 0.92578125 0.5045572916666669 0.92578125
18 0.6598307291666669 0.81494140625 0.4954427083333335 0.81494140625 0.4954427083333335 0.91650390625 0.6598307291666669 0.91650390625
18 0.8203125000000001 0.81396484375 0.6536458333333335 0.81396484375 0.6536458333333335 0.9189453125 0.8203125000000003 0.9189453125