24 0.575439453125 0.06738281250000008 0.427001953125 0.06738281250000007 0.427001953125 0.29101562500000006 0.575439453125 0.29101562500000006
21 0.686767578125 0.0712890625000001 0.53662109375 0.0712890625000001 0.53662109375 0.2734375000000001 0.686767578125 0.27343750000000017
21 0.813720703125 0.17643229166666677 0.65966796875 0.17643229166666674 0.65966796875 0.3483072916666668 0.813720703125 0.3483072916666668
22 0.810302734375 0.3190104166666668 0.6708984375 0.31901041666666674 0.6708984375 0.4596354166666668 0.810302734375 0.4596354166666668
25 0.769775390625 0.4469401041666668 0.6796875 0.4469401041666668 0.6796875 0.6145833333333335 0.769775390625 0.6145833333333335
23 0.668701171875 0.2561848958333334 0.531494140625 0.2561848958333334 0.531494140625 0.3873697916666668 0.668701171875 0.3873697916666668
18 0.6923828125 0.37792968750000017 0.552734375 0.37792968750000017 0.552734375 0.5065104166666669 0.6923828125 0.5065104166666669
26 0.68798828125 0.4856770833333335 0.555419921875 0.4856770833333335 0.555419921875 0.6184895833333335 0.68798828125 0.6184895833333335
26 0.7412109375 0.6054687500000001 0.619384765625 0.6054687500000001 0.619384765625 0.7301432291666666 0.7412109375 0.7301432291666666
26 0.574462890625 0.4069010416666668 0.474853515625 0.4069010416666668 0.474853515625 0.5813802083333335 0.574462890625 0.5813802083333335
23 0.62548828125 0.5999348958333335 0.49267578125 0.5999348958333335 0.49267578125000006 0.7350260416666666 0.62548828125 0.7350260416666666
18 0.710205078125 0.71875 0.60400390625 0.71875 0.60400390625 0.8938802083333334 0.710205078125 0.8938802083333334
21 0.529296875 0.2718098958333334 0.3759765625 0.2718098958333334 0.3759765625 0.4729817708333334 0.529296875 0.4729817708333335
19 0.49047851562500006 0.4329427083333334 0.33203125 0.4329427083333333 0.33203125000000006 0.6064453125000001 0.4904785156250001 0.6064453125000001
20 0.398193359375 0.27115885416666674 0.251220703125 0.27115885416666674 0.251220703125 0.4892578125 0.398193359375 0.4892578125
24 0.42138671875000006 0.5485026041666666 0.2998046875 0.5485026041666666 0.29980468750000006 0.7513020833333334 0.4213867187500001 0.7513020833333334
18 0.49658203125000006 0.5908203125000001 0.406982421875 0.5908203125 0.40698242187500006 0.7679036458333334 0.4965820312500001 0.7679036458333334
24 0.625732421875 0.7210286458333334 0.4926757812500001 0.7210286458333334 0.4926757812500001 0.8528645833333334 0.625732421875 0.8528645833333334
22 0.4953613281250001 0.765625 0.3681640625000001 0.765625 0.3681640625000001 0.9768880208333334 0.4953613281250001 0.9768880208333334
22 0.4035644531250001 0.7311197916666666 0.24926757812500006 0.7311197916666666 0.24926757812500008 0.9456380208333334 0.4035644531250001 0.9456380208333334
25 0.30761718750000006 0.5615234375 0.20068359375000006 0.5615234375 0.20068359375000006 0.7493489583333334 0.3076171875000001 0.7493489583333334