22 0.307373046875 0.24414062500000003 0.1416015625 0.244140625 0.14160156250000003 0.4342447916666667 0.307373046875 0.4342447916666667
25 0.34716796875 0.3798828125 0.22241210937500006 0.3798828125 0.22241210937500006 0.5540364583333334 0.34716796875 0.5540364583333334
24 0.23339843750000006 0.423828125 0.08959960937500003 0.423828125 0.08959960937500004 0.6331380208333334 0.23339843750000006 0.6331380208333334
18 0.3151855468750001 0.6155598958333334 0.17578125000000006 0.6155598958333334 0.17578125000000006 0.7864583333333334 0.3151855468750001 0.7864583333333334
21 0.4184570312500001 0.6787109375 0.3034667968750001 0.6787109375 0.3034667968750001 0.8678385416666666 0.4184570312500001 0.8678385416666666
25 0.42944335937500006 0.5221354166666666 0.2744140625 0.5221354166666666 0.27441406250000006 0.7001953125 0.4294433593750001 0.7001953125
19 0.533203125 0.16959635416666674 0.3828125 0.16959635416666674 0.3828125 0.38248697916666674 0.533203125 0.3824869791666668
26 0.59765625 0.49707031250000017 0.458984375 0.49707031250000017 0.45898437500000006 0.6432291666666669 0.59765625 0.6432291666666669
20 0.670654296875 0.24772135416666674 0.5185546875 0.24772135416666674 0.5185546875 0.4586588541666668 0.670654296875 0.4586588541666668
19 0.72607421875 0.37695312500000017 0.6201171875 0.37695312500000017 0.6201171875 0.5423177083333335 0.72607421875 0.5423177083333335
26 0.81494140625 0.4313151041666668 0.691650390625 0.4313151041666668 0.691650390625 0.6116536458333335 0.81494140625 0.6116536458333335
26 0.86279296875 0.15266927083333345 0.7431640625 0.15266927083333345 0.7431640625 0.3395182291666668 0.86279296875 0.3395182291666668
25 0.88720703125 0.32617187500000017 0.74951171875 0.32617187500000017 0.74951171875 0.4583333333333335 0.88720703125 0.4583333333333335
20 0.95703125 0.15201822916666682 0.817138671875 0.15201822916666682 0.817138671875 0.3694661458333335 0.95703125 0.3694661458333335
22 0.87548828125 0.4944661458333335 0.719970703125 0.4944661458333335 0.719970703125 0.6940104166666666 0.87548828125 0.6940104166666666
24 0.94775390625 0.5777994791666669 0.806640625 0.5777994791666669 0.806640625 0.7666015625000001 0.94775390625 0.7666015625000003
21 0.79931640625 0.7880859375 0.698974609375 0.7880859375 0.698974609375 0.9674479166666666 0.79931640625 0.9674479166666666
22 0.666015625 0.11490885416666675 0.514404296875 0.11490885416666674 0.514404296875 0.2796223958333334 0.666015625 0.2796223958333334
24 0.6083984375 0.8544921875 0.4645996093750001 0.8544921875 0.4645996093750001 0.9996744791666666 0.6083984375 0.9996744791666666
24 0.551025390625 0.8896484375 0.543701171875 0.8896484375 0.543701171875 0.8971354166666666 0.551025390625 0.8971354166666666
23 0.5830078125 0.3323567708333334 0.454833984375 0.3323567708333334 0.454833984375 0.5019531250000001 0.5830078125 0.5019531250000001
20 0.774658203125 0.6565755208333335 0.62841796875 0.6565755208333335 0.62841796875 0.8479817708333334 0.774658203125 0.8479817708333334
18 0.472412109375 0.34830729166666674 0.33056640625 0.3483072916666667 0.33056640625 0.5016276041666667 0.472412109375 0.5016276041666669