24 0.35498046875 0.23795572916666674 0.245849609375 0.23795572916666674 0.24584960937500003 0.4173177083333333 0.35498046875 0.4173177083333333
22 0.470703125 0.27506510416666674 0.360595703125 0.27506510416666674 0.360595703125 0.41308593750000006 0.470703125 0.41308593750000017
20 0.54296875 0.40527343750000006 0.447509765625 0.4052734375 0.447509765625 0.5475260416666667 0.54296875 0.5475260416666669
21 0.65380859375 0.40625000000000017 0.553466796875 0.40625000000000017 0.553466796875 0.5302734375000001 0.65380859375 0.5302734375000001
19 0.67578125 0.09147135416666678 0.576904296875 0.09147135416666678 0.576904296875 0.2405598958333334 0.67578125 0.2405598958333334
26 0.766845703125 0.09277343750000011 0.668212890625 0.09277343750000011 0.668212890625 0.2558593750000001 0.766845703125 0.25585937500000017
21 0.781494140625 0.33886718750000017 0.652587890625 0.33886718750000017 0.652587890625 0.4544270833333335 0.781494140625 0.4544270833333335
22 0.920654296875 0.2867838541666668 0.790283203125 0.2867838541666668 0.790283203125 0.39257812500000017 0.920654296875 0.39257812500000017
20 0.7294921875 0.49316406250000017 0.6396484375 0.49316406250000017 0.6396484375 0.6311848958333335 0.7294921875 0.6311848958333335
20 0.75634765625 0.5908203125000001 0.697509765625 0.5908203125000001 0.697509765625 0.7288411458333334 0.75634765625 0.7288411458333334
18 0.8359375 0.6341145833333335 0.757568359375 0.6341145833333335 0.757568359375 0.78515625 0.8359375 0.78515625
22 0.66015625 0.6982421875 0.545166015625 0.6982421875 0.545166015625 0.8134765625 0.66015625 0.8134765625
23 0.6259765625 0.5462239583333335 0.537109375 0.5462239583333335 0.537109375 0.6930338541666666 0.6259765625 0.6930338541666666
19 0.5478515625 0.5537109375000001 0.448486328125 0.5537109375 0.44848632812500006 0.6940104166666666 0.5478515625 0.6940104166666666
25 0.4829101562500001 0.6210937500000001 0.3686523437500001 0.62109375 0.3686523437500001 0.7711588541666666 0.4829101562500001 0.7711588541666666
18 0.4299316406250001 0.7252604166666666 0.3229980468750001 0.7252604166666666 0.3229980468750001 0.892578125 0.4299316406250001 0.892578125
23 0.3249511718750001 0.7057291666666666 0.22290039062500006 0.7057291666666666 0.22290039062500006 0.8893229166666666 0.3249511718750001 0.8893229166666666
25 0.4365234375 0.4615885416666667 0.308349609375 0.4615885416666667 0.308349609375 0.5846354166666666 0.4365234375 0.5846354166666666