18 0.87158203125 0.6223958333333335 0.72802734375 0.6223958333333335 0.72802734375 0.79296875 0.87158203125 0.79296875
21 0.736328125 0.4036458333333335 0.61328125 0.4036458333333335 0.61328125 0.5849609375000001 0.736328125 0.5849609375000001
22 0.648681640625 0.693359375 0.552001953125 0.693359375 0.552001953125 0.8623046875 0.648681640625 0.8623046875
18 0.559814453125 0.6845703125 0.4460449218750001 0.6845703125 0.4460449218750001 0.8701171875 0.559814453125 0.8701171875
26 0.4755859375000001 0.6927083333333334 0.3632812500000001 0.6927083333333334 0.3632812500000001 0.8746744791666666 0.4755859375000001 0.8746744791666666
23 0.3762207031250001 0.75 0.24633789062500006 0.75 0.24633789062500006 0.890625 0.3762207031250001 0.890625
25 0.33862304687500006 0.5833333333333334 0.18823242187500006 0.5833333333333334 0.18823242187500006 0.7565104166666666 0.3386230468750001 0.7565104166666666
19 0.40844726562500006 0.4733072916666667 0.25927734375 0.4733072916666667 0.25927734375000006 0.654296875 0.4084472656250001 0.654296875
19 0.510986328125 0.5335286458333334 0.37451171875 0.5335286458333334 0.37451171875000006 0.7177734375 0.510986328125 0.7177734375
20 0.5869140625 0.46158854166666674 0.45166015625 0.4615885416666667 0.45166015625000006 0.6354166666666667 0.5869140625 0.6354166666666669
21 0.62939453125 0.3636067708333335 0.481689453125 0.3636067708333335 0.481689453125 0.5550130208333335 0.62939453125 0.5550130208333335
22 0.64794921875 0.24902343750000008 0.501220703125 0.24902343750000008 0.501220703125 0.4378255208333335 0.64794921875 0.4378255208333335
20 0.520263671875 0.22363281250000008 0.371826171875 0.22363281250000008 0.371826171875 0.3753255208333334 0.520263671875 0.3753255208333335
22 0.41845703125 0.3089192708333334 0.28369140625 0.3089192708333334 0.28369140625 0.4964192708333333 0.41845703125 0.4964192708333333
25 0.282958984375 0.4261067708333333 0.13330078125000006 0.4261067708333333 0.13330078125000006 0.6018880208333334 0.282958984375 0.6018880208333334
20 0.29931640625 0.3102213541666667 0.15185546875000006 0.3102213541666667 0.15185546875000006 0.5006510416666666 0.29931640625 0.5006510416666666
23 0.35302734375 0.18001302083333337 0.211669921875 0.18001302083333334 0.21166992187500003 0.390625 0.35302734375 0.390625
24 0.294189453125 0.057617187500000035 0.14013671875 0.05761718750000002 0.14013671875 0.27734375000000006 0.294189453125 0.27734375000000006