21 0.320068359375 0.13606770833333337 0.1708984375 0.13606770833333337 0.1708984375 0.27083333333333337 0.320068359375 0.2708333333333334
19 0.4111328125 0.24023437500000008 0.277587890625 0.24023437500000008 0.277587890625 0.3642578125 0.4111328125 0.3642578125
19 0.559326171875 0.12955729166666674 0.427978515625 0.12955729166666674 0.427978515625 0.2591145833333334 0.559326171875 0.2591145833333334
20 0.71728515625 0.009114583333333441 0.607177734375 0.009114583333333433 0.607177734375 0.17220052083333345 0.71728515625 0.17220052083333348
25 0.7529296875 0.1328125000000001 0.650146484375 0.1328125000000001 0.650146484375 0.2926432291666668 0.7529296875 0.2926432291666668
24 0.866943359375 0.13606770833333345 0.750244140625 0.13606770833333345 0.750244140625 0.28613281250000017 0.866943359375 0.28613281250000017
20 0.80029296875 0.23925781250000014 0.712890625 0.23925781250000014 0.712890625 0.4108072916666668 0.80029296875 0.4108072916666668
21 0.8701171875 0.45605468750000017 0.7470703125 0.45605468750000017 0.7470703125 0.5953776041666669 0.8701171875 0.5953776041666669
21 0.776611328125 0.3942057291666668 0.653564453125 0.3942057291666668 0.653564453125 0.5032552083333335 0.776611328125 0.5032552083333335
20 0.71142578125 0.2965494791666668 0.5810546875 0.29654947916666674 0.5810546875 0.4153645833333335 0.71142578125 0.4153645833333335
26 0.67822265625 0.41503906250000017 0.5712890625 0.41503906250000017 0.5712890625 0.5553385416666669 0.67822265625 0.5553385416666669
18 0.71240234375 0.5472005208333335 0.596435546875 0.5472005208333335 0.596435546875 0.6582031250000001 0.71240234375 0.6582031250000001
24 0.735107421875 0.6513671875000001 0.615234375 0.6513671875000001 0.615234375 0.7623697916666666 0.735107421875 0.7623697916666666
18 0.835205078125 0.6276041666666669 0.72021484375 0.6276041666666669 0.72021484375 0.75390625 0.835205078125 0.75390625
23 0.515380859375 0.25553385416666674 0.404541015625 0.25553385416666674 0.404541015625 0.40006510416666674 0.515380859375 0.4000651041666668
26 0.593505859375 0.3313802083333334 0.48095703125 0.3313802083333334 0.48095703125 0.47265625000000017 0.593505859375 0.47265625000000017
26 0.59423828125 0.4690755208333335 0.463134765625 0.4690755208333335 0.463134765625 0.5865885416666669 0.59423828125 0.5865885416666669
23 0.59912109375 0.5843098958333335 0.472900390625 0.5843098958333335 0.47290039062500006 0.6930338541666666 0.59912109375 0.6930338541666666
18 0.57568359375 0.6806640625 0.4443359375000001 0.6806640625 0.4443359375000001 0.7972005208333334 0.57568359375 0.7972005208333334
25 0.578857421875 0.796875 0.4450683593750001 0.796875 0.4450683593750001 0.9078776041666666 0.578857421875 0.9078776041666666
24 0.596923828125 0.8955078125 0.4631347656250001 0.8955078125 0.4631347656250001 0.9996744791666666 0.596923828125 0.9996744791666666
22 0.47070312500000006 0.47460937500000006 0.34423828125 0.474609375 0.34423828125000006 0.6083984375000001 0.4707031250000001 0.6083984375000001
23 0.431640625 0.3421223958333333 0.298583984375 0.3421223958333333 0.298583984375 0.482421875 0.431640625 0.482421875
25 0.34765625 0.4736328125 0.21166992187500006 0.4736328125 0.21166992187500006 0.5986328125 0.34765625 0.5986328125
22 0.24609375000000006 0.5582682291666666 0.12207031250000006 0.5582682291666666 0.12207031250000006 0.7418619791666666 0.24609375000000006 0.7418619791666666
22 0.307861328125 0.31738281250000006 0.19702148437500006 0.3173828125 0.19702148437500006 0.4781901041666667 0.307861328125 0.4781901041666667
19 0.647216796875 0.13704427083333343 0.554931640625 0.1370442708333334 0.554931640625 0.30566406250000006 0.647216796875 0.30566406250000006