23 0.3801269531250001 0.716796875 0.24145507812500006 0.716796875 0.24145507812500006 0.8763020833333334 0.3801269531250001 0.8763020833333334
18 0.4760742187500001 0.6542968750000001 0.3842773437500001 0.654296875 0.3842773437500001 0.8258463541666666 0.4760742187500001 0.8258463541666666
22 0.58251953125 0.5843098958333335 0.48095703125 0.5843098958333335 0.48095703125000006 0.7555338541666666 0.58251953125 0.7555338541666666
25 0.390869140625 0.4514973958333333 0.2548828125 0.4514973958333333 0.2548828125 0.6005859375 0.390869140625 0.6005859375
24 0.447509765625 0.30468750000000006 0.30419921875 0.30468750000000006 0.30419921875 0.4847005208333333 0.447509765625 0.4847005208333333
19 0.341796875 0.1448567708333334 0.197021484375 0.14485677083333337 0.19702148437500003 0.3411458333333333 0.341796875 0.3411458333333333
18 0.873046875 0.6689453125 0.7353515625 0.6689453125 0.7353515625 0.8483072916666666 0.873046875 0.8483072916666666
22 0.958251953125 0.33496093750000017 0.834716796875 0.33496093750000017 0.834716796875 0.4410807291666668 0.958251953125 0.4410807291666668
19 0.66796875 0.2112630208333334 0.534912109375 0.2112630208333334 0.534912109375 0.38964843750000017 0.66796875 0.38964843750000017
26 0.7421875 0.1708984375000001 0.6201171875 0.17089843750000008 0.6201171875 0.3538411458333335 0.7421875 0.3538411458333335
21 0.77099609375 0.34667968750000017 0.658935546875 0.34667968750000017 0.658935546875 0.5182291666666669 0.77099609375 0.5182291666666669
20 0.753662109375 0.5179036458333335 0.634033203125 0.5179036458333335 0.634033203125 0.6292317708333335 0.753662109375 0.6292317708333335
25 0.39916992187500006 0.5891927083333334 0.286376953125 0.5891927083333334 0.28637695312500006 0.7620442708333334 0.3991699218750001 0.7620442708333334
19 0.56005859375 0.37207031250000006 0.431396484375 0.3720703125 0.431396484375 0.5527343750000001 0.56005859375 0.5527343750000001
20 0.643310546875 0.3424479166666668 0.510009765625 0.3424479166666668 0.510009765625 0.5237630208333335 0.643310546875 0.5237630208333335