18 0.884033203125 0.5550130208333335 0.7490234375 0.5550130208333335 0.7490234375 0.7213541666666666 0.884033203125 0.7213541666666666
22 0.678466796875 0.6507161458333335 0.58203125 0.6507161458333335 0.58203125 0.8095703125 0.678466796875 0.8095703125
18 0.589599609375 0.6542968750000001 0.4882812500000001 0.6542968750000001 0.4882812500000001 0.8264973958333334 0.589599609375 0.8264973958333334
26 0.50439453125 0.6888020833333334 0.3972167968750001 0.6888020833333334 0.3972167968750001 0.8626302083333334 0.50439453125 0.8626302083333334
23 0.4243164062500001 0.732421875 0.2951660156250001 0.732421875 0.2951660156250001 0.8619791666666666 0.4243164062500001 0.8619791666666666
20 0.53662109375 0.5091145833333334 0.412353515625 0.5091145833333334 0.41235351562500006 0.6888020833333334 0.53662109375 0.6888020833333334
19 0.46630859375000006 0.5686848958333334 0.330322265625 0.5686848958333334 0.33032226562500006 0.7509765625 0.4663085937500001 0.7509765625
25 0.34326171875000006 0.5865885416666666 0.22558593750000006 0.5865885416666666 0.22558593750000006 0.7649739583333334 0.3432617187500001 0.7649739583333334
19 0.42114257812500006 0.4420572916666667 0.29296875 0.4420572916666667 0.29296875000000006 0.6246744791666666 0.4211425781250001 0.6246744791666666
25 0.31201171875 0.41796875 0.16918945312500006 0.41796875 0.16918945312500006 0.5794270833333334 0.31201171875 0.5794270833333334
20 0.326904296875 0.3004557291666667 0.1806640625 0.3004557291666667 0.18066406250000003 0.4752604166666667 0.326904296875 0.4752604166666667
24 0.419677734375 0.22265625000000008 0.3134765625 0.22265625000000008 0.3134765625 0.3974609375 0.419677734375 0.3974609375
18 0.603515625 0.19498697916666674 0.47265625 0.19498697916666674 0.47265625 0.38281250000000017 0.603515625 0.38281250000000017
26 0.675537109375 0.2454427083333334 0.548828125 0.2454427083333334 0.548828125 0.42382812500000017 0.675537109375 0.42382812500000017
24 0.753662109375 0.3229166666666668 0.631103515625 0.32291666666666674 0.631103515625 0.5055338541666669 0.753662109375 0.5055338541666669
24 0.562255859375 0.38834635416666674 0.443359375 0.3883463541666667 0.443359375 0.5768229166666667 0.562255859375 0.5768229166666669
23 0.671875 0.41015625000000017 0.543701171875 0.41015625000000017 0.543701171875 0.5924479166666669 0.671875 0.5924479166666669
21 0.76025390625 0.4820963541666668 0.6328125 0.4820963541666668 0.6328125 0.6464843750000001 0.76025390625 0.6464843750000001