24 0.71728515625 0.6396484375000001 0.608642578125 0.6396484375000001 0.608642578125 0.8483072916666666 0.71728515625 0.8483072916666666
20 0.86181640625 0.6497395833333335 0.7021484375 0.6497395833333335 0.7021484375 0.8167317708333334 0.86181640625 0.8167317708333334
20 0.955078125 0.16015625000000014 0.80078125 0.16015625000000014 0.80078125 0.3795572916666668 0.955078125 0.3795572916666668
25 0.966552734375 0.3502604166666668 0.80517578125 0.3502604166666668 0.80517578125 0.5465494791666669 0.966552734375 0.5465494791666669
24 0.95947265625 0.5139973958333335 0.80322265625 0.5139973958333335 0.80322265625 0.7272135416666669 0.95947265625 0.727213541666667
21 0.8251953125 0.48925781250000017 0.6923828125 0.48925781250000017 0.6923828125 0.6969401041666666 0.8251953125 0.6969401041666666
21 0.863037109375 0.7724609375 0.697265625 0.7724609375 0.697265625 0.9404296875 0.863037109375 0.9404296875
18 0.763916015625 0.8274739583333334 0.5869140625 0.8274739583333334 0.5869140625 1 0.763916015625 1
25 0.5517578125 0.5292968750000001 0.431884765625 0.529296875 0.43188476562500006 0.7464192708333334 0.5517578125 0.7464192708333334
18 0.677734375 0.4495442708333335 0.539794921875 0.4495442708333335 0.539794921875 0.66796875 0.677734375 0.66796875
26 0.687744140625 0.3037109375000001 0.521728515625 0.30371093750000006 0.521728515625 0.48242187500000017 0.687744140625 0.48242187500000017
26 0.717041015625 0.13932291666666677 0.5654296875 0.13932291666666674 0.5654296875 0.3102213541666668 0.717041015625 0.3102213541666668
22 0.827392578125 0.3597005208333335 0.662109375 0.3597005208333335 0.662109375 0.5179036458333335 0.827392578125 0.5179036458333335
26 0.82080078125 0.17415364583333348 0.68798828125 0.17415364583333348 0.68798828125 0.3961588541666668 0.82080078125 0.3961588541666668
23 0.59521484375 0.14160156250000008 0.4560546875 0.14160156250000008 0.4560546875 0.3548177083333335 0.59521484375 0.3548177083333335
18 0.563720703125 0.34179687500000006 0.41748046875 0.341796875 0.41748046875 0.5647786458333334 0.563720703125 0.5647786458333335
24 0.36254882812500006 0.5380859375 0.18969726562500006 0.5380859375 0.18969726562500006 0.7822265625 0.3625488281250001 0.7822265625
22 0.21289062500000003 0.1826171875 0.016113281250000014 0.1826171875 0.016113281250000024 0.38671875 0.21289062500000006 0.38671875
22 0.321044921875 0.1110026041666667 0.192138671875 0.1110026041666667 0.19213867187500003 0.3444010416666667 0.321044921875 0.3444010416666667
19 0.483154296875 0.08626302083333338 0.322998046875 0.08626302083333337 0.322998046875 0.34049479166666674 0.483154296875 0.3404947916666668
25 0.44116210937500006 0.3802083333333333 0.28173828125 0.3802083333333333 0.28173828125000006 0.61328125 0.4411621093750001 0.61328125