25 0.23779296875000003 0.19335937500000003 0.11889648437500003 0.193359375 0.11889648437500003 0.3727213541666667 0.23779296875000006 0.3727213541666667
20 0.453857421875 0.12369791666666673 0.3115234375 0.1236979166666667 0.3115234375 0.3255208333333334 0.453857421875 0.3255208333333334
22 0.57666015625 0.2727864583333334 0.4189453125 0.2727864583333334 0.4189453125 0.4573567708333334 0.57666015625 0.4573567708333335
20 0.366455078125 0.3336588541666667 0.22460937500000006 0.3336588541666667 0.22460937500000006 0.4856770833333333 0.366455078125 0.4856770833333333
19 0.483154296875 0.34537760416666674 0.3486328125 0.3453776041666667 0.3486328125 0.5501302083333334 0.483154296875 0.5501302083333335
26 0.42626953125000006 0.4456380208333333 0.294677734375 0.4456380208333333 0.29467773437500006 0.6435546875 0.4262695312500001 0.6435546875
25 0.5478515625 0.47558593750000006 0.401611328125 0.4755859375 0.40161132812500006 0.6559244791666667 0.5478515625 0.6559244791666669
18 0.64404296875 0.3470052083333335 0.482177734375 0.3470052083333335 0.482177734375 0.5579427083333335 0.64404296875 0.5579427083333335
24 0.7177734375 0.4505208333333335 0.571044921875 0.4505208333333335 0.571044921875 0.6357421875000001 0.7177734375 0.6357421875000001
22 0.810791015625 0.3802083333333335 0.72021484375 0.3802083333333335 0.72021484375 0.5595703125000001 0.810791015625 0.5595703125000001
23 0.77734375 0.5908203125000001 0.659912109375 0.5908203125000001 0.659912109375 0.7395833333333334 0.77734375 0.7395833333333334
21 0.86328125 0.5904947916666669 0.7490234375 0.5904947916666669 0.7490234375 0.7734375 0.86328125 0.7734375
24 0.92529296875 0.4293619791666668 0.773681640625 0.4293619791666668 0.773681640625 0.6302083333333335 0.92529296875 0.6302083333333335
18 0.982421875 0.5319010416666669 0.83251953125 0.5319010416666669 0.83251953125 0.7415364583333335 0.982421875 0.7415364583333336
22 0.77734375 0.7080078125 0.655517578125 0.7080078125 0.655517578125 0.892578125 0.77734375 0.892578125
18 0.67578125 0.6728515625 0.56884765625 0.6728515625 0.56884765625 0.8479817708333334 0.67578125 0.8479817708333334
20 0.554443359375 0.6604817708333334 0.4313964843750001 0.6604817708333334 0.4313964843750001 0.83203125 0.554443359375 0.83203125
26 0.556884765625 0.8131510416666666 0.4494628906250001 0.8131510416666666 0.4494628906250001 0.986328125 0.556884765625 0.986328125
23 0.4536132812500001 0.7620442708333334 0.3347167968750001 0.7620442708333334 0.3347167968750001 0.896484375 0.4536132812500001 0.896484375
19 0.4372558593750001 0.6396484375 0.3044433593750001 0.6396484375 0.3044433593750001 0.7679036458333334 0.4372558593750001 0.7679036458333334
25 0.31811523437500006 0.5953776041666666 0.19628906250000006 0.5953776041666666 0.19628906250000006 0.791015625 0.3181152343750001 0.791015625
20 0.493896484375 7.189617520384933e-17 0.38671875 6.31458505810354e-17 0.38671875 0.10579427083333341 0.493896484375 0.10579427083333341
21 0.709228515625 1.0588092117628158e-16 0.587646484375 9.595458481600518e-17 0.587646484375 0.1308593750000001 0.709228515625 0.1308593750000001
26 0.639892578125 0.5406901041666669 0.490966796875 0.5406901041666669 0.49096679687500006 0.7330729166666666 0.639892578125 0.7330729166666666