23 0.50390625 0.1956380208333334 0.36376953125 0.1956380208333334 0.36376953125 0.33496093750000006 0.50390625 0.33496093750000017
19 0.578369140625 8.401507582041169e-17 0.45068359375 7.359042940188848e-17 0.45068359375 0.20898437500000008 0.578369140625 0.20898437500000008
20 0.67333984375 0.0810546875000001 0.538330078125 0.0810546875000001 0.538330078125 0.28320312500000006 0.67333984375 0.28320312500000006
20 0.653564453125 0.27343750000000006 0.49658203125 0.27343750000000006 0.49658203125 0.44921875000000017 0.653564453125 0.44921875000000017
24 0.7109375 0.46289062500000017 0.5693359375 0.46289062500000017 0.5693359375 0.6158854166666669 0.7109375 0.6158854166666669
21 0.594482421875 0.5325520833333335 0.461181640625 0.5325520833333335 0.46118164062500006 0.6858723958333334 0.594482421875 0.6858723958333334
18 0.66552734375 0.8255208333333334 0.53076171875 0.8255208333333334 0.53076171875 1 0.66552734375 1
24 0.6005859375 0.7389322916666666 0.4526367187500001 0.7389322916666666 0.4526367187500001 0.9456380208333334 0.6005859375 0.9456380208333334
21 0.4753417968750001 0.69140625 0.3566894531250001 0.69140625 0.3566894531250001 0.8942057291666666 0.4753417968750001 0.8942057291666666
25 0.39160156250000006 0.5380859375 0.281494140625 0.5380859375 0.28149414062500006 0.7307942708333334 0.3916015625000001 0.7307942708333334
20 0.48486328125000006 0.5159505208333334 0.367919921875 0.5159505208333334 0.36791992187500006 0.7102864583333334 0.4848632812500001 0.7102864583333334
18 0.29296875000000006 0.5013020833333334 0.12817382812500006 0.5013020833333334 0.12817382812500006 0.7242838541666666 0.2929687500000001 0.7242838541666666
25 0.342041015625 0.3694661458333333 0.19799804687500006 0.3694661458333333 0.19799804687500006 0.5846354166666666 0.342041015625 0.5846354166666666
24 0.20996093750000006 0.3131510416666667 0.07421875000000003 0.3131510416666667 0.07421875000000004 0.5185546875 0.20996093750000006 0.5185546875
22 0.430419921875 0.27213541666666674 0.275390625 0.27213541666666674 0.275390625 0.4755859375 0.430419921875 0.4755859375
22 0.532470703125 0.3548177083333334 0.4208984375 0.3548177083333333 0.4208984375 0.5517578125000001 0.532470703125 0.5517578125000001