25 0.375 0.4127604166666667 0.21044921875000006 0.4127604166666667 0.21044921875000006 0.5865885416666666 0.375 0.5865885416666666
23 0.479248046875 0.3567708333333334 0.347412109375 0.3567708333333333 0.347412109375 0.5817057291666667 0.479248046875 0.5817057291666669
21 0.610595703125 0.3528645833333334 0.44921875 0.3528645833333333 0.44921875 0.5227864583333334 0.610595703125 0.5227864583333335
22 0.3662109375 0.1549479166666667 0.223388671875 0.1549479166666667 0.22338867187500003 0.3916015625 0.3662109375 0.3916015625
19 0.50341796875 0.11653645833333338 0.33203125 0.11653645833333337 0.33203125 0.3089192708333334 0.50341796875 0.3089192708333334
23 0.64013671875 0.13997395833333343 0.470703125 0.1399739583333334 0.470703125 0.3792317708333335 0.64013671875 0.3792317708333335
22 0.7626953125 0.2089843750000001 0.599853515625 0.20898437500000008 0.599853515625 0.4407552083333335 0.7626953125 0.4407552083333335
20 0.9404296875 0.09602864583333347 0.754150390625 0.09602864583333344 0.754150390625 0.3434244791666668 0.9404296875 0.3434244791666668
25 0.93505859375 0.2985026041666668 0.755615234375 0.2985026041666668 0.755615234375 0.4739583333333335 0.93505859375 0.4739583333333335
24 0.92724609375 0.4554036458333335 0.793212890625 0.4554036458333335 0.793212890625 0.6695963541666669 0.92724609375 0.669596354166667
21 0.8779296875 0.6884765625 0.693115234375 0.6884765625 0.693115234375 0.861328125 0.8779296875 0.861328125
18 0.781982421875 0.7747395833333334 0.598876953125 0.7747395833333334 0.598876953125 1 0.781982421875 1
24 0.6943359375 0.6142578125000001 0.54736328125 0.6142578125000001 0.54736328125 0.8271484375 0.6943359375 0.8271484375
20 0.818359375 0.5690104166666669 0.655517578125 0.5690104166666669 0.655517578125 0.7376302083333334 0.818359375 0.7376302083333334
25 0.595947265625 0.6845703125 0.4382324218750001 0.6845703125 0.4382324218750001 0.8860677083333334 0.595947265625 0.8860677083333334
24 0.4841308593750001 0.7467447916666666 0.3288574218750001 0.7467447916666666 0.3288574218750001 0.9765625 0.4841308593750001 0.9765625
18 0.542724609375 0.5514322916666667 0.36865234375 0.5514322916666666 0.36865234375000006 0.7779947916666666 0.542724609375 0.7779947916666666
21 0.8134765625 0.38281250000000017 0.67626953125 0.38281250000000017 0.67626953125 0.5823567708333335 0.8134765625 0.5823567708333335
18 0.718505859375 0.4440104166666668 0.5546875 0.4440104166666668 0.5546875 0.6367187500000001 0.718505859375 0.6367187500000001
22 0.25268554687500006 0.4925130208333333 0.05981445312500004 0.4925130208333333 0.059814453125000056 0.6907552083333334 0.2526855468750001 0.6907552083333334