0 0.5166015625000001 0.57958984375 0.33789062500000017 0.57958984375 0.33789062500000017 0.719970703125 0.5166015625000001 0.719970703125
8 0.6832682291666666 0.60302734375 0.5081380208333335 0.60302734375 0.5081380208333335 0.723876953125 0.6832682291666666 0.723876953125
4 0.42578125000000017 0.509033203125 0.24023437500000008 0.509033203125 0.24023437500000008 0.64697265625 0.42578125000000017 0.64697265625
1 0.35319010416666674 0.445068359375 0.16796875000000008 0.445068359375 0.16796875000000008 0.58056640625 0.3531901041666668 0.58056640625
3 0.6282552083333335 0.50830078125 0.4498697916666668 0.50830078125 0.4498697916666668 0.625 0.6282552083333335 0.625
1 0.5748697916666667 0.4365234375 0.3968098958333333 0.4365234375 0.3968098958333334 0.549072265625 0.5748697916666669 0.549072265625
7 0.4964192708333334 0.36865234375 0.3167317708333334 0.36865234375 0.3167317708333334 0.489013671875 0.4964192708333335 0.489013671875
8 0.5048828125 0.22265625000000006 0.341796875 0.22265625000000006 0.341796875 0.364501953125 0.5048828125 0.364501953125
2 0.626953125 0.31738281250000006 0.4495442708333333 0.3173828125 0.4495442708333333 0.45263671875000006 0.626953125 0.4526367187500001
4 0.8043619791666666 0.3435058593750001 0.625 0.3435058593750001 0.6250000000000001 0.4753417968750001 0.8043619791666666 0.4753417968750001
2 0.7369791666666666 0.27441406250000006 0.5677083333333334 0.2744140625 0.5677083333333334 0.40185546875000006 0.7369791666666666 0.4018554687500001
3 0.638671875 0.21240234375000006 0.4684244791666667 0.21240234375000006 0.4684244791666667 0.32788085937500006 0.638671875 0.3278808593750001
5 0.8694661458333334 0.4462890625000001 0.7337239583333334 0.4462890625000001 0.7337239583333334 0.56103515625 0.8694661458333334 0.56103515625
0 0.8642578125 0.568603515625 0.68359375 0.568603515625 0.68359375 0.679931640625 0.8642578125 0.679931640625
6 0.76953125 0.47680664062500006 0.6028645833333335 0.476806640625 0.6028645833333335 0.61083984375 0.76953125 0.61083984375