19 0.56689453125 0.31933593750000006 0.414306640625 0.31933593750000006 0.414306640625 0.4954427083333334 0.56689453125 0.4954427083333335
20 0.558837890625 0.6139322916666667 0.4079589843750001 0.6139322916666666 0.4079589843750001 0.7760416666666666 0.558837890625 0.7760416666666666
18 0.4763183593750001 0.7024739583333334 0.3254394531250001 0.7024739583333334 0.3254394531250001 0.8753255208333334 0.4763183593750001 0.8753255208333334
21 0.4360351562500001 0.8401692708333334 0.3093261718750001 0.8401692708333334 0.3093261718750001 0.9996744791666666 0.4360351562500001 0.9996744791666666
26 0.93896484375 0.10904947916666681 0.812255859375 0.10904947916666681 0.812255859375 0.3069661458333335 0.93896484375 0.3069661458333335
18 0.596435546875 0.06608072916666675 0.451171875 0.06608072916666674 0.451171875 0.21679687500000008 0.596435546875 0.21679687500000008
26 0.6181640625 0.2278645833333334 0.463623046875 0.2278645833333334 0.463623046875 0.3932291666666668 0.6181640625 0.3932291666666668
19 0.70166015625 0.3242187500000001 0.58837890625 0.32421875000000006 0.58837890625 0.5074869791666669 0.70166015625 0.5074869791666669
25 0.824462890625 0.4440104166666668 0.6728515625 0.4440104166666668 0.6728515625 0.6080729166666669 0.824462890625 0.6080729166666669
24 0.5458984375 0.45214843750000006 0.422607421875 0.4521484375 0.42260742187500006 0.6464843750000001 0.5458984375 0.6464843750000001
22 0.44189453125000006 0.4586588541666667 0.28515625 0.4586588541666667 0.28515625000000006 0.6650390625 0.4418945312500001 0.6650390625
25 0.59033203125 0.7646484375 0.4477539062500001 0.7646484375 0.4477539062500001 0.9248046875 0.59033203125 0.9248046875
20 0.7880859375 0.7171223958333334 0.6494140625 0.7171223958333334 0.6494140625 0.9033203125 0.7880859375 0.9033203125
25 0.712158203125 0.6171875000000001 0.56591796875 0.6171875000000001 0.56591796875 0.8225911458333334 0.712158203125 0.8225911458333334
18 0.6884765625 0.8434244791666666 0.53662109375 0.8434244791666666 0.53662109375 0.9996744791666666 0.6884765625 0.9996744791666666