17 0.16569010416666669 0.019042968750000007 3.1094547634600767e-18 0.01904296875 1.3952681630910602e-17 0.15185546875 0.1656901041666667 0.15185546875
11 0.30859375 0.0034179687500000226 0.18229166666666666 0.0034179687500000165 0.18229166666666666 0.12255859375000003 0.30859375 0.12255859375000003
10 0.5550130208333335 0.602783203125 0.3509114583333335 0.602783203125 0.3509114583333335 0.733642578125 0.5550130208333335 0.733642578125
9 0.4873046875 0.23266601562500006 0.3216145833333334 0.23266601562500006 0.3216145833333334 0.34130859375 0.4873046875 0.34130859375
11 0.6552734375000001 0.37304687500000006 0.4739583333333333 0.373046875 0.4739583333333334 0.5029296875 0.6552734375000001 0.5029296875
11 0.6155598958333334 0.26098632812500006 0.4729817708333333 0.260986328125 0.4729817708333333 0.39111328125000006 0.6155598958333334 0.3911132812500001
12 0.5214843750000001 0.331298828125 0.3610026041666667 0.331298828125 0.36100260416666674 0.4619140625 0.5214843750000001 0.4619140625
13 0.40625000000000006 0.321533203125 0.2434895833333334 0.321533203125 0.2434895833333334 0.454345703125 0.40625000000000017 0.454345703125
16 0.31933593750000006 0.45068359375 0.17089843750000008 0.45068359375 0.17089843750000008 0.58544921875 0.31933593750000006 0.58544921875
16 0.4348958333333334 0.450927734375 0.2845052083333334 0.450927734375 0.2845052083333334 0.58251953125 0.4348958333333335 0.58251953125
15 0.5566406250000001 0.44384765625 0.3984375 0.44384765625 0.39843750000000006 0.57763671875 0.5566406250000001 0.57763671875
16 0.3782552083333335 0.668701171875 0.1868489583333334 0.668701171875 0.18684895833333345 0.8154296875 0.3782552083333335 0.8154296875
13 0.5182291666666669 0.7470703125 0.3284505208333335 0.7470703125 0.3284505208333335 0.890625 0.5182291666666669 0.890625
17 0.6484375000000001 0.5390625 0.4768880208333335 0.5390625 0.4768880208333335 0.6708984375 0.6484375000000001 0.6708984375
14 0.7477213541666666 0.49658203125000006 0.5719401041666669 0.49658203125 0.5719401041666669 0.617919921875 0.7477213541666666 0.617919921875
9 0.7955729166666666 0.3522949218750001 0.6256510416666666 0.3522949218750001 0.6256510416666667 0.4660644531250001 0.7955729166666666 0.4660644531250001
14 0.9996744791666666 0.3225097656250001 0.8352864583333334 0.3225097656250001 0.8352864583333334 0.4482421875000001 0.9996744791666666 0.4482421875000001
17 0.8919270833333334 0.3024902343750001 0.7301432291666666 0.3024902343750001 0.7301432291666666 0.4067382812500001 0.8919270833333334 0.4067382812500001
12 0.818359375 0.20996093750000006 0.6848958333333334 0.20996093750000006 0.6848958333333334 0.3239746093750001 0.818359375 0.3239746093750001
10 0.7646484375 0.11987304687500007 0.611328125 0.11987304687500006 0.611328125 0.23901367187500006 0.7646484375 0.23901367187500006
15 0.9567057291666666 0.15063476562500008 0.7838541666666666 0.15063476562500006 0.7838541666666666 0.2770996093750001 0.9567057291666666 0.2770996093750001