23 0.873046875 0.5722656250000001 0.774169921875 0.5722656250000001 0.774169921875 0.7265625 0.873046875 0.7265625
20 0.77001953125 0.5566406250000001 0.666748046875 0.5566406250000001 0.666748046875 0.7161458333333334 0.77001953125 0.7161458333333334
20 0.783447265625 0.6943359375 0.653076171875 0.6943359375 0.653076171875 0.8470052083333334 0.783447265625 0.8470052083333334
25 0.7353515625 0.7649739583333334 0.610107421875 0.7649739583333334 0.610107421875 0.919921875 0.7353515625 0.919921875
21 0.668701171875 0.6321614583333335 0.55078125 0.6321614583333335 0.55078125 0.7884114583333334 0.668701171875 0.7884114583333334
18 0.56982421875 0.5882161458333334 0.444091796875 0.5882161458333334 0.44409179687500006 0.7428385416666666 0.56982421875 0.7428385416666666
21 0.611572265625 0.5139973958333335 0.487060546875 0.5139973958333335 0.48706054687500006 0.6611328125000001 0.611572265625 0.6611328125000001
26 0.717529296875 0.4827473958333335 0.590087890625 0.4827473958333335 0.590087890625 0.6236979166666669 0.717529296875 0.6236979166666669
24 0.7265625 0.3548177083333335 0.604248046875 0.3548177083333335 0.604248046875 0.4954427083333335 0.7265625 0.4954427083333335
19 0.831787109375 0.3385416666666668 0.71826171875 0.3385416666666668 0.71826171875 0.48144531250000017 0.831787109375 0.48144531250000017
22 0.7666015625 0.23177083333333345 0.64501953125 0.2317708333333334 0.64501953125 0.3948567708333335 0.7666015625 0.3948567708333335
19 0.556640625 0.08821614583333341 0.455810546875 0.08821614583333341 0.455810546875 0.26074218750000006 0.556640625 0.26074218750000006
24 0.643310546875 0.08951822916666675 0.5341796875 0.08951822916666674 0.5341796875 0.26367187500000006 0.643310546875 0.26367187500000006
18 0.719482421875 0.15169270833333345 0.6015625 0.15169270833333345 0.6015625 0.3245442708333334 0.719482421875 0.3245442708333335
24 0.6494140625 0.24381510416666674 0.523193359375 0.24381510416666674 0.523193359375 0.40820312500000017 0.6494140625 0.40820312500000017
25 0.5537109375 0.26041666666666674 0.431396484375 0.26041666666666674 0.431396484375 0.43033854166666674 0.5537109375 0.4303385416666668
20 0.506103515625 0.36002604166666674 0.388427734375 0.3600260416666667 0.388427734375 0.5315755208333334 0.506103515625 0.5315755208333335
23 0.40673828125 0.3994140625 0.274169921875 0.3994140625 0.274169921875 0.5582682291666666 0.40673828125 0.5582682291666666
26 0.290283203125 0.3909505208333333 0.16772460937500006 0.3909505208333333 0.16772460937500006 0.5634765625 0.290283203125 0.5634765625
26 0.38378906250000006 0.5299479166666666 0.2587890625 0.5299479166666666 0.25878906250000006 0.6598307291666666 0.3837890625000001 0.6598307291666666
21 0.616943359375 0.3736979166666668 0.502685546875 0.3736979166666668 0.502685546875 0.5400390625000001 0.616943359375 0.5400390625000001