15 0.698486328125 0.6145833333333335 0.574462890625 0.6145833333333335 0.574462890625 0.8079427083333334 0.698486328125 0.8079427083333334
9 0.549560546875 0.1253255208333334 0.410888671875 0.1253255208333334 0.410888671875 0.26236979166666674 0.549560546875 0.26236979166666674
12 0.78125 0.08398437500000011 0.625 0.08398437500000011 0.625 0.3053385416666668 0.78125 0.3053385416666668
9 0.671142578125 0.2102864583333334 0.514404296875 0.2102864583333334 0.514404296875 0.38378906250000017 0.671142578125 0.38378906250000017
17 0.514404296875 0.24902343750000008 0.375244140625 0.24902343750000008 0.375244140625 0.45670572916666674 0.514404296875 0.4567057291666668
15 0.41064453125 0.3450520833333333 0.283203125 0.3450520833333333 0.283203125 0.548828125 0.41064453125 0.548828125
16 0.34204101562500006 0.5126953125 0.21166992187500006 0.5126953125 0.21166992187500006 0.7122395833333334 0.3420410156250001 0.7122395833333334
16 0.4614257812500001 0.7138671875 0.2973632812500001 0.7138671875 0.2973632812500001 0.9140625 0.4614257812500001 0.9140625
15 0.517578125 0.5878906250000001 0.364990234375 0.587890625 0.36499023437500006 0.7916666666666666 0.517578125 0.7916666666666666
14 0.598876953125 0.49967447916666674 0.43896484375 0.4996744791666667 0.43896484375000006 0.70703125 0.598876953125 0.70703125
12 0.77392578125 0.3883463541666668 0.6025390625 0.3883463541666668 0.6025390625 0.6103515625000001 0.77392578125 0.6103515625000001
13 0.62646484375 0.3567708333333335 0.460693359375 0.3567708333333335 0.460693359375 0.5377604166666669 0.62646484375 0.5377604166666669