23 0.4765625 0.1497395833333334 0.301513671875 0.14973958333333337 0.301513671875 0.38053385416666674 0.4765625 0.3805338541666668
22 0.46484375 0.3616536458333334 0.32958984375 0.3616536458333333 0.32958984375 0.5595703125000001 0.46484375 0.5595703125000001
18 0.57958984375 0.4886067708333334 0.44677734375 0.4886067708333333 0.44677734375000006 0.6953125 0.57958984375 0.6953125
21 0.509765625 0.6676432291666666 0.3996582031250001 0.6676432291666666 0.3996582031250001 0.8785807291666666 0.509765625 0.8785807291666666
25 0.6806640625 0.6308593750000001 0.533935546875 0.6308593750000001 0.533935546875 0.8199869791666666 0.6806640625 0.8199869791666666
18 0.759521484375 0.759765625 0.595947265625 0.759765625 0.595947265625 0.9879557291666666 0.759521484375 0.9879557291666666
22 0.640625 0.29296875000000006 0.438232421875 0.29296875000000006 0.438232421875 0.5367838541666667 0.640625 0.5367838541666669
24 0.710693359375 0.4671223958333335 0.586669921875 0.4671223958333335 0.586669921875 0.6637369791666669 0.710693359375 0.6637369791666669
25 0.796142578125 0.5364583333333335 0.669677734375 0.5364583333333335 0.669677734375 0.7265625 0.796142578125 0.7265625
20 0.889892578125 0.6230468750000001 0.720947265625 0.6230468750000001 0.720947265625 0.8645833333333334 0.889892578125 0.8645833333333334
20 0.844970703125 0.33496093750000017 0.65966796875 0.33496093750000017 0.65966796875 0.5777994791666669 0.844970703125 0.5777994791666669
19 0.869384765625 0.18229166666666682 0.68212890625 0.18229166666666682 0.68212890625 0.38183593750000017 0.869384765625 0.38183593750000017
21 0.731689453125 0.2314453125000001 0.5615234375 0.23144531250000008 0.5615234375 0.4449869791666668 0.731689453125 0.4449869791666668
24 0.701904296875 0.05826822916666677 0.53759765625 0.05826822916666676 0.53759765625 0.2985026041666668 0.701904296875 0.2985026041666668