23 0.4453125 0.1761067708333334 0.291259765625 0.1761067708333334 0.291259765625 0.3391927083333333 0.4453125 0.3391927083333333
21 0.5576171875 0.06998697916666675 0.436279296875 0.06998697916666674 0.436279296875 0.2805989583333334 0.5576171875 0.2805989583333334
22 0.4794921875 0.39648437500000006 0.328857421875 0.396484375 0.328857421875 0.6041666666666667 0.4794921875 0.6041666666666669
22 0.5966796875 0.29654947916666674 0.445068359375 0.29654947916666674 0.445068359375 0.4847005208333334 0.5966796875 0.4847005208333335
20 0.710693359375 0.23372395833333345 0.562255859375 0.2337239583333334 0.562255859375 0.4108072916666668 0.710693359375 0.4108072916666668
24 0.705810546875 0.045898437500000104 0.5908203125 0.04589843750000009 0.5908203125 0.2470703125000001 0.705810546875 0.24707031250000014
25 0.88720703125 0.20117187500000014 0.764892578125 0.20117187500000014 0.764892578125 0.39453125000000017 0.88720703125 0.39453125000000017
20 0.6455078125 0.47363281250000017 0.493896484375 0.47363281250000017 0.49389648437500006 0.6442057291666669 0.6455078125 0.6442057291666669
18 0.5634765625 0.5862630208333334 0.415771484375 0.5862630208333334 0.41577148437500006 0.7571614583333334 0.5634765625 0.7571614583333334
21 0.517822265625 0.7145182291666666 0.3930664062500001 0.7145182291666666 0.3930664062500001 0.9153645833333334 0.517822265625 0.9153645833333334
25 0.6904296875 0.6559244791666669 0.54443359375 0.6559244791666669 0.54443359375 0.853515625 0.6904296875 0.853515625
25 0.781494140625 0.5550130208333335 0.650146484375 0.5550130208333335 0.650146484375 0.7646484375 0.781494140625 0.7646484375
20 0.896240234375 0.6754557291666666 0.752685546875 0.6754557291666666 0.752685546875 0.853515625 0.896240234375 0.853515625
18 0.7685546875 0.8056640625 0.616943359375 0.8056640625 0.616943359375 0.9869791666666666 0.7685546875 0.9869791666666666