1 0.572265625 0.07202148437500004 0.4287109375 0.07202148437500003 0.4287109375 0.21459960937500006 0.572265625 0.21459960937500006
0 0.6995442708333334 0.10913085937500006 0.5504557291666666 0.10913085937500006 0.5504557291666666 0.24316406250000006 0.6995442708333334 0.24316406250000006
5 0.6175130208333334 0.19213867187500006 0.4443359375 0.19213867187500006 0.4443359375 0.31762695312500006 0.6175130208333334 0.3176269531250001
2 0.5608723958333334 0.31201171875 0.3665364583333333 0.31201171875 0.3665364583333333 0.41943359375 0.5608723958333334 0.41943359375
3 0.7151692708333334 0.28540039062500006 0.5348307291666666 0.285400390625 0.5348307291666666 0.39184570312500006 0.7151692708333334 0.3918457031250001
2 0.8902994791666666 0.3137207031250001 0.6891276041666666 0.3137207031250001 0.6891276041666666 0.4570312500000001 0.8902994791666666 0.4570312500000001
0 0.7633463541666666 0.46337890625000006 0.5758463541666669 0.46337890625 0.5758463541666669 0.616943359375 0.7633463541666666 0.616943359375
0 0.8854166666666666 0.4169921875000001 0.6888020833333334 0.4169921875000001 0.6888020833333334 0.54248046875 0.8854166666666666 0.54248046875
3 0.4547526041666668 0.619873046875 0.2561848958333334 0.619873046875 0.2561848958333334 0.739013671875 0.4547526041666668 0.739013671875
1 0.5751953125000001 0.400146484375 0.3955078125 0.400146484375 0.39550781250000006 0.555908203125 0.5751953125000001 0.555908203125
1 0.7317708333333334 0.36450195312500006 0.5416666666666666 0.364501953125 0.5416666666666667 0.49218750000000006 0.7317708333333334 0.4921875000000001
2 0.6744791666666666 0.55908203125 0.4690755208333335 0.55908203125 0.4690755208333335 0.71142578125 0.6744791666666666 0.71142578125