17 0.427734375 0.18237304687500003 0.2646484375 0.182373046875 0.26464843750000006 0.3046875 0.427734375 0.3046875
11 0.7106119791666666 0.13793945312500006 0.5631510416666666 0.13793945312500006 0.5631510416666666 0.23144531250000006 0.7106119791666666 0.23144531250000006
11 0.7392578125 0.22070312500000006 0.5875651041666666 0.22070312500000006 0.5875651041666666 0.32275390625000006 0.7392578125 0.3227539062500001
9 0.6048177083333334 0.22387695312500006 0.421875 0.22387695312500006 0.421875 0.33764648437500006 0.6048177083333334 0.3376464843750001
15 0.3372395833333334 0.370361328125 0.20507812500000008 0.370361328125 0.20507812500000008 0.49169921875 0.3372395833333335 0.49169921875
17 0.5791015625000001 0.348388671875 0.4029947916666667 0.348388671875 0.40299479166666674 0.47265625 0.5791015625000001 0.47265625
14 0.689453125 0.31201171875000006 0.5364583333333334 0.31201171875 0.5364583333333334 0.42578125000000006 0.689453125 0.4257812500000001
14 0.8450520833333334 0.2939453125000001 0.6650390625 0.2939453125000001 0.6650390625 0.3801269531250001 0.8450520833333334 0.3801269531250001
14 0.8095703125 0.3725585937500001 0.6494140625 0.3725585937500001 0.6494140625000001 0.4787597656250001 0.8095703125 0.4787597656250001
17 0.9134114583333334 0.3645019531250001 0.7854817708333334 0.3645019531250001 0.7854817708333334 0.4782714843750001 0.9134114583333334 0.4782714843750001
10 0.5000000000000001 0.408447265625 0.32975260416666674 0.408447265625 0.32975260416666674 0.525634765625 0.5000000000000001 0.525634765625
12 0.3951822916666668 0.48828125 0.21647135416666674 0.48828125 0.21647135416666674 0.594482421875 0.3951822916666668 0.594482421875
10 0.4801432291666668 0.572998046875 0.30143229166666674 0.572998046875 0.30143229166666674 0.669921875 0.4801432291666668 0.669921875
16 0.7262369791666666 0.526611328125 0.5478515625000001 0.526611328125 0.5478515625000001 0.66552734375 0.7262369791666666 0.66552734375
12 0.6015625000000001 0.63623046875 0.38964843750000017 0.63623046875 0.38964843750000017 0.77392578125 0.6015625000000001 0.77392578125
9 0.8876953125 0.63037109375 0.7281901041666666 0.63037109375 0.7281901041666666 0.772216796875 0.8876953125 0.772216796875
13 0.3206380208333333 0.03295898437500002 0.15885416666666666 0.032958984375000014 0.15885416666666669 0.16210937500000003 0.3206380208333333 0.16210937500000006
15 0.26497395833333337 0.11132812500000001 0.07910156250000001 0.111328125 0.07910156250000003 0.2294921875 0.2649739583333334 0.2294921875
12 0.5647786458333334 0.11596679687500004 0.4251302083333333 0.11596679687500003 0.4251302083333333 0.23583984375000006 0.5647786458333334 0.23583984375000006
14 0.4912109375 0.281005859375 0.32324218750000006 0.281005859375 0.32324218750000006 0.406005859375 0.4912109375 0.406005859375
10 0.6097005208333335 0.47949218750000006 0.44042968750000017 0.4794921875 0.44042968750000017 0.60986328125 0.6097005208333335 0.60986328125
13 0.8050130208333334 0.5810546875 0.6321614583333335 0.5810546875 0.6321614583333335 0.71826171875 0.8050130208333334 0.71826171875
16 0.8984375 0.4741210937500001 0.7249348958333334 0.4741210937500001 0.7249348958333334 0.56591796875 0.8984375 0.56591796875
13 0.7278645833333334 0.750244140625 0.5419921875000001 0.750244140625 0.5419921875000001 0.905517578125 0.7278645833333334 0.905517578125