20 0.81591796875 0.5947265625000001 0.667724609375 0.5947265625000001 0.667724609375 0.80078125 0.81591796875 0.80078125
18 0.689453125 0.7112630208333334 0.541259765625 0.7112630208333334 0.541259765625 0.9176432291666666 0.689453125 0.9176432291666666
25 0.74609375 0.49804687500000017 0.58837890625 0.49804687500000017 0.58837890625 0.6982421875 0.74609375 0.6982421875
25 0.630859375 0.5729166666666669 0.47119140625 0.5729166666666669 0.47119140625000006 0.7770182291666666 0.630859375 0.7770182291666666
21 0.4816894531250001 0.6328125000000001 0.3642578125000001 0.6328125 0.3642578125000001 0.8359375 0.4816894531250001 0.8359375
18 0.553955078125 0.4329427083333334 0.402587890625 0.4329427083333333 0.40258789062500006 0.6357421875000001 0.553955078125 0.6357421875000001
22 0.64306640625 0.27636718750000006 0.490234375 0.27636718750000006 0.490234375 0.4879557291666668 0.64306640625 0.4879557291666668
22 0.491455078125 0.28417968750000006 0.3310546875 0.28417968750000006 0.3310546875 0.49186197916666674 0.491455078125 0.4918619791666668
23 0.62451171875 0.13020833333333343 0.465087890625 0.1302083333333334 0.465087890625 0.30338541666666674 0.62451171875 0.30338541666666674
24 0.7568359375 0.08268229166666678 0.61376953125 0.08268229166666675 0.61376953125 0.3033854166666668 0.7568359375 0.3033854166666668
21 0.838134765625 0.23860677083333348 0.69970703125 0.23860677083333348 0.69970703125 0.4410807291666668 0.838134765625 0.4410807291666668
24 0.7685546875 0.2835286458333334 0.6064453125 0.2835286458333334 0.6064453125 0.5039062500000001 0.7685546875 0.5039062500000001
24 0.694091796875 0.4065755208333335 0.540283203125 0.4065755208333335 0.540283203125 0.6009114583333335 0.694091796875 0.6009114583333335