14 0.7587890625 0.2885742187500001 0.6298828125 0.2885742187500001 0.6298828125 0.4108886718750001 0.7587890625 0.4108886718750001
17 0.5989583333333335 0.516845703125 0.4231770833333335 0.516845703125 0.4231770833333335 0.616943359375 0.5989583333333335 0.616943359375
11 0.8043619791666666 0.3947753906250001 0.673828125 0.3947753906250001 0.673828125 0.5224609375 0.8043619791666666 0.5224609375
16 0.23242187500000008 0.34375 0.06022135416666672 0.34375 0.060221354166666734 0.490966796875 0.23242187500000008 0.490966796875
13 0.3805338541666668 0.550048828125 0.18847656250000008 0.550048828125 0.1884765625000001 0.70361328125 0.3805338541666668 0.70361328125
12 0.3430989583333333 0.252197265625 0.19238281250000008 0.252197265625 0.19238281250000008 0.37255859375 0.3430989583333333 0.37255859375
11 0.4856770833333333 0.18286132812500003 0.2854817708333333 0.182861328125 0.28548177083333337 0.310791015625 0.4856770833333333 0.310791015625
17 0.4830729166666667 0.291748046875 0.30859375000000006 0.291748046875 0.30859375000000006 0.3984375 0.4830729166666667 0.3984375
15 0.6383463541666666 0.30981445312500006 0.4680989583333333 0.309814453125 0.4680989583333333 0.40869140625000006 0.6383463541666666 0.4086914062500001
15 0.6839192708333334 0.40844726562500006 0.5550130208333334 0.408447265625 0.5550130208333334 0.540283203125 0.6839192708333334 0.540283203125
10 0.5735677083333334 0.39892578125 0.4368489583333333 0.39892578125 0.4368489583333334 0.527099609375 0.5735677083333335 0.527099609375
16 0.4632161458333334 0.40087890625 0.32031250000000006 0.40087890625 0.32031250000000006 0.53759765625 0.4632161458333335 0.53759765625
16 0.36230468750000006 0.367919921875 0.20670572916666674 0.367919921875 0.20670572916666674 0.497802734375 0.36230468750000017 0.497802734375
14 0.8564453125 0.5126953125 0.6585286458333335 0.5126953125 0.6585286458333335 0.64501953125 0.8564453125 0.64501953125