5 0.8356119791666666 0.4606933593750001 0.6949869791666666 0.4606933593750001 0.6949869791666666 0.5830078125 0.8356119791666666 0.5830078125
1 0.4290364583333334 0.425537109375 0.2972005208333334 0.425537109375 0.2972005208333334 0.54248046875 0.4290364583333335 0.54248046875
7 0.5664062500000001 0.43408203125 0.4176432291666667 0.43408203125 0.41764322916666674 0.521240234375 0.5664062500000001 0.521240234375
8 0.4635416666666667 0.20214843750000006 0.3082682291666667 0.20214843750000006 0.3082682291666667 0.29736328125 0.4635416666666667 0.29736328125
4 0.3551432291666667 0.27783203125 0.23535156250000008 0.27783203125 0.23535156250000008 0.401123046875 0.3551432291666667 0.401123046875
5 0.5130208333333334 0.303955078125 0.3509114583333333 0.303955078125 0.3509114583333333 0.412109375 0.5130208333333334 0.412109375
8 0.5944010416666666 0.20434570312500006 0.4527994791666667 0.20434570312500006 0.4527994791666667 0.33349609375 0.5944010416666666 0.33349609375
3 0.7190755208333334 0.19873046875000006 0.5589192708333334 0.19873046875000006 0.5589192708333334 0.30834960937500006 0.7190755208333334 0.3083496093750001
2 0.7662760416666666 0.29150390625000006 0.5930989583333334 0.29150390625 0.5930989583333334 0.39624023437500006 0.7662760416666666 0.3962402343750001
2 0.6663411458333334 0.33593750000000006 0.494140625 0.3359375 0.49414062500000006 0.46752929687500006 0.6663411458333335 0.4675292968750001
4 0.8483072916666666 0.3686523437500001 0.6725260416666666 0.3686523437500001 0.6725260416666666 0.4716796875000001 0.8483072916666666 0.4716796875000001
6 0.7353515625 0.49194335937500006 0.5677083333333335 0.491943359375 0.5677083333333335 0.625732421875 0.7353515625 0.625732421875
0 0.8294270833333334 0.5751953125 0.6481119791666669 0.5751953125 0.6481119791666669 0.69482421875 0.8294270833333334 0.69482421875
3 0.6009114583333335 0.550537109375 0.47460937500000017 0.550537109375 0.47460937500000017 0.6728515625 0.6009114583333335 0.6728515625
4 0.4847005208333335 0.52490234375 0.30468750000000006 0.52490234375 0.30468750000000006 0.632080078125 0.4847005208333335 0.632080078125
1 0.4475911458333335 0.626220703125 0.3245442708333334 0.626220703125 0.3245442708333334 0.756591796875 0.4475911458333335 0.756591796875
8 0.6214192708333335 0.672119140625 0.4440104166666668 0.672119140625 0.4440104166666668 0.81689453125 0.6214192708333335 0.81689453125
0 0.4358723958333335 0.759521484375 0.28125000000000017 0.759521484375 0.28125000000000017 0.906982421875 0.4358723958333335 0.906982421875