14 0.6809895833333334 0.26098632812500006 0.544921875 0.260986328125 0.544921875 0.35888671875000006 0.6809895833333334 0.3588867187500001
14 0.8141276041666666 0.2854003906250001 0.6751302083333334 0.2854003906250001 0.6751302083333334 0.3728027343750001 0.8141276041666666 0.3728027343750001
15 0.77734375 0.18579101562500006 0.6569010416666666 0.18579101562500006 0.6569010416666666 0.2846679687500001 0.77734375 0.2846679687500001
13 0.7701822916666666 0.4169921875000001 0.6539713541666666 0.4169921875000001 0.6539713541666667 0.513916015625 0.7701822916666666 0.513916015625
9 0.8466796875 0.4118652343750001 0.7457682291666666 0.4118652343750001 0.7457682291666666 0.51611328125 0.8466796875 0.51611328125
9 0.95703125 0.4169921875000001 0.8307291666666666 0.4169921875000001 0.8307291666666666 0.502197265625 0.95703125 0.502197265625
14 0.8916015625 0.625 0.7307942708333334 0.625 0.7307942708333334 0.75390625 0.8916015625 0.75390625
17 0.8111979166666666 0.579833984375 0.6539713541666669 0.579833984375 0.6539713541666669 0.69384765625 0.8111979166666666 0.69384765625
11 0.6565755208333335 0.620361328125 0.49804687500000017 0.620361328125 0.49804687500000017 0.739990234375 0.6565755208333335 0.739990234375
10 0.6979166666666666 0.521728515625 0.5585937500000001 0.521728515625 0.5585937500000001 0.634033203125 0.6979166666666666 0.634033203125
12 0.5888671875000001 0.549560546875 0.43847656250000017 0.549560546875 0.43847656250000017 0.642333984375 0.5888671875000001 0.642333984375
13 0.44335937500000017 0.502685546875 0.30273437500000006 0.502685546875 0.30273437500000006 0.61865234375 0.44335937500000017 0.61865234375
9 0.5068359375000001 0.446044921875 0.3776041666666667 0.446044921875 0.37760416666666674 0.55615234375 0.5068359375000001 0.55615234375
15 0.5546875 0.35791015625 0.4189453125 0.35791015625 0.4189453125 0.4501953125 0.5546875 0.4501953125
13 0.6064453125000001 0.41088867187500006 0.45703125 0.410888671875 0.45703125000000006 0.49584960937500006 0.6064453125000001 0.4958496093750001
15 0.6354166666666669 0.46948242187500006 0.48828125000000017 0.469482421875 0.48828125000000017 0.559326171875 0.6354166666666669 0.559326171875
10 0.4329427083333334 0.359130859375 0.2825520833333334 0.359130859375 0.2825520833333334 0.468505859375 0.4329427083333335 0.468505859375
16 0.39062500000000006 0.425537109375 0.24218750000000008 0.425537109375 0.24218750000000008 0.538330078125 0.39062500000000017 0.538330078125
16 0.23111979166666674 0.342529296875 0.07259114583333338 0.342529296875 0.0725911458333334 0.4453125 0.23111979166666674 0.4453125
17 0.3720703125 0.21166992187500003 0.240234375 0.211669921875 0.24023437500000003 0.3203125 0.3720703125 0.3203125
12 0.2649739583333334 0.24853515625 0.12434895833333337 0.24853515625 0.12434895833333338 0.340576171875 0.2649739583333334 0.340576171875
11 0.4222005208333333 0.11718750000000003 0.31640625 0.11718750000000003 0.31640625 0.21679687500000006 0.4222005208333333 0.21679687500000006
12 0.4573567708333333 0.18676757812500006 0.3414713541666667 0.18676757812500006 0.3414713541666667 0.285400390625 0.4573567708333333 0.285400390625
17 0.28808593750000006 0.137939453125 0.16829427083333334 0.137939453125 0.16829427083333337 0.24609375 0.28808593750000006 0.24609375
11 0.9371744791666666 0.3308105468750001 0.8160807291666666 0.3308105468750001 0.8160807291666666 0.4274902343750001 0.9371744791666666 0.4274902343750001
10 0.6988932291666666 0.19970703125000006 0.5579427083333334 0.19970703125000006 0.5579427083333334 0.29492187500000006 0.6988932291666666 0.2949218750000001