4 0.19010416666666674 0.32568359375 0.019856770833333384 0.32568359375 0.019856770833333395 0.452392578125 0.19010416666666674 0.452392578125
6 0.27506510416666674 0.405029296875 0.08886718750000007 0.405029296875 0.08886718750000007 0.536865234375 0.27506510416666674 0.536865234375
7 0.38964843750000017 0.485107421875 0.22233072916666674 0.485107421875 0.22233072916666674 0.5830078125 0.38964843750000017 0.5830078125
3 0.5426432291666666 0.33837890625 0.38671875 0.33837890625 0.38671875 0.433349609375 0.5426432291666666 0.433349609375
5 0.5693359375000001 0.4150390625 0.4134114583333333 0.4150390625 0.4134114583333334 0.539306640625 0.5693359375000001 0.539306640625
4 0.6995442708333334 0.39233398437500006 0.5289713541666666 0.392333984375 0.5289713541666667 0.52783203125 0.6995442708333334 0.52783203125
3 0.7493489583333334 0.505126953125 0.5904947916666669 0.505126953125 0.5904947916666669 0.642822265625 0.7493489583333334 0.642822265625
2 0.6285807291666669 0.50634765625 0.4430338541666668 0.50634765625 0.4430338541666668 0.61865234375 0.6285807291666669 0.61865234375
0 0.5296223958333335 0.614501953125 0.3707682291666668 0.614501953125 0.3707682291666668 0.74853515625 0.5296223958333335 0.74853515625
1 0.6643880208333335 0.579833984375 0.4742838541666668 0.579833984375 0.4742838541666668 0.69580078125 0.6643880208333335 0.69580078125
8 0.7978515625 0.615966796875 0.6064453125000001 0.615966796875 0.6064453125000001 0.74609375 0.7978515625 0.74609375
5 0.8577473958333334 0.4938964843750001 0.6988932291666666 0.4938964843750001 0.6988932291666666 0.62255859375 0.8577473958333334 0.62255859375
0 0.9329427083333334 0.591796875 0.75 0.591796875 0.75 0.70068359375 0.9329427083333334 0.70068359375
4 0.09212239583333341 0.44482421875 7.26336740900546e-17 0.44482421875 8.158332273616727e-17 0.554443359375 0.09212239583333341 0.554443359375