20 0.63330078125 0.7633463541666666 0.517578125 0.7633463541666666 0.517578125 0.8763020833333334 0.63330078125 0.8763020833333334
25 0.7685546875 0.8313802083333334 0.64501953125 0.8313802083333334 0.64501953125 0.9576822916666666 0.7685546875 0.9576822916666666
20 0.803955078125 0.7200520833333334 0.682373046875 0.7200520833333334 0.682373046875 0.8518880208333334 0.803955078125 0.8518880208333334
23 0.92041015625 0.6139322916666669 0.79052734375 0.6139322916666669 0.79052734375 0.7789713541666669 0.92041015625 0.778971354166667
24 0.791015625 0.5703125000000001 0.67626953125 0.5703125000000001 0.67626953125 0.7333984375 0.791015625 0.7333984375
19 0.675537109375 0.6591796875000001 0.55615234375 0.6591796875000001 0.55615234375 0.78125 0.675537109375 0.78125
25 0.569091796875 0.5579427083333334 0.436279296875 0.5579427083333334 0.43627929687500006 0.720703125 0.569091796875 0.720703125
22 0.43603515625000006 0.4895833333333333 0.309814453125 0.4895833333333333 0.30981445312500006 0.6468098958333334 0.4360351562500001 0.6468098958333334
26 0.36303710937500006 0.5764973958333334 0.24536132812500006 0.5764973958333334 0.24536132812500006 0.7503255208333334 0.3630371093750001 0.7503255208333334
26 0.30029296875 0.4261067708333333 0.19384765625000006 0.4261067708333333 0.19384765625000006 0.5924479166666666 0.30029296875 0.5924479166666666
23 0.5244140625 0.3401692708333334 0.41748046875 0.3401692708333333 0.41748046875 0.5068359375000001 0.5244140625 0.5068359375000001
18 0.3916015625 0.21842447916666674 0.27001953125 0.21842447916666674 0.27001953125 0.3938802083333333 0.3916015625 0.3938802083333333
20 0.29248046875 0.21321614583333337 0.1689453125 0.21321614583333334 0.16894531250000003 0.3968098958333333 0.29248046875 0.3968098958333333
25 0.439453125 0.10644531250000006 0.308349609375 0.10644531250000004 0.308349609375 0.28580729166666674 0.439453125 0.28580729166666674
21 0.58349609375 0.22851562500000008 0.4912109375 0.22851562500000008 0.4912109375 0.40429687500000017 0.58349609375 0.40429687500000017
18 0.6767578125 0.22363281250000008 0.564453125 0.22363281250000008 0.564453125 0.39062500000000017 0.6767578125 0.39062500000000017
21 0.70068359375 0.12369791666666678 0.5810546875 0.12369791666666678 0.5810546875 0.2539062500000001 0.70068359375 0.25390625000000017
19 0.785400390625 0.10546875000000011 0.68310546875 0.10546875000000011 0.68310546875 0.27832031250000017 0.785400390625 0.27832031250000017
24 0.878662109375 0.05664062500000014 0.75341796875 0.05664062500000013 0.75341796875 0.22591145833333348 0.878662109375 0.22591145833333348
24 0.846435546875 0.27343750000000017 0.721923828125 0.27343750000000017 0.721923828125 0.42968750000000017 0.846435546875 0.42968750000000017
21 0.7880859375 0.4147135416666668 0.670166015625 0.4147135416666668 0.670166015625 0.5735677083333335 0.7880859375 0.5735677083333335
18 0.72900390625 0.3336588541666668 0.616455078125 0.3336588541666668 0.616455078125 0.5084635416666669 0.72900390625 0.5084635416666669
22 0.653076171875 0.42578125000000017 0.528076171875 0.42578125000000017 0.528076171875 0.5957031250000001 0.653076171875 0.5957031250000001
26 0.71484375 0.5231119791666669 0.595703125 0.5231119791666669 0.595703125 0.6731770833333334 0.71484375 0.6731770833333334