18 0.7294921875 0.7018229166666666 0.565673828125 0.7018229166666666 0.565673828125 0.9267578125 0.7294921875 0.9267578125
20 0.850830078125 0.5836588541666669 0.69775390625 0.5836588541666669 0.69775390625 0.7985026041666666 0.850830078125 0.7985026041666666
25 0.771728515625 0.4827473958333335 0.62353515625 0.4827473958333335 0.62353515625 0.6897786458333334 0.771728515625 0.6897786458333334
25 0.658447265625 0.5693359375000001 0.4990234375 0.5693359375000001 0.49902343750000006 0.7692057291666666 0.658447265625 0.7692057291666666
21 0.505615234375 0.6396484375000001 0.3876953125000001 0.6396484375 0.3876953125000001 0.84375 0.505615234375 0.84375
18 0.5595703125 0.4436848958333334 0.396728515625 0.4436848958333333 0.39672851562500006 0.6653645833333334 0.5595703125 0.6653645833333335
22 0.468505859375 0.29101562500000006 0.314697265625 0.29101562500000006 0.314697265625 0.5162760416666667 0.468505859375 0.5162760416666669
22 0.59716796875 0.27343750000000006 0.435302734375 0.27343750000000006 0.435302734375 0.48242187500000006 0.59716796875 0.48242187500000017
21 0.658447265625 0.14615885416666677 0.525634765625 0.14615885416666674 0.525634765625 0.3756510416666668 0.658447265625 0.3756510416666668
19 0.7978515625 0.14485677083333345 0.642822265625 0.14485677083333345 0.642822265625 0.3492838541666668 0.7978515625 0.3492838541666668
20 0.76513671875 0.2740885416666668 0.6044921875 0.27408854166666674 0.6044921875 0.4781901041666668 0.76513671875 0.4781901041666668
24 0.695556640625 0.4104817708333335 0.54052734375 0.4104817708333335 0.54052734375 0.6321614583333335 0.695556640625 0.6321614583333335