13 0.298828125 0.08666992187500001 0.11751302083333333 0.086669921875 0.11751302083333336 0.21533203125 0.298828125 0.21533203125
9 0.3681640625 0.17504882812500003 0.18098958333333334 0.175048828125 0.18098958333333337 0.320556640625 0.3681640625 0.320556640625
12 0.4856770833333333 0.15600585937500006 0.3128255208333333 0.15600585937500006 0.31282552083333337 0.260986328125 0.4856770833333333 0.260986328125
11 0.6735026041666666 0.15698242187500006 0.5022786458333334 0.15698242187500006 0.5022786458333334 0.25781250000000006 0.6735026041666666 0.2578125000000001
15 0.19986979166666674 0.232421875 3.7951294036076833e-17 0.232421875 4.8794520903527353e-17 0.365234375 0.19986979166666674 0.365234375
17 0.333984375 0.30419921875 0.1324869791666667 0.30419921875 0.1324869791666667 0.431884765625 0.333984375 0.431884765625
16 0.4694010416666667 0.3203125 0.3245442708333334 0.3203125 0.3245442708333334 0.4462890625 0.4694010416666667 0.4462890625
17 0.7109375 0.31420898437500006 0.552734375 0.314208984375 0.552734375 0.44750976562500006 0.7109375 0.4475097656250001
16 0.6236979166666667 0.37670898437500006 0.4501953125 0.376708984375 0.45019531250000006 0.52099609375 0.6236979166666669 0.52099609375
14 0.5169270833333334 0.42822265625 0.32096354166666674 0.42822265625 0.32096354166666674 0.565673828125 0.5169270833333335 0.565673828125
17 0.35026041666666674 0.4462890625 0.19238281250000008 0.4462890625 0.19238281250000008 0.584228515625 0.3502604166666668 0.584228515625
10 0.2239583333333334 0.467529296875 0.048177083333333405 0.467529296875 0.04817708333333342 0.61669921875 0.2239583333333334 0.61669921875
10 0.6035156250000001 0.523193359375 0.4088541666666668 0.523193359375 0.4088541666666668 0.6669921875 0.6035156250000001 0.6669921875
12 0.6949869791666666 0.61181640625 0.5250651041666669 0.61181640625 0.5250651041666669 0.761962890625 0.6949869791666666 0.761962890625
13 0.7900390625 0.714111328125 0.6279296875000001 0.714111328125 0.6279296875000001 0.86767578125 0.7900390625 0.86767578125
9 0.9251302083333334 0.66650390625 0.7307942708333334 0.66650390625 0.7307942708333334 0.825927734375 0.9251302083333334 0.825927734375
16 0.9993489583333334 0.4497070312500001 0.8160807291666666 0.4497070312500001 0.8160807291666666 0.591552734375 0.9993489583333334 0.591552734375
13 0.7493489583333334 0.46557617187500006 0.5416666666666669 0.465576171875 0.5416666666666669 0.587158203125 0.7493489583333334 0.587158203125
14 0.9895833333333334 0.2653808593750001 0.8121744791666666 0.2653808593750001 0.8121744791666666 0.4020996093750001 0.9895833333333334 0.4020996093750001
11 0.9469401041666666 0.20581054687500008 0.759765625 0.20581054687500006 0.759765625 0.3122558593750001 0.9469401041666666 0.3122558593750001