9 0.365234375 0.11751302083333338 0.255859375 0.11751302083333337 0.255859375 0.31705729166666674 0.365234375 0.31705729166666674
16 0.456787109375 0.11425781250000007 0.354736328125 0.11425781250000007 0.354736328125 0.31542968750000006 0.456787109375 0.31542968750000006
12 0.46484375 0.30957031250000006 0.354736328125 0.30957031250000006 0.354736328125 0.4934895833333334 0.46484375 0.4934895833333335
10 0.41235351562500006 0.419921875 0.22998046875000006 0.419921875 0.22998046875000006 0.6578776041666666 0.4123535156250001 0.6578776041666666
16 0.51806640625 0.5657552083333334 0.327392578125 0.5657552083333334 0.32739257812500006 0.8046875 0.51806640625 0.8046875
11 0.580810546875 0.48697916666666674 0.410888671875 0.4869791666666667 0.41088867187500006 0.7005208333333334 0.580810546875 0.7005208333333334
12 0.693359375 0.5452473958333335 0.540283203125 0.5452473958333335 0.540283203125 0.7802734375 0.693359375 0.7802734375
9 0.59765625 0.7200520833333334 0.4284667968750001 0.7200520833333334 0.4284667968750001 0.9651692708333334 0.59765625 0.9651692708333334
13 0.756103515625 0.2555338541666668 0.56689453125 0.25553385416666674 0.56689453125 0.48437500000000017 0.756103515625 0.48437500000000017
13 0.625244140625 0.33789062500000006 0.44140625 0.337890625 0.44140625 0.5696614583333334 0.625244140625 0.5696614583333335
12 0.561767578125 0.17187500000000008 0.447509765625 0.17187500000000008 0.447509765625 0.37174479166666674 0.561767578125 0.3717447916666668
17 0.654541015625 0.06315104166666677 0.541748046875 0.06315104166666675 0.541748046875 0.2796223958333334 0.654541015625 0.2796223958333334