13 0.9527994791666666 0.3618164062500001 0.6962890625 0.3618164062500001 0.6962890625 0.507568359375 0.9527994791666666 0.507568359375
13 0.46972656250000017 0.718994140625 0.18912760416666682 0.718994140625 0.18912760416666682 0.874755859375 0.46972656250000017 0.874755859375
12 0.7047526041666666 0.630615234375 0.4410807291666668 0.630615234375 0.4410807291666668 0.81884765625 0.7047526041666666 0.81884765625
17 0.9993489583333334 0.55810546875 0.7600911458333334 0.55810546875 0.7600911458333334 0.7509765625 0.9993489583333334 0.7509765625
9 0.822265625 0.47534179687500006 0.5911458333333335 0.475341796875 0.5911458333333335 0.669189453125 0.822265625 0.669189453125
12 0.6731770833333334 0.39575195312500006 0.4228515625 0.395751953125 0.42285156250000006 0.59033203125 0.6731770833333334 0.59033203125
16 0.5901692708333335 0.493896484375 0.3395182291666668 0.493896484375 0.3395182291666668 0.701171875 0.5901692708333335 0.701171875
16 0.3922526041666668 0.5625 0.16503906250000008 0.5625 0.16503906250000008 0.74853515625 0.3922526041666668 0.74853515625
12 0.2805989583333334 0.386962890625 0.03808593750000006 0.386962890625 0.038085937500000076 0.58056640625 0.2805989583333334 0.58056640625
10 0.45475260416666674 0.301025390625 0.17936197916666674 0.301025390625 0.17936197916666674 0.486083984375 0.4547526041666668 0.486083984375
10 0.7311197916666666 0.28076171875000006 0.4801432291666667 0.28076171875 0.48014322916666674 0.47387695312500006 0.7311197916666666 0.4738769531250001
11 0.9892578125 0.17773437500000008 0.7392578125 0.17773437500000006 0.7392578125 0.3405761718750001 0.9892578125 0.3405761718750001
13 0.8030598958333334 0.17114257812500006 0.5784505208333334 0.17114257812500006 0.5784505208333334 0.35400390625000006 0.8030598958333334 0.3540039062500001
9 0.6119791666666666 0.13500976562500006 0.3636067708333333 0.13500976562500006 0.3636067708333333 0.31860351562500006 0.6119791666666666 0.3186035156250001
11 0.6731770833333334 0.04052734375000005 0.4244791666666667 0.04052734375000004 0.4244791666666667 0.20483398437500006 0.6731770833333334 0.20483398437500006
15 0.4856770833333333 0.18725585937500003 0.22330729166666666 0.187255859375 0.2233072916666667 0.37548828125 0.4856770833333333 0.37548828125