17 0.9996744791666666 0.52294921875 0.7356770833333334 0.52294921875 0.7356770833333334 0.71240234375 0.9996744791666666 0.71240234375
9 0.7353515625 0.44946289062500006 0.5540364583333334 0.449462890625 0.5540364583333334 0.62939453125 0.7353515625 0.62939453125
13 0.873046875 0.3381347656250001 0.6438802083333334 0.3381347656250001 0.6438802083333334 0.4721679687500001 0.873046875 0.4721679687500001
12 0.6022135416666669 0.542236328125 0.3346354166666668 0.542236328125 0.3346354166666668 0.728515625 0.6022135416666669 0.728515625
12 0.5227864583333334 0.394775390625 0.30175781250000006 0.394775390625 0.30175781250000006 0.579833984375 0.5227864583333335 0.579833984375
10 0.6210937500000001 0.28173828125000006 0.400390625 0.28173828125 0.40039062500000006 0.45507812500000006 0.6210937500000001 0.4550781250000001
13 0.7151692708333334 0.18359375000000006 0.5120442708333334 0.18359375000000006 0.5120442708333334 0.36499023437500006 0.7151692708333334 0.3649902343750001
11 0.8916015625 0.18115234375000006 0.6608072916666666 0.18115234375000006 0.6608072916666666 0.3291015625000001 0.8916015625 0.3291015625000001
11 0.5380859375 0.12744140625000003 0.2962239583333333 0.12744140625 0.29622395833333337 0.302734375 0.5380859375 0.302734375
9 0.4348958333333333 0.28857421875 0.2005208333333334 0.28857421875 0.2005208333333334 0.431884765625 0.4348958333333333 0.431884765625
15 0.27929687500000006 0.3544921875 0.016927083333333395 0.3544921875 0.016927083333333405 0.522216796875 0.27929687500000006 0.522216796875
16 0.3678385416666668 0.489990234375 0.11686197916666674 0.489990234375 0.11686197916666675 0.659912109375 0.3678385416666668 0.659912109375