25 0.35107421875 0.21972656250000003 0.17578125 0.2197265625 0.17578125000000003 0.4423828125 0.35107421875 0.4423828125
18 0.420166015625 0.09375000000000006 0.28125 0.09375000000000004 0.28125 0.32096354166666674 0.420166015625 0.32096354166666674
24 0.58349609375 0.08723958333333343 0.429443359375 0.08723958333333341 0.429443359375 0.2610677083333334 0.58349609375 0.2610677083333334
26 0.703369140625 0.13932291666666677 0.576904296875 0.13932291666666677 0.576904296875 0.3479817708333335 0.703369140625 0.3479817708333335
23 0.5234375 0.22721354166666674 0.406982421875 0.22721354166666674 0.406982421875 0.4251302083333334 0.5234375 0.4251302083333335
26 0.54296875 0.5100911458333334 0.384033203125 0.5100911458333334 0.38403320312500006 0.7431640625 0.54296875 0.7431640625
18 0.667724609375 0.4720052083333335 0.4990234375 0.4720052083333335 0.49902343750000006 0.6559244791666669 0.667724609375 0.6559244791666669
20 0.66845703125 0.3294270833333334 0.51513671875 0.3294270833333334 0.51513671875 0.4762369791666668 0.66845703125 0.4762369791666668
18 0.7998046875 0.3499348958333335 0.658935546875 0.3499348958333335 0.658935546875 0.4967447916666668 0.7998046875 0.4967447916666668
22 0.841796875 0.4996744791666668 0.71533203125 0.4996744791666668 0.71533203125 0.6842447916666666 0.841796875 0.6842447916666666
19 0.923095703125 0.3694661458333335 0.801513671875 0.3694661458333335 0.801513671875 0.5507812500000001 0.923095703125 0.5507812500000001
23 0.671630859375 0.6731770833333334 0.54443359375 0.6731770833333334 0.54443359375 0.8753255208333334 0.671630859375 0.8753255208333334
20 0.559814453125 0.7001953125 0.4160156250000001 0.7001953125 0.4160156250000001 0.9368489583333334 0.559814453125 0.9368489583333334
21 0.3745117187500001 0.669921875 0.19848632812500006 0.669921875 0.19848632812500006 0.9010416666666666 0.3745117187500001 0.9010416666666666
26 0.4375 0.3776041666666667 0.295654296875 0.3776041666666667 0.295654296875 0.5908203125 0.4375 0.5908203125