20 0.623779296875 8.590865404174955e-17 0.428466796875 6.996273217785172e-17 0.428466796875 0.2649739583333334 0.623779296875 0.2649739583333334
23 0.47265625 0.14160156250000006 0.259033203125 0.14160156250000003 0.259033203125 0.39127604166666674 0.47265625 0.3912760416666668
26 0.27368164062500006 0.3974609375 0.14160156250000006 0.3974609375 0.14160156250000006 0.6302083333333334 0.2736816406250001 0.6302083333333334
26 0.2956542968750001 0.6448567708333334 0.11889648437500006 0.6448567708333334 0.11889648437500007 0.8330078125 0.2956542968750001 0.8330078125
20 0.42675781250000006 0.484375 0.258056640625 0.484375 0.25805664062500006 0.6302083333333334 0.4267578125000001 0.6302083333333334
18 0.520263671875 0.5927734375000001 0.31787109375 0.5927734375 0.31787109375000006 0.8307291666666666 0.520263671875 0.8307291666666666
18 0.528076171875 0.2718098958333334 0.32470703125 0.2718098958333334 0.32470703125 0.49902343750000006 0.528076171875 0.49902343750000017
22 0.569091796875 0.4583333333333334 0.418212890625 0.4583333333333333 0.418212890625 0.5963541666666667 0.569091796875 0.5963541666666669
21 0.622802734375 0.6272786458333334 0.4421386718750001 0.6272786458333334 0.4421386718750001 0.8876953125 0.622802734375 0.8876953125
25 0.73876953125 0.7184244791666666 0.54541015625 0.7184244791666666 0.54541015625 0.9485677083333334 0.73876953125 0.9485677083333334
20 0.744873046875 0.5820312500000001 0.589111328125 0.5820312500000001 0.589111328125 0.7288411458333334 0.744873046875 0.7288411458333334
23 0.849853515625 0.5468750000000001 0.7197265625 0.5468750000000001 0.7197265625 0.7724609375 0.849853515625 0.7724609375
22 0.72119140625 0.4508463541666668 0.560791015625 0.4508463541666668 0.560791015625 0.5888671875000001 0.72119140625 0.5888671875000001
18 0.672119140625 0.22363281250000008 0.51416015625 0.22363281250000008 0.51416015625 0.45800781250000017 0.672119140625 0.45800781250000017
19 0.776611328125 0.22135416666666677 0.62841796875 0.22135416666666674 0.62841796875 0.4622395833333335 0.776611328125 0.4622395833333335