9 0.24072265625000003 0.28222656250000006 0.10375976562500003 0.2822265625 0.10375976562500004 0.4752604166666667 0.24072265625000006 0.4752604166666667
12 0.341064453125 0.3001302083333334 0.240966796875 0.3001302083333334 0.24096679687500003 0.4658203125 0.341064453125 0.4658203125
10 0.40917968750000006 0.4488932291666667 0.267822265625 0.4488932291666667 0.26782226562500006 0.6341145833333334 0.4091796875000001 0.6341145833333334
15 0.31396484375000006 0.5309244791666666 0.17773437500000006 0.5309244791666666 0.17773437500000006 0.7041015625 0.3139648437500001 0.7041015625
16 0.4350585937500001 0.623046875 0.3173828125000001 0.623046875 0.3173828125000001 0.8063151041666666 0.4350585937500001 0.8063151041666666
16 0.451171875 0.2815755208333334 0.323974609375 0.2815755208333334 0.323974609375 0.40625 0.451171875 0.40625
14 0.56005859375 0.46354166666666674 0.433349609375 0.4635416666666667 0.433349609375 0.5875651041666667 0.56005859375 0.5875651041666669
15 0.546142578125 0.30175781250000006 0.4443359375 0.30175781250000006 0.4443359375 0.47949218750000006 0.546142578125 0.47949218750000017
17 0.548583984375 0.14550781250000008 0.447509765625 0.14550781250000008 0.447509765625 0.32324218750000006 0.548583984375 0.32324218750000006
12 0.63671875 0.09895833333333343 0.53125 0.09895833333333341 0.53125 0.28417968750000006 0.63671875 0.28417968750000006
14 0.64013671875 0.33886718750000017 0.53369140625 0.33886718750000017 0.53369140625 0.5214843750000001 0.64013671875 0.5214843750000001
10 0.75830078125 0.38378906250000017 0.625732421875 0.38378906250000017 0.625732421875 0.5185546875000001 0.75830078125 0.5185546875000001
10 0.776611328125 0.24446614583333345 0.635498046875 0.2444661458333334 0.635498046875 0.3870442708333335 0.776611328125 0.3870442708333335
16 0.76123046875 0.5279947916666669 0.6142578125 0.5279947916666669 0.6142578125 0.7001953125 0.76123046875 0.7001953125