13 0.7867838541666666 0.69921875 0.6142578125000001 0.69921875 0.6142578125000001 0.848388671875 0.7867838541666666 0.848388671875
9 0.8424479166666666 0.57177734375 0.6542968750000001 0.57177734375 0.6542968750000001 0.715576171875 0.8424479166666666 0.715576171875
16 0.931640625 0.4362792968750001 0.7571614583333334 0.4362792968750001 0.7571614583333334 0.53515625 0.931640625 0.53515625
14 0.900390625 0.3208007812500001 0.7194010416666666 0.3208007812500001 0.7194010416666666 0.4472656250000001 0.900390625 0.4472656250000001
13 0.7939453125 0.3625488281250001 0.609375 0.3625488281250001 0.6093750000000001 0.4863281250000001 0.7939453125 0.4863281250000001
10 0.7220052083333334 0.46777343750000006 0.5465494791666669 0.4677734375 0.5465494791666669 0.574951171875 0.7220052083333334 0.574951171875
12 0.5273437500000001 0.551025390625 0.3421223958333335 0.551025390625 0.3421223958333335 0.6689453125 0.5273437500000001 0.6689453125
10 0.22949218750000008 0.470947265625 0.07584635416666674 0.470947265625 0.07584635416666675 0.613037109375 0.22949218750000008 0.613037109375
17 0.3844401041666668 0.470703125 0.20768229166666674 0.470703125 0.20768229166666674 0.5830078125 0.3844401041666668 0.5830078125
11 0.6341145833333334 0.25830078125000006 0.4541015625 0.25830078125 0.4541015625 0.39086914062500006 0.6341145833333334 0.3908691406250001
17 0.6315104166666667 0.35131835937500006 0.4329427083333333 0.351318359375 0.4329427083333334 0.48852539062500006 0.6315104166666669 0.4885253906250001
16 0.5628255208333334 0.431640625 0.3727213541666667 0.431640625 0.37272135416666674 0.567626953125 0.5628255208333335 0.567626953125
9 0.4124348958333334 0.351806640625 0.22330729166666674 0.351806640625 0.22330729166666674 0.48828125 0.4124348958333335 0.48828125
15 0.2952473958333334 0.2822265625 0.10449218750000004 0.2822265625 0.10449218750000006 0.428955078125 0.2952473958333334 0.428955078125
13 0.3287760416666667 0.19433593750000003 0.14550781250000003 0.1943359375 0.14550781250000003 0.335693359375 0.32877604166666674 0.335693359375
12 0.4915364583333333 0.21704101562500006 0.3125 0.21704101562500006 0.31250000000000006 0.349365234375 0.4915364583333333 0.349365234375
16 0.5224609375 0.297119140625 0.3359375 0.297119140625 0.3359375 0.438232421875 0.5224609375 0.438232421875
11 0.923828125 0.20678710937500008 0.7369791666666666 0.20678710937500006 0.7369791666666666 0.3422851562500001 0.923828125 0.3422851562500001