26 0.3117675781250001 0.6061197916666666 0.14062500000000006 0.6061197916666666 0.14062500000000006 0.7955729166666666 0.3117675781250001 0.7955729166666666
26 0.19848632812500006 0.4632161458333333 0.03222656250000004 0.4632161458333333 0.032226562500000056 0.6897786458333334 0.19848632812500006 0.6897786458333334
23 0.3017578125 0.3717447916666667 0.12451171875000003 0.3717447916666667 0.12451171875000004 0.5504557291666666 0.3017578125 0.5504557291666666
20 0.3720703125 0.2259114583333334 0.233642578125 0.2259114583333334 0.23364257812500003 0.4475911458333333 0.3720703125 0.4475911458333333
25 0.46923828125 0.19791666666666674 0.3427734375 0.19791666666666674 0.3427734375 0.4134114583333334 0.46923828125 0.4134114583333335
19 0.566650390625 0.1858723958333334 0.437744140625 0.1858723958333334 0.437744140625 0.39843750000000006 0.566650390625 0.39843750000000017
21 0.60986328125 0.3460286458333335 0.464599609375 0.3460286458333335 0.464599609375 0.5136718750000001 0.60986328125 0.5136718750000001
21 0.483642578125 0.3782552083333334 0.34814453125 0.3782552083333333 0.34814453125 0.5934244791666667 0.483642578125 0.5934244791666669
20 0.572265625 0.5631510416666667 0.410400390625 0.5631510416666666 0.41040039062500006 0.732421875 0.572265625 0.732421875
18 0.559814453125 0.6956380208333334 0.4011230468750001 0.6956380208333334 0.4011230468750001 0.8974609375 0.559814453125 0.8974609375
21 0.670654296875 0.7516276041666666 0.51806640625 0.7516276041666666 0.51806640625 0.9583333333333334 0.670654296875 0.9583333333333334
25 0.76123046875 0.8388671875 0.611083984375 0.8388671875 0.611083984375 0.9996744791666666 0.76123046875 0.9996744791666666
23 0.891357421875 0.6660156250000001 0.76220703125 0.6660156250000001 0.76220703125 0.8792317708333334 0.891357421875 0.8792317708333334
20 0.785400390625 0.6923828125 0.63720703125 0.6923828125 0.63720703125 0.8548177083333334 0.785400390625 0.8548177083333334
22 0.72119140625 0.5696614583333335 0.55908203125 0.5696614583333335 0.55908203125 0.7672526041666666 0.72119140625 0.7672526041666666
22 0.869873046875 0.5071614583333335 0.706787109375 0.5071614583333335 0.706787109375 0.7083333333333334 0.869873046875 0.7083333333333334
18 0.81591796875 0.3704427083333335 0.659912109375 0.3704427083333335 0.659912109375 0.5690104166666669 0.81591796875 0.5690104166666669
19 0.91162109375 0.28125000000000017 0.77001953125 0.28125000000000017 0.77001953125 0.48144531250000017 0.91162109375 0.48144531250000017
18 0.68701171875 0.4505208333333335 0.531494140625 0.4505208333333335 0.531494140625 0.6461588541666669 0.68701171875 0.6461588541666669
25 0.80810546875 0.06510416666666678 0.652587890625 0.06510416666666678 0.652587890625 0.2845052083333334 0.80810546875 0.2845052083333335