25 0.3134765625 0.29003906250000006 0.178955078125 0.2900390625 0.17895507812500003 0.4716796875 0.3134765625 0.4716796875
26 0.420166015625 0.2630208333333334 0.283935546875 0.2630208333333334 0.283935546875 0.4381510416666667 0.420166015625 0.4381510416666667
24 0.29736328125000006 0.4397786458333333 0.15209960937500006 0.4397786458333333 0.15209960937500006 0.62890625 0.2973632812500001 0.62890625
18 0.3591308593750001 0.6839192708333334 0.22534179687500006 0.6839192708333334 0.22534179687500006 0.8623046875 0.3591308593750001 0.8623046875
19 0.41113281250000006 0.5387369791666666 0.29052734375 0.5387369791666666 0.29052734375000006 0.7018229166666666 0.4111328125000001 0.7018229166666666
19 0.4648437500000001 0.7294921875 0.3620605468750001 0.7294921875 0.3620605468750001 0.9036458333333334 0.4648437500000001 0.9036458333333334
20 0.48193359375 0.3997395833333334 0.380859375 0.3997395833333333 0.380859375 0.5758463541666667 0.48193359375 0.5758463541666669
26 0.53662109375 0.5960286458333334 0.408447265625 0.5960286458333334 0.40844726562500006 0.7623697916666666 0.53662109375 0.7623697916666666
21 0.5966796875 0.7340494791666666 0.4851074218750001 0.7340494791666666 0.4851074218750001 0.900390625 0.5966796875 0.900390625
25 0.58935546875 0.5029296875000001 0.47119140625 0.5029296875000001 0.47119140625000006 0.6702473958333334 0.58935546875 0.6702473958333334
23 0.4892578125 0.14355468750000008 0.376708984375 0.14355468750000008 0.376708984375 0.32519531250000006 0.4892578125 0.32519531250000006
19 0.54541015625 0.25976562500000006 0.43701171875 0.25976562500000006 0.43701171875 0.42057291666666674 0.54541015625 0.4205729166666668
24 0.620361328125 0.34765625000000017 0.51513671875 0.34765625000000017 0.51513671875 0.5195312500000001 0.620361328125 0.5195312500000001
20 0.69775390625 0.4713541666666668 0.56640625 0.4713541666666668 0.56640625 0.6409505208333335 0.69775390625 0.6409505208333335
24 0.615478515625 0.1132812500000001 0.501220703125 0.11328125000000007 0.501220703125 0.2884114583333334 0.615478515625 0.2884114583333334
23 0.7099609375 0.2294921875000001 0.582763671875 0.22949218750000008 0.582763671875 0.3577473958333335 0.7099609375 0.3577473958333335
23 0.7431640625 0.3499348958333335 0.647705078125 0.3499348958333335 0.647705078125 0.5270182291666669 0.7431640625 0.5270182291666669
22 0.81982421875 0.3844401041666668 0.733154296875 0.3844401041666668 0.733154296875 0.5498046875000001 0.81982421875 0.5498046875000001
21 0.81884765625 0.24121093750000014 0.703857421875 0.24121093750000014 0.703857421875 0.3870442708333335 0.81884765625 0.3870442708333335
26 0.826171875 0.08626302083333347 0.693359375 0.08626302083333344 0.693359375 0.2526041666666668 0.826171875 0.2526041666666668