1 0.31380208333333337 0.15087890625000003 0.1689453125 0.15087890625 0.16894531250000003 0.27734375 0.3138020833333334 0.27734375
0 0.4710286458333333 0.09985351562500004 0.3248697916666667 0.09985351562500003 0.3248697916666667 0.23583984375000006 0.4710286458333333 0.23583984375000006
5 0.5748697916666666 0.253662109375 0.4033203125 0.253662109375 0.4033203125 0.3408203125 0.5748697916666666 0.3408203125
3 0.7496744791666666 0.15087890625000006 0.5592447916666666 0.15087890625000006 0.5592447916666666 0.25561523437500006 0.7496744791666666 0.2556152343750001
2 0.8196614583333334 0.22387695312500006 0.6396484375 0.22387695312500006 0.6396484375 0.3642578125000001 0.8196614583333334 0.3642578125000001
2 0.6741536458333334 0.28002929687500006 0.5533854166666666 0.280029296875 0.5533854166666666 0.40551757812500006 0.6741536458333334 0.4055175781250001
8 0.48502604166666674 0.377685546875 0.29654947916666674 0.377685546875 0.29654947916666674 0.47021484375 0.4850260416666668 0.47021484375
8 0.4163411458333335 0.61865234375 0.1897786458333334 0.61865234375 0.18977864583333345 0.747314453125 0.4163411458333335 0.747314453125
6 0.5026041666666669 0.480712890625 0.3255208333333334 0.480712890625 0.3255208333333334 0.581787109375 0.5026041666666669 0.581787109375
1 0.5917968750000001 0.571533203125 0.40332031250000017 0.571533203125 0.40332031250000017 0.722412109375 0.5917968750000001 0.722412109375
0 0.8424479166666666 0.4521484375000001 0.65234375 0.4521484375000001 0.6523437500000001 0.552001953125 0.8424479166666666 0.552001953125
0 0.7180989583333334 0.669921875 0.5406901041666669 0.669921875 0.5406901041666669 0.82958984375 0.7180989583333334 0.82958984375
6 0.5960286458333334 0.374755859375 0.451171875 0.374755859375 0.45117187500000006 0.5048828125 0.5960286458333335 0.5048828125