21 0.4755859375000001 0.6829427083333334 0.3571777343750001 0.6829427083333334 0.3571777343750001 0.8828125 0.4755859375000001 0.8828125
23 0.402099609375 0.19596354166666674 0.2509765625 0.19596354166666674 0.2509765625 0.3466796875 0.402099609375 0.3466796875
22 0.53564453125 0.2034505208333334 0.396240234375 0.2034505208333334 0.396240234375 0.3470052083333334 0.53564453125 0.3470052083333335
22 0.42822265625 0.3834635416666667 0.298583984375 0.3834635416666667 0.298583984375 0.5807291666666666 0.42822265625 0.5807291666666666
24 0.697998046875 0.03776041666666677 0.538818359375 0.03776041666666676 0.538818359375 0.2633463541666668 0.697998046875 0.2633463541666668
26 0.6474609375 0.2425130208333334 0.50146484375 0.2425130208333334 0.50146484375 0.45605468750000017 0.6474609375 0.45605468750000017
20 0.595947265625 0.40201822916666674 0.435791015625 0.4020182291666667 0.435791015625 0.6018880208333334 0.595947265625 0.6018880208333335
25 0.734130859375 0.35839843750000017 0.611572265625 0.35839843750000017 0.611572265625 0.5442708333333335 0.734130859375 0.5442708333333335
25 0.7333984375 0.5504557291666669 0.580810546875 0.5504557291666669 0.580810546875 0.7646484375 0.7333984375 0.7646484375
20 0.821044921875 0.6494140625000001 0.668212890625 0.6494140625000001 0.668212890625 0.83984375 0.821044921875 0.83984375
18 0.6962890625 0.7688802083333334 0.54052734375 0.7688802083333334 0.54052734375 0.9716796875 0.6962890625 0.9716796875
25 0.62744140625 0.6253255208333335 0.4733886718750001 0.6253255208333335 0.4733886718750001 0.837890625 0.62744140625 0.837890625
18 0.544921875 0.5065104166666667 0.3818359375 0.5065104166666666 0.38183593750000006 0.716796875 0.544921875 0.716796875