11 0.5221354166666666 0.037353515625000035 0.34375 0.03735351562500003 0.34375 0.18139648437500006 0.5221354166666666 0.18139648437500006
12 0.4895833333333333 0.11596679687500004 0.2662760416666667 0.11596679687500003 0.2662760416666667 0.28564453125 0.4895833333333333 0.28564453125
9 0.3736979166666667 0.22607421875000003 0.24186197916666666 0.22607421875 0.2418619791666667 0.349365234375 0.3736979166666667 0.349365234375
13 0.5234375 0.22680664062500006 0.3746744791666667 0.22680664062500006 0.3746744791666667 0.36767578125 0.5234375 0.36767578125
16 0.572265625 0.13037109375000006 0.4254557291666667 0.13037109375000006 0.4254557291666667 0.257568359375 0.572265625 0.257568359375
17 0.6790364583333334 0.13012695312500006 0.5338541666666666 0.13012695312500006 0.5338541666666666 0.27563476562500006 0.6790364583333334 0.2756347656250001
11 0.4495442708333334 0.33447265625 0.2659505208333334 0.33447265625 0.2659505208333334 0.466064453125 0.4495442708333335 0.466064453125
14 0.5660807291666667 0.34619140625 0.4300130208333333 0.34619140625 0.4300130208333334 0.4716796875 0.5660807291666669 0.4716796875
13 0.33398437500000006 0.417724609375 0.14550781250000008 0.417724609375 0.14550781250000008 0.5673828125 0.33398437500000017 0.5673828125
17 0.4254557291666668 0.46875 0.2337239583333334 0.46875 0.2337239583333334 0.609375 0.4254557291666668 0.609375
10 0.5507812500000001 0.4541015625 0.3961588541666668 0.4541015625 0.3961588541666668 0.580810546875 0.5507812500000001 0.580810546875
12 0.5322265625000001 0.559326171875 0.3561197916666668 0.559326171875 0.3561197916666668 0.674072265625 0.5322265625000001 0.674072265625
9 0.4954427083333335 0.634033203125 0.28125000000000006 0.634033203125 0.2812500000000001 0.762451171875 0.4954427083333335 0.762451171875
13 0.4104817708333335 0.735595703125 0.19368489583333348 0.735595703125 0.19368489583333348 0.903564453125 0.4104817708333335 0.903564453125
16 0.6018880208333335 0.732666015625 0.3958333333333335 0.732666015625 0.3958333333333335 0.89892578125 0.6018880208333335 0.89892578125
9 0.6578776041666667 0.41992187500000006 0.5146484375 0.419921875 0.5146484375000001 0.549560546875 0.6578776041666669 0.549560546875
10 0.7587890625 0.50732421875 0.6240234375000001 0.50732421875 0.6240234375000001 0.62744140625 0.7587890625 0.62744140625
14 0.8518880208333334 0.610107421875 0.6591796875000001 0.610107421875 0.6591796875000001 0.705810546875 0.8518880208333334 0.705810546875
15 0.8170572916666666 0.3740234375000001 0.6311848958333334 0.3740234375000001 0.6311848958333334 0.505126953125 0.8170572916666666 0.505126953125
15 0.8623046875 0.4680175781250001 0.7190755208333334 0.4680175781250001 0.7190755208333334 0.587158203125 0.8623046875 0.587158203125
11 0.9541015625 0.4572753906250001 0.8307291666666666 0.4572753906250001 0.8307291666666666 0.586181640625 0.9541015625 0.586181640625
14 0.9078776041666666 0.3210449218750001 0.7262369791666666 0.3210449218750001 0.7262369791666666 0.4562988281250001 0.9078776041666666 0.4562988281250001