13 0.7180989583333334 0.65673828125 0.5517578125000001 0.65673828125 0.5517578125000001 0.8037109375 0.7180989583333334 0.8037109375
9 0.9280598958333334 0.62353515625 0.7428385416666666 0.62353515625 0.7428385416666666 0.760986328125 0.9280598958333334 0.760986328125
13 0.8375651041666666 0.569580078125 0.6451822916666669 0.569580078125 0.6451822916666669 0.716796875 0.8375651041666666 0.716796875
16 0.7301432291666666 0.507568359375 0.5540364583333335 0.507568359375 0.5540364583333335 0.646240234375 0.7301432291666666 0.646240234375
12 0.6380208333333335 0.57958984375 0.43652343750000017 0.57958984375 0.43652343750000017 0.71533203125 0.6380208333333335 0.71533203125
10 0.5693359375000001 0.511962890625 0.3811848958333335 0.511962890625 0.3811848958333335 0.650146484375 0.5693359375000001 0.650146484375
17 0.3694661458333334 0.44873046875 0.19303385416666674 0.44873046875 0.19303385416666674 0.59716796875 0.3694661458333335 0.59716796875
10 0.2532552083333334 0.4580078125 0.06998697916666674 0.4580078125 0.06998697916666675 0.60009765625 0.2532552083333334 0.60009765625
16 0.6373697916666667 0.41699218750000006 0.4664713541666667 0.4169921875 0.46647135416666674 0.552734375 0.6373697916666669 0.552734375
17 0.46549479166666674 0.375732421875 0.2796223958333334 0.375732421875 0.2796223958333334 0.49755859375 0.4654947916666668 0.49755859375
14 0.5104166666666667 0.44580078125 0.3333333333333333 0.44580078125 0.3333333333333334 0.5732421875 0.5104166666666669 0.5732421875
15 0.3805338541666667 0.22753906250000003 0.1995442708333334 0.2275390625 0.1995442708333334 0.34130859375 0.3805338541666667 0.34130859375
9 0.6236979166666666 0.27465820312500006 0.4436848958333333 0.274658203125 0.4436848958333333 0.41308593750000006 0.6236979166666666 0.4130859375000001
11 0.7757161458333334 0.21093750000000006 0.6015625 0.21093750000000006 0.6015625 0.34521484375000006 0.7757161458333334 0.3452148437500001
11 0.7727864583333334 0.12719726562500006 0.6119791666666666 0.12719726562500006 0.6119791666666666 0.23217773437500006 0.7727864583333334 0.23217773437500006
12 0.6168619791666666 0.10620117187500006 0.4694010416666667 0.10620117187500006 0.4694010416666667 0.24169921875000006 0.6168619791666666 0.24169921875000006
13 0.3854166666666667 0.019531250000000028 0.1982421875 0.01953125000000002 0.1982421875 0.15795898437500003 0.3854166666666667 0.15795898437500006
16 0.8902994791666666 0.4113769531250001 0.6920572916666666 0.4113769531250001 0.6920572916666666 0.548583984375 0.8902994791666666 0.548583984375
17 0.7623697916666666 0.35058593750000006 0.5797526041666666 0.3505859375 0.5797526041666667 0.48022460937500006 0.7623697916666666 0.4802246093750001
14 0.8597005208333334 0.2861328125000001 0.69921875 0.2861328125000001 0.69921875 0.4152832031250001 0.8597005208333334 0.4152832031250001