9 0.15014648437500006 0.31640625 0.04907226562500003 0.31640625 0.049072265625000035 0.4651692708333333 0.15014648437500006 0.4651692708333333
12 0.25048828125 0.3427734375 0.11914062500000003 0.3427734375 0.11914062500000004 0.5234375 0.25048828125 0.5234375
16 0.3369140625 0.30468750000000006 0.19335937500000006 0.3046875 0.19335937500000006 0.4827473958333333 0.3369140625 0.4827473958333333
15 0.26269531250000006 0.5491536458333334 0.11645507812500006 0.5491536458333334 0.11645507812500006 0.716796875 0.2626953125000001 0.716796875
16 0.3740234375000001 0.6529947916666666 0.2631835937500001 0.6529947916666666 0.2631835937500001 0.8330078125 0.3740234375000001 0.8330078125
10 0.36010742187500006 0.4765625 0.21313476562500006 0.4765625 0.21313476562500006 0.6565755208333334 0.3601074218750001 0.6565755208333334
15 0.44287109375 0.4085286458333333 0.349853515625 0.4085286458333333 0.349853515625 0.568359375 0.44287109375 0.568359375
14 0.4804687500000001 0.6774088541666666 0.3767089843750001 0.6774088541666666 0.3767089843750001 0.8362630208333334 0.4804687500000001 0.8362630208333334
17 0.4228515625 0.20475260416666674 0.297119140625 0.20475260416666674 0.297119140625 0.3876953125 0.4228515625 0.3876953125
13 0.471923828125 0.020182291666666734 0.33837890625 0.020182291666666723 0.33837890625 0.2317708333333334 0.471923828125 0.2317708333333334
14 0.57177734375 0.14322916666666677 0.44580078125 0.14322916666666674 0.44580078125 0.34537760416666674 0.57177734375 0.3453776041666668
12 0.526611328125 0.2522786458333334 0.3837890625 0.2522786458333334 0.3837890625 0.4524739583333334 0.526611328125 0.4524739583333335
14 0.5361328125 0.47428385416666674 0.4189453125 0.4742838541666667 0.41894531250000006 0.6591796875000001 0.5361328125 0.6591796875000001
10 0.63818359375 0.5169270833333335 0.51513671875 0.5169270833333335 0.51513671875 0.6627604166666669 0.63818359375 0.6627604166666669
10 0.67822265625 0.6552734375000001 0.5419921875 0.6552734375000001 0.5419921875 0.810546875 0.67822265625 0.810546875
16 0.642578125 0.7421875 0.504150390625 0.7421875 0.504150390625 0.9085286458333334 0.642578125 0.9085286458333334
9 0.647216796875 0.37402343750000017 0.5078125 0.37402343750000017 0.5078125 0.5218098958333335 0.647216796875 0.5218098958333335
13 0.769287109375 0.4778645833333335 0.637939453125 0.4778645833333335 0.637939453125 0.6712239583333334 0.769287109375 0.6712239583333334
17 0.70068359375 0.2711588541666668 0.56689453125 0.27115885416666674 0.56689453125 0.40722656250000017 0.70068359375 0.40722656250000017
12 0.845703125 0.2815755208333335 0.71044921875 0.2815755208333335 0.71044921875 0.4641927083333335 0.845703125 0.4641927083333335
11 0.6630859375 0.08658854166666675 0.544921875 0.08658854166666674 0.544921875 0.27734375000000006 0.6630859375 0.27734375000000006