15 0.21679687500000008 0.7913411458333334 0.08056640625000008 0.7913411458333334 0.08056640625000008 0.931640625 0.2167968750000001 0.931640625
9 0.10522460937500006 0.4703776041666667 0.02612304687500004 0.4703776041666667 0.02612304687500005 0.6139322916666666 0.10522460937500006 0.6139322916666666
12 0.20288085937500006 0.5419921875 0.09692382812500006 0.5419921875 0.09692382812500006 0.685546875 0.20288085937500006 0.685546875
10 0.31201171875 0.4462890625 0.19458007812500006 0.4462890625 0.19458007812500006 0.5628255208333334 0.31201171875 0.5628255208333334
15 0.4169921875 0.4117838541666667 0.296142578125 0.4117838541666667 0.296142578125 0.5279947916666666 0.4169921875 0.5279947916666666
13 0.361572265625 0.16308593750000006 0.257080078125 0.16308593750000003 0.257080078125 0.32421875000000006 0.361572265625 0.32421875000000006
17 0.500732421875 0.40527343750000006 0.406005859375 0.4052734375 0.406005859375 0.5716145833333334 0.500732421875 0.5716145833333335
10 0.53564453125 0.6331380208333334 0.4304199218750001 0.6331380208333334 0.4304199218750001 0.8004557291666666 0.53564453125 0.8004557291666666
16 0.5185546875 0.22949218750000008 0.415771484375 0.22949218750000008 0.415771484375 0.41308593750000006 0.5185546875 0.41308593750000017
13 0.6220703125 0.39648437500000017 0.49560546875 0.39648437500000017 0.49560546875 0.5390625000000001 0.6220703125 0.5390625000000001
9 0.6259765625 0.1956380208333334 0.521728515625 0.1956380208333334 0.521728515625 0.3870442708333335 0.6259765625 0.3870442708333335
11 0.80517578125 0.2978515625000001 0.677001953125 0.29785156250000006 0.677001953125 0.48242187500000017 0.80517578125 0.48242187500000017
12 0.94921875 0.3704427083333335 0.802490234375 0.3704427083333335 0.802490234375 0.5390625000000001 0.94921875 0.5390625000000001
13 0.78564453125 0.17415364583333345 0.641357421875 0.1741536458333334 0.641357421875 0.3196614583333334 0.78564453125 0.3196614583333335
17 0.7431640625 0.050455729166666775 0.594970703125 0.05045572916666676 0.594970703125 0.1972656250000001 0.7431640625 0.19726562500000014