20 0.948974609375 0.47265625000000017 0.783203125 0.47265625000000017 0.783203125 0.6816406250000001 0.948974609375 0.6816406250000003
26 0.885009765625 0.30175781250000017 0.753662109375 0.30175781250000017 0.753662109375 0.5107421875000001 0.885009765625 0.5107421875000001
24 0.78564453125 0.4016927083333335 0.625244140625 0.4016927083333335 0.625244140625 0.5693359375000001 0.78564453125 0.5693359375000001
22 0.653564453125 0.4059244791666668 0.48095703125 0.4059244791666668 0.48095703125 0.5911458333333335 0.653564453125 0.5911458333333335
18 0.833740234375 0.6132812500000001 0.66796875 0.6132812500000001 0.66796875 0.7919921875 0.833740234375 0.7919921875
20 0.685302734375 0.5475260416666669 0.52392578125 0.5475260416666669 0.52392578125 0.7692057291666666 0.685302734375 0.7692057291666666
25 0.723876953125 0.75390625 0.536376953125 0.75390625 0.536376953125 0.9632161458333334 0.723876953125 0.9632161458333334
20 0.5048828125 0.2444661458333334 0.325439453125 0.2444661458333334 0.325439453125 0.47526041666666674 0.5048828125 0.4752604166666668
18 0.525390625 0.5266927083333334 0.35205078125 0.5266927083333334 0.35205078125000006 0.7350260416666666 0.525390625 0.7350260416666666
21 0.513671875 0.6800130208333334 0.3571777343750001 0.6800130208333334 0.3571777343750001 0.9280598958333334 0.513671875 0.9280598958333334
23 0.362548828125 0.3268229166666667 0.16625976562500006 0.3268229166666667 0.16625976562500006 0.515625 0.362548828125 0.515625