12 0.4768880208333334 0.359375 0.1595052083333334 0.359375 0.15950520833333343 0.56982421875 0.4768880208333335 0.56982421875
10 0.40592447916666674 0.452880859375 0.07552083333333341 0.452880859375 0.07552083333333343 0.694580078125 0.4059244791666668 0.694580078125
16 0.5996093750000001 0.6591796875 0.28710937500000006 0.6591796875 0.2871093750000001 0.90185546875 0.5996093750000001 0.90185546875
12 0.6051432291666669 0.48779296875000006 0.3382161458333335 0.48779296875 0.3382161458333335 0.693359375 0.6051432291666669 0.693359375
9 0.7581380208333334 0.55419921875 0.4778645833333335 0.55419921875 0.4778645833333335 0.76806640625 0.7581380208333334 0.76806640625
17 0.8955078125 0.4687500000000001 0.6044921875000001 0.4687500000000001 0.6044921875000001 0.668701171875 0.8955078125 0.668701171875
10 0.7044270833333334 0.34155273437500006 0.5113932291666666 0.341552734375 0.5113932291666667 0.5126953125 0.7044270833333334 0.5126953125
13 0.8525390625 0.3088378906250001 0.654296875 0.3088378906250001 0.6542968750000001 0.4765625000000001 0.8525390625 0.4765625000000001
11 0.5595703125000001 0.22973632812500003 0.2151692708333334 0.229736328125 0.2151692708333334 0.474365234375 0.5595703125000001 0.474365234375
13 0.6761067708333334 0.15087890625000006 0.3655598958333333 0.15087890625000006 0.3655598958333333 0.37915039062500006 0.6761067708333334 0.3791503906250001
11 0.8746744791666666 0.15112304687500006 0.62109375 0.15112304687500006 0.62109375 0.3125000000000001 0.8746744791666666 0.3125000000000001