26 0.51953125 0.2327473958333334 0.4296875 0.2327473958333334 0.4296875 0.34244791666666674 0.51953125 0.3424479166666668
24 0.57470703125 0.2835286458333334 0.514404296875 0.2835286458333334 0.514404296875 0.40332031250000017 0.57470703125 0.40332031250000017
23 0.6650390625 0.053710937500000104 0.581787109375 0.05371093750000009 0.581787109375 0.1819661458333334 0.6650390625 0.1819661458333334
23 0.666748046875 0.2542317708333334 0.570556640625 0.2542317708333334 0.570556640625 0.35546875000000017 0.666748046875 0.35546875000000017
26 0.664306640625 0.3531901041666668 0.579345703125 0.3531901041666668 0.579345703125 0.4544270833333335 0.664306640625 0.4544270833333335
24 0.61474609375 0.48535156250000017 0.541259765625 0.48535156250000017 0.541259765625 0.6051432291666669 0.61474609375 0.6051432291666669
23 0.69775390625 0.49511718750000017 0.62744140625 0.49511718750000017 0.62744140625 0.6106770833333335 0.69775390625 0.6106770833333335
24 0.761962890625 0.4680989583333335 0.679443359375 0.4680989583333335 0.679443359375 0.5800781250000001 0.761962890625 0.5800781250000001
22 0.769287109375 0.3411458333333335 0.675537109375 0.3411458333333335 0.675537109375 0.4488932291666668 0.769287109375 0.4488932291666668
21 0.78564453125 0.2522786458333335 0.69580078125 0.2522786458333335 0.69580078125 0.3717447916666668 0.78564453125 0.3717447916666668
25 0.806640625 0.5973307291666669 0.719482421875 0.5973307291666669 0.719482421875 0.6832682291666666 0.806640625 0.6832682291666666
20 0.71630859375 0.6178385416666669 0.64697265625 0.6178385416666669 0.64697265625 0.7311197916666666 0.71630859375 0.7311197916666666
19 0.66357421875 0.6103515625000001 0.5712890625 0.6103515625000001 0.5712890625 0.7278645833333334 0.66357421875 0.7278645833333334
19 0.586181640625 0.6145833333333335 0.4875488281250001 0.6145833333333335 0.4875488281250001 0.7200520833333334 0.586181640625 0.7200520833333334
19 0.5439453125 0.7197265625 0.4809570312500001 0.7197265625 0.4809570312500001 0.8372395833333334 0.5439453125 0.8372395833333334
21 0.60888671875 0.7317708333333334 0.542724609375 0.7317708333333334 0.542724609375 0.82421875 0.60888671875 0.82421875
20 0.6513671875 0.8056640625 0.563232421875 0.8056640625 0.563232421875 0.8971354166666666 0.6513671875 0.8971354166666666
18 0.47460937500000006 0.5787760416666667 0.406982421875 0.5787760416666666 0.40698242187500006 0.7083333333333334 0.4746093750000001 0.7083333333333334