9 0.6315104166666666 0.22387695312500006 0.4755859375 0.22387695312500006 0.4755859375 0.33129882812500006 0.6315104166666666 0.3312988281250001
17 0.9996744791666666 0.3928222656250001 0.8434244791666666 0.3928222656250001 0.8434244791666666 0.518310546875 0.9996744791666666 0.518310546875
16 0.9811197916666666 0.50927734375 0.7890625 0.50927734375 0.7890625 0.64111328125 0.9811197916666666 0.64111328125
9 0.84765625 0.6142578125 0.6503906250000001 0.6142578125 0.6503906250000001 0.7314453125 0.84765625 0.7314453125
13 0.7600911458333334 0.4787597656250001 0.6074218750000001 0.4787597656250001 0.6074218750000001 0.61376953125 0.7600911458333334 0.61376953125
13 0.6533203125000001 0.528564453125 0.4788411458333335 0.528564453125 0.4788411458333335 0.631591796875 0.6533203125000001 0.631591796875
12 0.4085286458333335 0.6005859375 0.20410156250000008 0.6005859375 0.2041015625000001 0.734375 0.4085286458333335 0.734375
10 0.6142578125000001 0.609130859375 0.46289062500000017 0.609130859375 0.46289062500000017 0.755615234375 0.6142578125000001 0.755615234375
15 0.27832031250000006 0.526123046875 0.09863281250000007 0.526123046875 0.0986328125000001 0.636474609375 0.27832031250000006 0.636474609375
12 0.39257812500000017 0.482177734375 0.2473958333333334 0.482177734375 0.2473958333333334 0.6123046875 0.39257812500000017 0.6123046875
10 0.49902343750000017 0.46630859375 0.3587239583333335 0.46630859375 0.3587239583333335 0.59423828125 0.49902343750000017 0.59423828125
16 0.5976562500000001 0.415283203125 0.4521484375 0.415283203125 0.45214843750000006 0.546875 0.5976562500000001 0.546875
17 0.7506510416666666 0.38916015625000006 0.5651041666666666 0.38916015625 0.5651041666666667 0.511474609375 0.7506510416666666 0.511474609375
16 0.9208984375 0.4416503906250001 0.7392578125 0.4416503906250001 0.7392578125 0.564453125 0.9208984375 0.564453125
13 0.3531901041666667 0.06323242187500003 0.171875 0.06323242187500003 0.171875 0.20434570312500003 0.3531901041666667 0.20434570312500006
17 0.4921875 0.16552734375000006 0.3365885416666667 0.16552734375000006 0.3365885416666667 0.296142578125 0.4921875 0.296142578125
12 0.5911458333333334 0.12158203125000004 0.4339192708333333 0.12158203125000003 0.4339192708333333 0.23999023437500006 0.5911458333333334 0.23999023437500006
15 0.28808593750000006 0.145263671875 0.09667968750000004 0.145263671875 0.09667968750000004 0.276123046875 0.28808593750000006 0.276123046875
11 0.7444661458333334 0.16113281250000006 0.5777994791666666 0.16113281250000006 0.5777994791666666 0.26416015625000006 0.7444661458333334 0.2641601562500001
11 0.7893880208333334 0.23535156250000006 0.6184895833333334 0.23535156250000006 0.6184895833333334 0.3664550781250001 0.7893880208333334 0.3664550781250001
14 0.9371744791666666 0.3068847656250001 0.7574869791666666 0.3068847656250001 0.7574869791666666 0.4199218750000001 0.9371744791666666 0.4199218750000001
14 0.7080078125 0.30273437500000006 0.5419921875 0.302734375 0.5419921875 0.42456054687500006 0.7080078125 0.4245605468750001
11 0.5960286458333334 0.30322265625 0.4293619791666667 0.30322265625 0.4293619791666667 0.430419921875 0.5960286458333334 0.430419921875
9 0.3961588541666667 0.2587890625 0.25195312500000006 0.2587890625 0.25195312500000006 0.390625 0.3961588541666667 0.390625
10 0.46875000000000006 0.364501953125 0.27734375000000006 0.364501953125 0.27734375000000006 0.4833984375 0.46875000000000017 0.4833984375
15 0.2639973958333334 0.33251953125 0.06412760416666673 0.33251953125 0.06412760416666673 0.4775390625 0.2639973958333334 0.4775390625
14 0.8577473958333334 0.3547363281250001 0.6979166666666666 0.3547363281250001 0.6979166666666666 0.4916992187500001 0.8577473958333334 0.4916992187500001