9 0.6725260416666666 0.48291015625000006 0.5068359375000001 0.48291015625 0.5068359375000001 0.562744140625 0.6725260416666666 0.562744140625
15 0.5621744791666667 0.4033203125 0.390625 0.4033203125 0.39062500000000006 0.507568359375 0.5621744791666669 0.507568359375
14 0.416015625 0.21582031250000003 0.24381510416666666 0.2158203125 0.2438151041666667 0.3388671875 0.416015625 0.3388671875
17 0.3610026041666667 0.32568359375 0.18229166666666674 0.32568359375 0.18229166666666674 0.44287109375 0.3610026041666667 0.44287109375
9 0.4811197916666667 0.29541015625 0.31803385416666674 0.29541015625 0.31803385416666674 0.4169921875 0.4811197916666667 0.4169921875
13 0.6868489583333334 0.25219726562500006 0.5309244791666666 0.252197265625 0.5309244791666666 0.37451171875000006 0.6868489583333334 0.3745117187500001
11 0.890625 0.24804687500000006 0.7161458333333334 0.24804687500000006 0.7161458333333334 0.3586425781250001 0.890625 0.3586425781250001
11 0.6549479166666666 0.15161132812500006 0.5270182291666666 0.15161132812500006 0.5270182291666666 0.27319335937500006 0.6549479166666666 0.2731933593750001
13 0.7796223958333334 0.3627929687500001 0.640625 0.3627929687500001 0.6406250000000001 0.4819335937500001 0.7796223958333334 0.4819335937500001
17 0.9192708333333334 0.50244140625 0.7431640625 0.50244140625 0.7431640625 0.626953125 0.9192708333333334 0.626953125
12 0.7268880208333334 0.54443359375 0.5641276041666669 0.54443359375 0.5641276041666669 0.6708984375 0.7268880208333334 0.6708984375
13 0.6497395833333335 0.64599609375 0.4895833333333335 0.64599609375 0.4895833333333335 0.775634765625 0.6497395833333335 0.775634765625
16 0.4007161458333335 0.541015625 0.25846354166666674 0.541015625 0.25846354166666674 0.668212890625 0.4007161458333335 0.668212890625
16 0.5960286458333335 0.55810546875 0.4059244791666668 0.55810546875 0.4059244791666668 0.662353515625 0.5960286458333335 0.662353515625
12 0.4938151041666668 0.46533203125 0.3304036458333334 0.46533203125 0.3304036458333334 0.59033203125 0.4938151041666668 0.59033203125
10 0.39648437500000006 0.414306640625 0.2122395833333334 0.414306640625 0.2122395833333334 0.525390625 0.39648437500000017 0.525390625
10 0.6360677083333334 0.33129882812500006 0.4700520833333333 0.331298828125 0.4700520833333333 0.44824218750000006 0.6360677083333334 0.4482421875000001
12 0.26529947916666674 0.49462890625 0.09765625000000007 0.49462890625 0.0976562500000001 0.603271484375 0.26529947916666674 0.603271484375