24 0.473388671875 0.1253255208333334 0.31396484375 0.12532552083333337 0.31396484375 0.33398437500000006 0.473388671875 0.33398437500000017
22 0.52197265625 0.33268229166666674 0.37646484375 0.33268229166666674 0.37646484375 0.48307291666666674 0.52197265625 0.4830729166666668
23 0.60400390625 0.43652343750000017 0.489013671875 0.43652343750000017 0.489013671875 0.5507812500000001 0.60400390625 0.5507812500000001
19 0.52783203125 0.49511718750000006 0.370361328125 0.4951171875 0.37036132812500006 0.6956380208333334 0.52783203125 0.6956380208333334
19 0.4943847656250001 0.6536458333333334 0.3547363281250001 0.6536458333333334 0.3547363281250001 0.85546875 0.4943847656250001 0.85546875
20 0.606201171875 0.6920572916666666 0.4477539062500001 0.6920572916666666 0.4477539062500001 0.8834635416666666 0.606201171875 0.8834635416666666
21 0.662353515625 0.5387369791666669 0.540771484375 0.5387369791666669 0.540771484375 0.66796875 0.662353515625 0.66796875
19 0.687255859375 0.3395182291666668 0.5595703125 0.3395182291666668 0.5595703125 0.5361328125000001 0.687255859375 0.5361328125000001
21 0.781494140625 0.4264322916666668 0.65576171875 0.4264322916666668 0.65576171875 0.6243489583333335 0.781494140625 0.6243489583333335
20 0.87548828125 0.4713541666666668 0.7587890625 0.4713541666666668 0.7587890625 0.6429036458333335 0.87548828125 0.6429036458333335
25 0.847412109375 0.3453776041666668 0.725830078125 0.3453776041666668 0.725830078125 0.4554036458333335 0.847412109375 0.4554036458333335