24 0.08740234375000001 0.012695312500000007 1.1660455362975288e-18 0.0126953125 1.255741346781954e-17 0.2607421875 0.08740234375000003 0.2607421875
18 0.21044921875 1.9673281099583946e-17 0.030517578125 4.983100582468071e-18 0.030517578125000007 0.13964843750000003 0.21044921875 0.13964843750000003
19 0.874755859375 0.3987630208333335 0.749755859375 0.3987630208333335 0.749755859375 0.5862630208333335 0.874755859375 0.5862630208333335
22 0.777099609375 0.4388020833333335 0.64453125 0.4388020833333335 0.64453125 0.6438802083333335 0.777099609375 0.6438802083333335
23 0.6298828125 0.4964192708333335 0.482421875 0.4964192708333335 0.48242187500000006 0.7177734375 0.6298828125 0.7177734375
20 0.54296875 0.7301432291666666 0.3837890625000001 0.7301432291666666 0.3837890625000001 0.9547526041666666 0.54296875 0.9547526041666666
26 0.52685546875 0.5413411458333334 0.3603515625 0.5413411458333334 0.36035156250000006 0.7600911458333334 0.52685546875 0.7600911458333334
26 0.44433593750000006 0.416015625 0.27880859375 0.416015625 0.27880859375000006 0.6598307291666666 0.4443359375000001 0.6598307291666666
21 0.3486328125000001 0.7014973958333334 0.16918945312500006 0.7014973958333334 0.16918945312500008 0.92578125 0.3486328125000001 0.92578125
18 0.440185546875 0.10514322916666673 0.282958984375 0.1051432291666667 0.282958984375 0.32714843750000006 0.440185546875 0.32714843750000006
18 0.64208984375 0.058919270833333426 0.507568359375 0.058919270833333405 0.507568359375 0.2659505208333334 0.64208984375 0.2659505208333334
25 0.34716796875 0.25488281250000006 0.2099609375 0.2548828125 0.20996093750000003 0.4619140625 0.34716796875 0.4619140625