11 0.5380859375 0.08471679687500004 0.3551432291666667 0.08471679687500003 0.3551432291666667 0.17846679687500006 0.5380859375 0.17846679687500006
12 0.4645182291666667 0.16333007812500006 0.30859375 0.16333007812500006 0.30859375000000006 0.287841796875 0.4645182291666667 0.287841796875
16 0.5807291666666666 0.15917968750000006 0.4358723958333333 0.15917968750000006 0.4358723958333333 0.28662109375 0.5807291666666666 0.28662109375
17 0.6936848958333334 0.16870117187500006 0.5478515625 0.16870117187500006 0.5478515625 0.28466796875000006 0.6936848958333334 0.2846679687500001
13 0.42480468750000006 0.393798828125 0.27311197916666674 0.393798828125 0.27311197916666674 0.5224609375 0.42480468750000017 0.5224609375
10 0.4856770833333335 0.4775390625 0.3453776041666668 0.4775390625 0.3453776041666668 0.60302734375 0.4856770833333335 0.60302734375
12 0.5013020833333335 0.58154296875 0.30143229166666674 0.58154296875 0.3014322916666668 0.68701171875 0.5013020833333335 0.68701171875
9 0.45312500000000017 0.652587890625 0.2718098958333334 0.652587890625 0.2718098958333334 0.76025390625 0.45312500000000017 0.76025390625
13 0.41503906250000017 0.754638671875 0.22233072916666682 0.754638671875 0.22233072916666682 0.89501953125 0.41503906250000017 0.89501953125
16 0.5976562500000001 0.7470703125 0.41601562500000017 0.7470703125 0.41601562500000017 0.890625 0.5976562500000001 0.890625
14 0.5579427083333334 0.376708984375 0.416015625 0.376708984375 0.41601562500000006 0.501220703125 0.5579427083333335 0.501220703125
9 0.6471354166666667 0.43286132812500006 0.5166015625 0.432861328125 0.5166015625000001 0.55419921875 0.6471354166666669 0.55419921875
10 0.7659505208333334 0.524169921875 0.6113281250000001 0.524169921875 0.6113281250000001 0.64013671875 0.7659505208333334 0.64013671875
15 0.7985026041666666 0.4064941406250001 0.6354166666666666 0.4064941406250001 0.6354166666666667 0.50634765625 0.7985026041666666 0.50634765625
14 0.84375 0.633544921875 0.6822916666666666 0.633544921875 0.6822916666666666 0.720947265625 0.84375 0.720947265625
15 0.8564453125 0.4829101562500001 0.7259114583333334 0.4829101562500001 0.7259114583333334 0.60400390625 0.8564453125 0.60400390625
11 0.9671223958333334 0.4775390625000001 0.8294270833333334 0.4775390625000001 0.8294270833333334 0.60400390625 0.9671223958333334 0.60400390625
14 0.9075520833333334 0.3630371093750001 0.7373046875 0.3630371093750001 0.7373046875 0.4704589843750001 0.9075520833333334 0.4704589843750001