4 0.8466796875 0.20898437500000006 0.6565755208333334 0.20898437500000006 0.6565755208333334 0.3344726562500001 0.8466796875 0.3344726562500001
7 0.5351562500000001 0.55712890625 0.38085937500000017 0.55712890625 0.38085937500000017 0.714599609375 0.5351562500000001 0.714599609375
0 0.6809895833333334 0.5634765625 0.5179036458333335 0.5634765625 0.5179036458333335 0.71142578125 0.6809895833333334 0.71142578125
8 0.8489583333333334 0.53369140625 0.6396484375000001 0.53369140625 0.6396484375000001 0.65380859375 0.8489583333333334 0.65380859375
3 0.4153645833333335 0.5126953125 0.24772135416666674 0.5126953125 0.24772135416666677 0.680419921875 0.4153645833333335 0.680419921875
5 0.2766927083333334 0.5390625 0.11686197916666674 0.5390625 0.11686197916666675 0.69189453125 0.2766927083333335 0.69189453125
8 0.5029296875000001 0.4013671875 0.27506510416666674 0.4013671875 0.27506510416666674 0.55224609375 0.5029296875000001 0.55224609375
3 0.7210286458333334 0.37939453125000006 0.5501302083333334 0.37939453125 0.5501302083333334 0.53125 0.7210286458333334 0.53125
0 0.9147135416666666 0.3994140625000001 0.6959635416666666 0.3994140625000001 0.6959635416666666 0.54248046875 0.9147135416666666 0.54248046875
5 0.8902994791666666 0.2819824218750001 0.6764322916666666 0.2819824218750001 0.6764322916666666 0.4318847656250001 0.8902994791666666 0.4318847656250001
6 0.701171875 0.25097656250000006 0.478515625 0.2509765625 0.478515625 0.39648437500000006 0.701171875 0.3964843750000001
8 0.5738932291666667 0.30224609375 0.3629557291666667 0.30224609375 0.36295572916666674 0.45751953125 0.5738932291666669 0.45751953125
2 0.3128255208333334 0.378662109375 0.08365885416666674 0.378662109375 0.08365885416666674 0.5009765625 0.3128255208333334 0.5009765625
4 0.3369140625 0.2763671875 0.1227213541666667 0.2763671875 0.12272135416666673 0.3974609375 0.3369140625 0.3974609375
3 0.3733723958333333 0.17480468750000003 0.1647135416666667 0.1748046875 0.1647135416666667 0.2978515625 0.3733723958333333 0.2978515625
2 0.5221354166666666 0.17651367187500006 0.3460286458333333 0.17651367187500006 0.3460286458333333 0.33154296875 0.5221354166666666 0.33154296875
2 0.7581380208333334 0.12402343750000007 0.5390625 0.12402343750000006 0.5390625 0.27075195312500006 0.7581380208333334 0.2707519531250001