17 0.2815755208333333 0.08935546875000001 0.13411458333333334 0.08935546875 0.13411458333333334 0.21484375 0.2815755208333333 0.21484375
11 0.41796875 0.09667968750000003 0.2945963541666667 0.09667968750000003 0.2945963541666667 0.21142578125000003 0.41796875 0.21142578125000006
10 0.6595052083333334 0.22387695312500006 0.501953125 0.22387695312500006 0.501953125 0.34838867187500006 0.6595052083333334 0.3483886718750001
15 0.7509765625 0.16455078125000006 0.5823567708333334 0.16455078125000006 0.5823567708333334 0.29174804687500006 0.7509765625 0.2917480468750001
14 0.8512369791666666 0.22534179687500006 0.6585286458333334 0.22534179687500006 0.6585286458333334 0.3408203125000001 0.8512369791666666 0.3408203125000001
11 0.9723307291666666 0.2897949218750001 0.8147786458333334 0.2897949218750001 0.8147786458333334 0.4143066406250001 0.9723307291666666 0.4143066406250001
9 0.89453125 0.3754882812500001 0.7415364583333334 0.3754882812500001 0.7415364583333334 0.4641113281250001 0.89453125 0.4641113281250001
12 0.458984375 0.22753906250000003 0.30078125000000006 0.2275390625 0.30078125000000006 0.343994140625 0.458984375 0.343994140625
12 0.3541666666666667 0.28125 0.18815104166666674 0.28125 0.18815104166666674 0.367431640625 0.3541666666666667 0.367431640625
10 0.30175781250000006 0.338623046875 0.14388020833333337 0.338623046875 0.1438802083333334 0.461669921875 0.30175781250000006 0.461669921875
16 0.19303385416666674 0.381591796875 0.04752604166666672 0.381591796875 0.047526041666666734 0.50537109375 0.19303385416666674 0.50537109375
9 0.31640625000000006 0.460205078125 0.1477864583333334 0.460205078125 0.1477864583333334 0.566162109375 0.31640625000000006 0.566162109375
16 0.2513020833333334 0.526123046875 0.09765625000000007 0.526123046875 0.0976562500000001 0.626220703125 0.2513020833333334 0.626220703125
17 0.4602864583333334 0.346923828125 0.27994791666666674 0.346923828125 0.27994791666666674 0.4697265625 0.4602864583333335 0.4697265625
12 0.3538411458333335 0.595703125 0.19498697916666674 0.595703125 0.19498697916666677 0.69580078125 0.3538411458333335 0.69580078125
13 0.42578125000000017 0.692626953125 0.2561848958333335 0.692626953125 0.2561848958333335 0.79833984375 0.42578125000000017 0.79833984375
15 0.37695312500000017 0.52001953125 0.2688802083333334 0.52001953125 0.2688802083333334 0.62744140625 0.37695312500000017 0.62744140625
13 0.4925130208333334 0.44384765625 0.3483072916666667 0.44384765625 0.34830729166666674 0.56494140625 0.4925130208333335 0.56494140625
10 0.5527343750000001 0.5234375 0.3880208333333335 0.5234375 0.3880208333333335 0.660888671875 0.5527343750000001 0.660888671875
15 0.6061197916666669 0.46044921875000006 0.4661458333333335 0.46044921875 0.4661458333333335 0.580322265625 0.6061197916666669 0.580322265625
13 0.6826171875 0.554931640625 0.5647786458333335 0.554931640625 0.5647786458333335 0.655029296875 0.6826171875 0.655029296875
11 0.7210286458333334 0.6494140625 0.5690104166666669 0.6494140625 0.5690104166666669 0.767333984375 0.7210286458333334 0.767333984375
17 0.8170572916666666 0.732421875 0.681640625 0.732421875 0.681640625 0.860595703125 0.8170572916666666 0.860595703125
14 0.7815755208333334 0.516845703125 0.6438802083333335 0.516845703125 0.6438802083333335 0.6220703125 0.7815755208333334 0.6220703125
9 0.7350260416666666 0.42480468750000006 0.5432942708333334 0.4248046875 0.5432942708333334 0.5537109375 0.7350260416666666 0.5537109375
14 0.6119791666666667 0.36401367187500006 0.4876302083333333 0.364013671875 0.4876302083333334 0.47998046875000006 0.6119791666666669 0.4799804687500001