20 0.874267578125 0.45410156250000017 0.761962890625 0.45410156250000017 0.761962890625 0.6253255208333335 0.874267578125 0.6253255208333335
25 0.8564453125 0.3304036458333335 0.710205078125 0.3304036458333335 0.710205078125 0.5013020833333335 0.8564453125 0.5013020833333335
21 0.780029296875 0.41992187500000017 0.6484375 0.41992187500000017 0.6484375 0.6041666666666669 0.780029296875 0.6041666666666669
24 0.84521484375 0.18554687500000014 0.702880859375 0.18554687500000014 0.702880859375 0.3723958333333335 0.84521484375 0.3723958333333335
26 0.75048828125 0.11621093750000011 0.603515625 0.11621093750000011 0.603515625 0.2867838541666668 0.75048828125 0.2867838541666668
23 0.70751953125 0.22428385416666677 0.5703125 0.22428385416666674 0.5703125 0.3948567708333335 0.70751953125 0.3948567708333335
19 0.593994140625 0.2405598958333334 0.46875 0.2405598958333334 0.46875 0.4251302083333335 0.593994140625 0.4251302083333335
19 0.676025390625 0.3626302083333335 0.53271484375 0.3626302083333335 0.53271484375 0.5371093750000001 0.676025390625 0.5371093750000001
18 0.5166015625 0.30924479166666674 0.37548828125 0.30924479166666674 0.37548828125 0.5009765625000001 0.5166015625 0.5009765625000001
21 0.563232421875 0.4934895833333334 0.43408203125 0.4934895833333333 0.43408203125000006 0.6210937500000001 0.563232421875 0.6210937500000001
19 0.4650878906250001 0.6230468750000001 0.3374023437500001 0.623046875 0.3374023437500001 0.8232421875 0.4650878906250001 0.8232421875
20 0.5771484375 0.6946614583333334 0.4379882812500001 0.6946614583333334 0.4379882812500001 0.8408203125 0.5771484375 0.8408203125