26 0.33276367187500006 0.5309244791666666 0.22021484375000006 0.5309244791666666 0.22021484375000006 0.7073567708333334 0.3327636718750001 0.7073567708333334
25 0.45678710937500006 0.5706380208333334 0.349609375 0.5706380208333334 0.34960937500000006 0.7350260416666666 0.4567871093750001 0.7350260416666666
18 0.4128417968750001 0.7135416666666666 0.3142089843750001 0.7135416666666666 0.3142089843750001 0.8821614583333334 0.4128417968750001 0.8821614583333334
19 0.5556640625 0.7848307291666666 0.4536132812500001 0.7848307291666666 0.4536132812500001 0.9567057291666666 0.5556640625 0.9567057291666666
21 0.6416015625 0.7600911458333334 0.537109375 0.7600911458333334 0.537109375 0.9182942708333334 0.6416015625 0.9182942708333334
20 0.702392578125 0.8551432291666666 0.578369140625 0.8551432291666666 0.578369140625 0.9996744791666666 0.702392578125 0.9996744791666666
19 0.693359375 0.6272786458333335 0.574462890625 0.6272786458333335 0.574462890625 0.7688802083333334 0.693359375 0.7688802083333334
19 0.586181640625 0.6471354166666669 0.4589843750000001 0.6471354166666669 0.4589843750000001 0.7867838541666666 0.586181640625 0.7867838541666666
24 0.610107421875 0.49902343750000017 0.509521484375 0.49902343750000017 0.509521484375 0.6647135416666669 0.610107421875 0.6647135416666669
20 0.767333984375 0.6057942708333335 0.66650390625 0.6057942708333335 0.66650390625 0.7630208333333334 0.767333984375 0.7630208333333334
25 0.881103515625 0.5602213541666669 0.75439453125 0.5602213541666669 0.75439453125 0.6800130208333334 0.881103515625 0.6800130208333334
24 0.79345703125 0.4046223958333335 0.695068359375 0.4046223958333335 0.695068359375 0.5621744791666669 0.79345703125 0.5621744791666669
23 0.727783203125 0.43750000000000017 0.615478515625 0.43750000000000017 0.615478515625 0.6005859375000001 0.727783203125 0.6005859375000001
24 0.5458984375 0.31705729166666674 0.4208984375 0.31705729166666674 0.4208984375 0.4944661458333334 0.5458984375 0.4944661458333335
26 0.46240234375 0.2747395833333334 0.329833984375 0.2747395833333334 0.329833984375 0.4524739583333334 0.46240234375 0.4524739583333335
23 0.6201171875 0.14290364583333343 0.489013671875 0.1429036458333334 0.489013671875 0.28092447916666674 0.6201171875 0.28092447916666674
21 0.826171875 0.10188802083333347 0.708740234375 0.10188802083333344 0.708740234375 0.2565104166666668 0.826171875 0.2565104166666668
23 0.750244140625 0.16178385416666677 0.619384765625 0.16178385416666677 0.619384765625 0.3219401041666668 0.750244140625 0.3219401041666668
22 0.810546875 0.2545572916666668 0.689697265625 0.2545572916666668 0.689697265625 0.4251302083333335 0.810546875 0.4251302083333335
26 0.701171875 0.3024088541666668 0.598876953125 0.30240885416666674 0.598876953125 0.4690755208333335 0.701171875 0.4690755208333335