15 0.4897460937500001 0.7447916666666666 0.3718261718750001 0.7447916666666666 0.3718261718750001 0.9544270833333334 0.4897460937500001 0.9544270833333334
12 0.62744140625 0.6920572916666666 0.4760742187500001 0.6920572916666666 0.4760742187500001 0.919921875 0.62744140625 0.919921875
16 0.734130859375 0.5576171875000001 0.556640625 0.5576171875000001 0.556640625 0.7740885416666666 0.734130859375 0.7740885416666666
16 0.55078125 0.5462239583333334 0.367919921875 0.5462239583333334 0.36791992187500006 0.7457682291666666 0.55078125 0.7457682291666666
17 0.7568359375 0.3336588541666668 0.568115234375 0.3336588541666668 0.568115234375 0.5670572916666669 0.7568359375 0.5670572916666669
13 0.607421875 0.3665364583333334 0.43505859375 0.3665364583333333 0.43505859375 0.5957031250000001 0.607421875 0.5957031250000001
17 0.46948242187500006 0.44791666666666674 0.296630859375 0.4479166666666667 0.29663085937500006 0.6598307291666667 0.4694824218750001 0.6598307291666669
13 0.27978515625 0.3714192708333333 0.14404296875000006 0.3714192708333333 0.14404296875000006 0.5908203125 0.27978515625 0.5908203125
16 0.403564453125 0.28710937500000006 0.2509765625 0.28710937500000006 0.2509765625 0.5182291666666666 0.403564453125 0.5182291666666666
13 0.3759765625 0.15429687500000006 0.1962890625 0.15429687500000003 0.19628906250000003 0.3649088541666667 0.3759765625 0.3649088541666667
11 0.3671875 0.010416666666666713 0.19287109375 0.010416666666666699 0.19287109375 0.2194010416666667 0.3671875 0.21940104166666674
10 0.530029296875 0.20084635416666674 0.36083984375 0.20084635416666674 0.36083984375 0.44108072916666674 0.530029296875 0.4410807291666668
9 0.63037109375 0.08626302083333343 0.467529296875 0.08626302083333341 0.467529296875 0.28385416666666674 0.63037109375 0.28385416666666674