11 0.7236328125 0.05932617187500006 0.5787760416666666 0.059326171875000056 0.5787760416666666 0.14868164062500006 0.7236328125 0.14868164062500006
12 0.5693359375 0.11035156250000004 0.4430338541666667 0.11035156250000003 0.4430338541666667 0.21020507812500006 0.5693359375 0.21020507812500006
16 0.6767578125 0.12841796875000006 0.5703125 0.12841796875000006 0.5703125 0.22631835937500006 0.6767578125 0.22631835937500006
13 0.5777994791666666 0.20043945312500006 0.4417317708333333 0.20043945312500006 0.4417317708333333 0.2919921875 0.5777994791666666 0.2919921875
14 0.7135416666666666 0.21215820312500006 0.5944010416666666 0.21215820312500006 0.5944010416666666 0.30371093750000006 0.7135416666666666 0.3037109375000001
17 0.8238932291666666 0.19311523437500006 0.6848958333333334 0.19311523437500006 0.6848958333333334 0.3005371093750001 0.8238932291666666 0.3005371093750001
11 0.6217447916666666 0.28759765625000006 0.4654947916666667 0.28759765625 0.4654947916666667 0.36962890625000006 0.6217447916666666 0.3696289062500001
15 0.7236328125 0.3034667968750001 0.6070963541666666 0.3034667968750001 0.6070963541666666 0.4013671875000001 0.7236328125 0.4013671875000001
11 0.8720703125 0.3427734375000001 0.71484375 0.3427734375000001 0.71484375 0.4428710937500001 0.8720703125 0.4428710937500001
15 0.5283203125000001 0.34765625 0.3678385416666667 0.34765625 0.36783854166666674 0.4541015625 0.5283203125000001 0.4541015625
14 0.3245442708333334 0.381103515625 0.1546223958333334 0.381103515625 0.1546223958333334 0.510986328125 0.3245442708333334 0.510986328125
10 0.6048177083333334 0.42651367187500006 0.4388020833333333 0.426513671875 0.4388020833333334 0.531982421875 0.6048177083333335 0.531982421875
13 0.5875651041666669 0.522216796875 0.45996093750000017 0.522216796875 0.45996093750000017 0.636962890625 0.5875651041666669 0.636962890625
10 0.5875651041666669 0.609130859375 0.3990885416666668 0.609130859375 0.3990885416666668 0.72412109375 0.5875651041666669 0.72412109375
16 0.7434895833333334 0.48510742187500006 0.5804036458333335 0.485107421875 0.5804036458333335 0.576416015625 0.7434895833333334 0.576416015625
14 0.7376302083333334 0.38940429687500006 0.5986328125 0.389404296875 0.5986328125000001 0.49584960937500006 0.7376302083333334 0.4958496093750001
12 0.2070312500000001 0.59716796875 0.042317708333333426 0.59716796875 0.04231770833333343 0.73193359375 0.20703125000000014 0.73193359375
16 0.3489583333333335 0.505859375 0.19921875000000008 0.505859375 0.19921875000000008 0.63232421875 0.3489583333333335 0.63232421875
12 0.17154947916666674 0.392578125 0.013997395833333398 0.392578125 0.013997395833333407 0.515869140625 0.17154947916666674 0.515869140625
9 0.4378255208333334 0.411865234375 0.2708333333333334 0.411865234375 0.2708333333333334 0.5390625 0.4378255208333335 0.5390625
9 0.4759114583333333 0.2548828125 0.3079427083333334 0.2548828125 0.3079427083333334 0.36767578125 0.4759114583333333 0.36767578125
13 0.7763671875 0.647216796875 0.6090494791666669 0.647216796875 0.6090494791666669 0.78515625 0.7763671875 0.78515625
9 0.7457682291666666 0.5673828125 0.5677083333333335 0.5673828125 0.5677083333333335 0.666748046875 0.7457682291666666 0.666748046875