11 0.3772786458333333 0.04394531250000003 0.2509765625 0.04394531250000003 0.2509765625 0.15869140625000003 0.3772786458333333 0.15869140625000006
11 0.5947265625 0.353271484375 0.4345703125 0.353271484375 0.4345703125 0.447998046875 0.5947265625 0.447998046875
9 0.49414062500000006 0.394775390625 0.31152343750000006 0.394775390625 0.31152343750000006 0.509765625 0.49414062500000017 0.509765625
12 0.35839843750000017 0.474365234375 0.19401041666666674 0.474365234375 0.19401041666666674 0.586181640625 0.35839843750000017 0.586181640625
11 0.45898437500000017 0.517822265625 0.3001302083333334 0.517822265625 0.3001302083333334 0.630615234375 0.45898437500000017 0.630615234375
15 0.3271484375000001 0.59423828125 0.1386718750000001 0.59423828125 0.1386718750000001 0.69970703125 0.32714843750000017 0.69970703125
13 0.5345052083333335 0.75927734375 0.33886718750000017 0.75927734375 0.33886718750000017 0.892333984375 0.5345052083333335 0.892333984375
9 0.6201171875000001 0.46704101562500006 0.4514973958333335 0.467041015625 0.4514973958333335 0.56689453125 0.6201171875000001 0.56689453125
17 0.6669921875 0.548583984375 0.4954427083333335 0.548583984375 0.4954427083333335 0.674072265625 0.6669921875 0.674072265625
14 0.7744140625 0.516845703125 0.6184895833333335 0.516845703125 0.6184895833333335 0.642333984375 0.7744140625 0.642333984375
16 0.38476562500000017 0.69091796875 0.20279947916666682 0.69091796875 0.20279947916666682 0.795166015625 0.38476562500000017 0.795166015625
10 0.5257161458333335 0.592041015625 0.3346354166666668 0.592041015625 0.3346354166666668 0.7373046875 0.5257161458333335 0.7373046875
10 0.8385416666666666 0.17016601562500006 0.6643880208333334 0.17016601562500006 0.6643880208333334 0.2924804687500001 0.8385416666666666 0.2924804687500001
15 0.9475911458333334 0.23291015625000008 0.7770182291666666 0.23291015625000006 0.7770182291666666 0.3295898437500001 0.9475911458333334 0.3295898437500001
12 0.8020833333333334 0.2971191406250001 0.6328125 0.2971191406250001 0.6328125 0.4306640625000001 0.8020833333333334 0.4306640625000001
14 0.8743489583333334 0.3789062500000001 0.7063802083333334 0.3789062500000001 0.7063802083333334 0.513916015625 0.8743489583333334 0.513916015625
17 0.7360026041666666 0.40478515625000006 0.552734375 0.40478515625 0.5527343750000001 0.521728515625 0.7360026041666666 0.521728515625
17 0.23470052083333334 0.051269531250000014 0.058919270833333336 0.05126953125 0.05891927083333335 0.1845703125 0.23470052083333334 0.1845703125