1 0.412109375 0.17114257812500003 0.251953125 0.171142578125 0.25195312500000006 0.316162109375 0.412109375 0.316162109375
1 0.4482421875 0.268798828125 0.28385416666666674 0.268798828125 0.28385416666666674 0.403076171875 0.4482421875 0.403076171875
2 0.34863281250000006 0.437255859375 0.15429687500000008 0.437255859375 0.15429687500000008 0.538330078125 0.34863281250000017 0.538330078125
2 0.7828776041666666 0.3356933593750001 0.6357421875 0.3356933593750001 0.6357421875000001 0.4775390625000001 0.7828776041666666 0.4775390625000001
2 0.9088541666666666 0.2917480468750001 0.7470703125 0.2917480468750001 0.7470703125 0.4274902343750001 0.9088541666666666 0.4274902343750001
0 0.8792317708333334 0.4731445312500001 0.7356770833333334 0.4731445312500001 0.7356770833333334 0.60546875 0.8792317708333334 0.60546875
0 0.5660807291666666 0.15527343750000006 0.4267578125 0.15527343750000006 0.4267578125 0.28955078125 0.5660807291666666 0.28955078125
5 0.6682942708333334 0.29931640625000006 0.5009765625 0.29931640625 0.5009765625 0.40991210937500006 0.6682942708333334 0.4099121093750001
8 0.5341796875000001 0.355224609375 0.369140625 0.355224609375 0.36914062500000006 0.501708984375 0.5341796875000001 0.501708984375
6 0.7317708333333334 0.43945312500000006 0.5367838541666666 0.439453125 0.5367838541666667 0.58740234375 0.7317708333333334 0.58740234375
3 0.8369140625 0.21435546875000006 0.6565755208333334 0.21435546875000006 0.6565755208333334 0.3122558593750001 0.8369140625 0.3122558593750001
14 0.09700520833333348 0.817626953125 1.3350723080548458e-16 0.817626953125 1.4632376550359245e-16 0.974609375 0.09700520833333348 0.974609375