21 0.4887695312500001 0.6842447916666666 0.3901367187500001 0.6842447916666666 0.3901367187500001 0.8746744791666666 0.4887695312500001 0.8746744791666666
18 0.72509765625 0.7600911458333334 0.570556640625 0.7600911458333334 0.570556640625 0.966796875 0.72509765625 0.966796875
20 0.850341796875 0.6308593750000001 0.701416015625 0.6308593750000001 0.701416015625 0.8238932291666666 0.850341796875 0.8238932291666666
25 0.74951171875 0.5429687500000001 0.604248046875 0.5429687500000001 0.604248046875 0.74609375 0.74951171875 0.74609375
18 0.56201171875 0.5026041666666667 0.40087890625 0.5026041666666666 0.40087890625000006 0.7073567708333334 0.56201171875 0.7073567708333334
20 0.611572265625 0.3961588541666668 0.456298828125 0.3961588541666668 0.456298828125 0.5917968750000001 0.611572265625 0.5917968750000001
22 0.42822265625 0.3863932291666667 0.319580078125 0.3863932291666667 0.319580078125 0.5738932291666666 0.42822265625 0.5738932291666666
23 0.40966796875 0.19531250000000008 0.26416015625 0.19531250000000008 0.26416015625 0.3447265625 0.40966796875 0.3447265625
22 0.5400390625 0.2044270833333334 0.404296875 0.2044270833333334 0.404296875 0.3489583333333334 0.5400390625 0.3489583333333335
25 0.82373046875 0.18945312500000014 0.7001953125 0.18945312500000014 0.7001953125 0.3736979166666668 0.82373046875 0.3736979166666668
25 0.65087890625 0.6214192708333335 0.500732421875 0.6214192708333335 0.500732421875 0.8333333333333334 0.65087890625 0.8333333333333334