8 0.5439453125 0.14331054687500006 0.380859375 0.14331054687500006 0.380859375 0.2666015625 0.5439453125 0.2666015625
8 0.7005208333333334 0.045166015625000056 0.5231119791666666 0.04516601562500004 0.5231119791666666 0.16113281250000006 0.7005208333333334 0.16113281250000006
8 0.41796875 0.19750976562500003 0.21940104166666666 0.197509765625 0.2194010416666667 0.32421875 0.41796875 0.32421875
6 0.6611328125 0.14965820312500006 0.5419921875 0.14965820312500006 0.5419921875 0.26879882812500006 0.6611328125 0.2687988281250001
1 0.7666015625 0.13867187500000006 0.6318359375 0.13867187500000006 0.6318359375 0.2556152343750001 0.7666015625 0.2556152343750001
0 0.8629557291666666 0.19140625000000006 0.7418619791666666 0.19140625000000006 0.7418619791666666 0.3247070312500001 0.8629557291666666 0.3247070312500001
7 0.23014322916666674 0.308837890625 0.052734375000000056 0.308837890625 0.05273437500000006 0.426513671875 0.23014322916666674 0.426513671875
6 0.2679036458333334 0.39892578125 0.10481770833333341 0.39892578125 0.10481770833333341 0.474609375 0.2679036458333334 0.474609375
7 0.4111328125 0.281005859375 0.20019531250000008 0.281005859375 0.20019531250000008 0.41162109375 0.4111328125 0.41162109375
7 0.5042317708333334 0.271728515625 0.3720703125 0.271728515625 0.3720703125 0.353515625 0.5042317708333334 0.353515625
4 0.6751302083333334 0.25878906250000006 0.5 0.2587890625 0.5 0.36523437500000006 0.6751302083333334 0.3652343750000001
5 0.7688802083333334 0.2548828125000001 0.642578125 0.2548828125000001 0.642578125 0.3701171875000001 0.7688802083333334 0.3701171875000001
6 0.44140625000000006 0.352294921875 0.2317708333333334 0.352294921875 0.2317708333333334 0.48291015625 0.44140625000000017 0.48291015625
3 0.5550130208333334 0.3671875 0.4287109375 0.3671875 0.42871093750000006 0.48193359375 0.5550130208333335 0.48193359375
2 0.6979166666666666 0.35131835937500006 0.5221354166666666 0.351318359375 0.5221354166666666 0.42675781250000006 0.6979166666666666 0.4267578125000001
3 0.833984375 0.3576660156250001 0.6764322916666666 0.3576660156250001 0.6764322916666666 0.4365234375000001 0.833984375 0.4365234375000001
2 0.9807942708333334 0.3908691406250001 0.7952473958333334 0.3908691406250001 0.7952473958333334 0.510009765625 0.9807942708333334 0.510009765625
5 0.34049479166666674 0.444091796875 0.12988281250000008 0.444091796875 0.12988281250000008 0.5859375 0.3404947916666668 0.5859375
5 0.48111979166666674 0.42041015625 0.28515625000000006 0.42041015625 0.28515625000000006 0.5546875 0.4811197916666668 0.5546875
4 0.5712890625000001 0.474609375 0.3723958333333335 0.474609375 0.3723958333333335 0.6064453125 0.5712890625000001 0.6064453125
4 0.43066406250000017 0.519775390625 0.2268880208333334 0.519775390625 0.2268880208333334 0.647705078125 0.43066406250000017 0.647705078125
3 0.5559895833333335 0.611328125 0.3870442708333335 0.611328125 0.3870442708333335 0.71240234375 0.5559895833333335 0.71240234375
2 0.705078125 0.587890625 0.5348307291666669 0.587890625 0.5348307291666669 0.6826171875 0.705078125 0.6826171875
0 0.8157552083333334 0.501220703125 0.6536458333333335 0.501220703125 0.6536458333333335 0.646484375 0.8157552083333334 0.646484375
1 0.7060546875 0.43334960937500006 0.5026041666666666 0.433349609375 0.5026041666666667 0.56689453125 0.7060546875 0.56689453125
1 0.8515625 0.4116210937500001 0.6471354166666666 0.4116210937500001 0.6471354166666667 0.53466796875 0.8515625 0.53466796875
0 0.9541015625 0.4887695312500001 0.7887369791666666 0.4887695312500001 0.7887369791666666 0.590576171875 0.9541015625 0.590576171875