13 0.4404296875 0.05615234375000003 0.21809895833333334 0.056152343750000014 0.21809895833333334 0.19335937500000003 0.4404296875 0.19335937500000006
17 0.3427734375 0.17187500000000003 0.12890625000000003 0.171875 0.12890625000000003 0.306884765625 0.3427734375 0.306884765625
13 0.26074218750000006 0.418212890625 0.025390625000000066 0.418212890625 0.02539062500000008 0.586181640625 0.26074218750000006 0.586181640625
9 0.4137369791666667 0.296142578125 0.1682942708333334 0.296142578125 0.1682942708333334 0.42578125 0.4137369791666667 0.42578125
16 0.45182291666666674 0.41064453125 0.25195312500000006 0.41064453125 0.25195312500000006 0.562744140625 0.4518229166666668 0.562744140625
12 0.5579427083333335 0.540283203125 0.3551432291666668 0.540283203125 0.3551432291666668 0.708251953125 0.5579427083333335 0.708251953125
16 0.73046875 0.644287109375 0.5081380208333335 0.644287109375 0.5081380208333335 0.787841796875 0.73046875 0.787841796875
15 0.6175130208333334 0.33105468750000006 0.4231770833333333 0.3310546875 0.4231770833333334 0.49584960937500006 0.6175130208333335 0.4958496093750001
12 0.7434895833333334 0.43188476562500006 0.5546875 0.431884765625 0.5546875000000001 0.5966796875 0.7434895833333334 0.5966796875
9 0.884765625 0.4902343750000001 0.6764322916666666 0.4902343750000001 0.6764322916666666 0.661376953125 0.884765625 0.661376953125
17 0.9781901041666666 0.3662109375000001 0.7613932291666666 0.3662109375000001 0.7613932291666666 0.531982421875 0.9781901041666666 0.531982421875
13 0.8665364583333334 0.23657226562500006 0.6865234375 0.23657226562500006 0.6865234375 0.3842773437500001 0.8665364583333334 0.3842773437500001
11 0.79296875 0.11987304687500007 0.6015625 0.11987304687500006 0.6015625 0.25585937500000006 0.79296875 0.2558593750000001
10 0.7008463541666666 0.23120117187500006 0.5022786458333334 0.23120117187500006 0.5022786458333334 0.38110351562500006 0.7008463541666666 0.3811035156250001
14 0.5537109375 0.16113281250000006 0.3610026041666667 0.16113281250000006 0.3610026041666667 0.299560546875 0.5537109375 0.299560546875