9 0.359130859375 0.08398437500000006 0.232666015625 0.08398437500000004 0.232666015625 0.2014973958333334 0.359130859375 0.2014973958333334
17 0.364013671875 0.19042968750000008 0.23193359375 0.19042968750000008 0.23193359375000003 0.32617187500000006 0.364013671875 0.32617187500000006
14 0.53271484375 0.3587239583333334 0.40234375 0.3587239583333333 0.40234375 0.48795572916666674 0.53271484375 0.4879557291666668
12 0.7529296875 0.2929687500000001 0.60986328125 0.29296875000000006 0.60986328125 0.5022786458333335 0.7529296875 0.5022786458333335
13 0.64501953125 0.2161458333333334 0.520263671875 0.2161458333333334 0.520263671875 0.4147135416666668 0.64501953125 0.4147135416666668
16 0.653564453125 0.4202473958333335 0.511474609375 0.4202473958333335 0.511474609375 0.5999348958333335 0.653564453125 0.5999348958333335
17 0.549560546875 0.47819010416666674 0.396484375 0.4781901041666667 0.39648437500000006 0.6572265625000001 0.549560546875 0.6572265625000001
11 0.46289062500000006 0.5595703125000001 0.320556640625 0.5595703125 0.32055664062500006 0.7535807291666666 0.4628906250000001 0.7535807291666666
11 0.3547363281250001 0.736328125 0.20947265625000006 0.736328125 0.20947265625000006 0.90234375 0.3547363281250001 0.90234375
15 0.22094726562500006 0.4342447916666667 0.07250976562500003 0.4342447916666667 0.07250976562500004 0.5983072916666666 0.22094726562500006 0.5983072916666666
16 0.318603515625 0.3470052083333333 0.17480468750000006 0.3470052083333333 0.17480468750000006 0.5286458333333334 0.318603515625 0.5286458333333334
16 0.2639160156250001 0.6048177083333334 0.11791992187500006 0.6048177083333334 0.11791992187500006 0.7542317708333334 0.2639160156250001 0.7542317708333334
15 0.37133789062500006 0.4886067708333333 0.22460937500000006 0.4886067708333333 0.22460937500000006 0.6611328125 0.3713378906250001 0.6611328125
12 0.682861328125 1.0313024965475922e-16 0.580322265625 9.475864067621285e-17 0.580322265625 0.1796875000000001 0.682861328125 0.17968750000000014
9 0.593017578125 0.006835937500000088 0.48095703125 0.006835937500000079 0.48095703125 0.19791666666666674 0.593017578125 0.19791666666666674
15 0.505615234375 0.25065104166666674 0.360595703125 0.25065104166666674 0.360595703125 0.3811848958333334 0.505615234375 0.3811848958333335