13 0.2939453125 0.25097656250000006 0.135009765625 0.2509765625 0.13500976562500003 0.431640625 0.2939453125 0.431640625
9 0.27441406250000006 0.4300130208333333 0.14819335937500006 0.4300130208333333 0.14819335937500006 0.619140625 0.2744140625000001 0.619140625
12 0.37377929687500006 0.4345703125 0.262939453125 0.4345703125 0.26293945312500006 0.607421875 0.3737792968750001 0.607421875
16 0.44458007812500006 0.5908203125 0.3125 0.5908203125 0.31250000000000006 0.7809244791666666 0.4445800781250001 0.7809244791666666
15 0.5146484375 0.46484375000000006 0.374267578125 0.46484375 0.37426757812500006 0.6367187500000001 0.5146484375 0.6367187500000001
16 0.484375 0.31608072916666674 0.344970703125 0.31608072916666674 0.344970703125 0.46842447916666674 0.484375 0.4684244791666668
13 0.661865234375 0.4996744791666668 0.513427734375 0.4996744791666668 0.513427734375 0.6595052083333335 0.661865234375 0.6595052083333335
9 0.61376953125 0.29980468750000006 0.477783203125 0.29980468750000006 0.477783203125 0.4847005208333335 0.61376953125 0.4847005208333335
11 0.76123046875 0.3792317708333335 0.6201171875 0.3792317708333335 0.6201171875 0.5670572916666669 0.76123046875 0.5670572916666669
12 0.92236328125 0.4378255208333335 0.757568359375 0.4378255208333335 0.757568359375 0.6354166666666669 0.92236328125 0.6354166666666669
13 0.7333984375 0.24576822916666677 0.580322265625 0.24576822916666674 0.580322265625 0.38378906250000017 0.7333984375 0.38378906250000017
17 0.66845703125 0.11979166666666675 0.523193359375 0.11979166666666674 0.523193359375 0.27408854166666674 0.66845703125 0.27408854166666674