9 0.469970703125 0.012369791666666732 0.32470703125 0.012369791666666718 0.32470703125 0.1637369791666667 0.469970703125 0.16373697916666674
17 0.445556640625 0.1539713541666667 0.28125 0.1539713541666667 0.28125 0.3623046875 0.445556640625 0.3623046875
15 0.29736328125 0.28352864583333337 0.1708984375 0.2835286458333333 0.17089843750000003 0.4609375 0.29736328125 0.4609375
16 0.256591796875 0.4397786458333333 0.12133789062500003 0.4397786458333333 0.12133789062500004 0.59765625 0.256591796875 0.59765625
16 0.44677734375 0.3958333333333333 0.285888671875 0.3958333333333333 0.285888671875 0.5895182291666666 0.44677734375 0.5895182291666666
15 0.48730468750000006 0.5276692708333334 0.3291015625 0.5276692708333334 0.32910156250000006 0.7373046875 0.4873046875000001 0.7373046875
14 0.578369140625 0.6126302083333334 0.4201660156250001 0.6126302083333334 0.4201660156250001 0.8297526041666666 0.578369140625 0.8297526041666666
15 0.4660644531250001 0.7652994791666666 0.3518066406250001 0.7652994791666666 0.3518066406250001 0.9518229166666666 0.4660644531250001 0.9518229166666666
9 0.657470703125 0.2786458333333334 0.499267578125 0.2786458333333334 0.499267578125 0.4977213541666668 0.657470703125 0.4977213541666668
13 0.60986328125 0.48046875000000006 0.451416015625 0.48046875 0.45141601562500006 0.6748046875 0.60986328125 0.6748046875
12 0.722900390625 0.6337890625000001 0.55859375 0.6337890625000001 0.55859375 0.8196614583333334 0.722900390625 0.8196614583333334
11 0.7099609375 0.7981770833333334 0.55029296875 0.7981770833333334 0.55029296875 0.9921875 0.7099609375 0.9921875
11 0.82373046875 0.4485677083333335 0.67626953125 0.4485677083333335 0.67626953125 0.5781250000000001 0.82373046875 0.5781250000000001
12 0.765625 0.20540364583333345 0.613037109375 0.2054036458333334 0.613037109375 0.4274088541666668 0.765625 0.4274088541666668
16 0.999755859375 0.18001302083333348 0.820556640625 0.18001302083333348 0.820556640625 0.41308593750000017 0.999755859375 0.41308593750000017
17 0.89208984375 0.25097656250000017 0.751953125 0.25097656250000017 0.751953125 0.4446614583333335 0.89208984375 0.4446614583333335