26 0.50732421875 0.31412760416666674 0.324951171875 0.31412760416666674 0.324951171875 0.5582682291666667 0.50732421875 0.5582682291666669
18 0.619873046875 0.20703125000000008 0.4521484375 0.20703125000000008 0.4521484375 0.36490885416666674 0.619873046875 0.3649088541666668
20 0.627197265625 0.35742187500000017 0.487060546875 0.35742187500000017 0.487060546875 0.5804036458333335 0.627197265625 0.5804036458333335
18 0.767333984375 0.3492838541666668 0.60302734375 0.3492838541666668 0.60302734375 0.5400390625000001 0.767333984375 0.5400390625000001
22 0.79443359375 0.08170572916666678 0.58056640625 0.08170572916666675 0.58056640625 0.37597656250000017 0.79443359375 0.37597656250000017
18 0.895263671875 0.16731770833333348 0.6884765625 0.16731770833333348 0.6884765625 0.4417317708333335 0.895263671875 0.4417317708333335
19 0.982177734375 0.23665364583333348 0.83349609375 0.23665364583333348 0.83349609375 0.4671223958333335 0.982177734375 0.4671223958333335
22 0.87646484375 0.4049479166666668 0.741455078125 0.4049479166666668 0.741455078125 0.6165364583333335 0.87646484375 0.6165364583333335
20 0.77685546875 0.4879557291666668 0.6162109375 0.4879557291666668 0.6162109375 0.7223307291666666 0.77685546875 0.7223307291666666
26 0.551513671875 0.5315755208333334 0.373046875 0.5315755208333334 0.37304687500000006 0.7916666666666666 0.551513671875 0.7916666666666666
21 0.4301757812500001 0.7164713541666666 0.24145507812500006 0.7164713541666666 0.24145507812500008 0.9270833333333334 0.4301757812500001 0.9270833333333334
25 0.6669921875 0.5572916666666669 0.474609375 0.5572916666666669 0.47460937500000006 0.8238932291666666 0.6669921875 0.8238932291666666
23 0.74560546875 0.6497395833333335 0.53125 0.6497395833333335 0.53125 0.9446614583333334 0.74560546875 0.9446614583333334