26 0.42822265625 0.28808593750000006 0.302734375 0.28808593750000006 0.302734375 0.4609375 0.42822265625 0.4609375
24 0.547119140625 0.11555989583333341 0.419189453125 0.11555989583333341 0.419189453125 0.27734375000000006 0.547119140625 0.27734375000000006
26 0.642333984375 0.14029947916666677 0.548583984375 0.14029947916666674 0.548583984375 0.31119791666666674 0.642333984375 0.31119791666666674
23 0.527587890625 0.29003906250000006 0.436279296875 0.29003906250000006 0.436279296875 0.4554036458333334 0.527587890625 0.4554036458333335
25 0.517822265625 0.47233072916666674 0.388916015625 0.4723307291666667 0.388916015625 0.5930989583333334 0.517822265625 0.5930989583333335
26 0.35742187500000006 0.4680989583333333 0.24169921875000006 0.4680989583333333 0.24169921875000006 0.6399739583333334 0.3574218750000001 0.6399739583333334
18 0.4389648437500001 0.6578776041666666 0.3466796875000001 0.6578776041666666 0.3466796875000001 0.8199869791666666 0.4389648437500001 0.8199869791666666
19 0.58935546875 0.73828125 0.4841308593750001 0.73828125 0.4841308593750001 0.900390625 0.58935546875 0.900390625
19 0.622802734375 0.6188151041666669 0.4907226562500001 0.6188151041666669 0.4907226562500001 0.7386067708333334 0.622802734375 0.7386067708333334
19 0.73095703125 0.6103515625000001 0.619384765625 0.6103515625000001 0.619384765625 0.7493489583333334 0.73095703125 0.7493489583333334
23 0.6650390625 0.4723307291666668 0.536376953125 0.4723307291666668 0.536376953125 0.6191406250000001 0.6650390625 0.6191406250000001
21 0.646484375 0.29557291666666674 0.529052734375 0.29557291666666674 0.529052734375 0.4261067708333335 0.646484375 0.4261067708333335
22 0.744140625 0.3616536458333335 0.64453125 0.3616536458333335 0.64453125 0.5182291666666669 0.744140625 0.5182291666666669
24 0.85302734375 0.41503906250000017 0.740478515625 0.41503906250000017 0.740478515625 0.5638020833333335 0.85302734375 0.5638020833333335
25 0.95166015625 0.5048828125000001 0.83984375 0.5048828125000001 0.83984375 0.6432291666666669 0.95166015625 0.6432291666666669
20 0.83203125 0.5667317708333335 0.726806640625 0.5667317708333335 0.726806640625 0.7255859375 0.83203125 0.7255859375