12 0.3102213541666667 0.14819335937500003 0.12923177083333337 0.148193359375 0.12923177083333337 0.261474609375 0.31022135416666674 0.261474609375
16 0.572265625 0.15747070312500006 0.3987630208333333 0.15747070312500006 0.3987630208333333 0.29541015625 0.572265625 0.29541015625
17 0.6861979166666666 0.16015625000000006 0.529296875 0.16015625000000006 0.529296875 0.29248046875000006 0.6861979166666666 0.2924804687500001
9 0.4527994791666667 0.309814453125 0.28417968750000006 0.309814453125 0.28417968750000006 0.417724609375 0.4527994791666667 0.417724609375
15 0.6442057291666666 0.30029296875000006 0.4723307291666667 0.30029296875 0.4723307291666667 0.42260742187500006 0.6442057291666666 0.4226074218750001
14 0.7496744791666666 0.32861328125000006 0.6038411458333334 0.32861328125 0.6038411458333334 0.45092773437500006 0.7496744791666666 0.4509277343750001
15 0.8391927083333334 0.4521484375000001 0.6949869791666666 0.4521484375000001 0.6949869791666666 0.5849609375 0.8391927083333334 0.5849609375
14 0.814453125 0.55908203125 0.6598307291666669 0.55908203125 0.6598307291666669 0.697998046875 0.814453125 0.697998046875
17 0.6012369791666669 0.53857421875 0.4593098958333335 0.53857421875 0.4593098958333335 0.666259765625 0.6012369791666669 0.666259765625
13 0.4720052083333335 0.68505859375 0.2828776041666668 0.68505859375 0.2828776041666668 0.7998046875 0.4720052083333335 0.7998046875
13 0.4723307291666668 0.58984375 0.28515625000000006 0.58984375 0.2851562500000001 0.70751953125 0.4723307291666668 0.70751953125
9 0.3401692708333335 0.52294921875 0.1702473958333334 0.52294921875 0.1702473958333334 0.661376953125 0.3401692708333335 0.661376953125
12 0.3118489583333334 0.24951171875000003 0.13997395833333337 0.24951171875 0.1399739583333334 0.36279296875 0.3118489583333334 0.36279296875
16 0.5478515625000001 0.370361328125 0.404296875 0.370361328125 0.40429687500000006 0.4970703125 0.5478515625000001 0.4970703125
11 0.4866536458333333 0.09277343750000004 0.32421875 0.09277343750000003 0.32421875 0.20068359375000006 0.4866536458333333 0.20068359375000006
9 0.4768880208333333 0.20263671875000003 0.2962239583333333 0.20263671875 0.29622395833333337 0.32958984375 0.4768880208333333 0.32958984375
12 0.3167317708333334 0.347412109375 0.1604817708333334 0.347412109375 0.1604817708333334 0.48486328125 0.3167317708333334 0.48486328125
17 0.43717447916666674 0.38525390625 0.27897135416666674 0.38525390625 0.27897135416666674 0.53076171875 0.4371744791666668 0.53076171875
16 0.6393229166666667 0.41992187500000006 0.49609375 0.419921875 0.49609375000000006 0.556640625 0.6393229166666669 0.556640625
11 0.5143229166666669 0.483154296875 0.34960937500000017 0.483154296875 0.34960937500000017 0.616943359375 0.5143229166666669 0.616943359375
11 0.9391276041666666 0.4550781250000001 0.8089192708333334 0.4550781250000001 0.8089192708333334 0.593994140625 0.9391276041666666 0.593994140625
10 0.7418619791666666 0.43847656250000006 0.5940755208333334 0.4384765625 0.5940755208333334 0.56982421875 0.7418619791666666 0.56982421875