8 0.4020182291666667 0.15234375000000003 0.24381510416666666 0.15234375 0.2438151041666667 0.293701171875 0.4020182291666667 0.293701171875
3 0.521484375 0.16552734375000006 0.380859375 0.16552734375000006 0.380859375 0.295654296875 0.521484375 0.295654296875
2 0.7112630208333334 0.08081054687500006 0.5618489583333334 0.08081054687500006 0.5618489583333334 0.21606445312500006 0.7112630208333334 0.21606445312500006
4 0.7151692708333334 0.19165039062500006 0.51953125 0.19165039062500006 0.51953125 0.32324218750000006 0.7151692708333334 0.3232421875000001
8 0.8115234375 0.23632812500000006 0.6139322916666666 0.23632812500000006 0.6139322916666666 0.3686523437500001 0.8115234375 0.3686523437500001
3 0.771484375 0.33715820312500006 0.5787760416666666 0.337158203125 0.5787760416666667 0.47558593750000006 0.771484375 0.4755859375000001
8 0.5817057291666666 0.264892578125 0.4078776041666667 0.264892578125 0.4078776041666667 0.40771484375 0.5817057291666666 0.40771484375
5 0.408203125 0.259521484375 0.21289062500000008 0.259521484375 0.21289062500000008 0.390869140625 0.408203125 0.390869140625
6 0.4651692708333334 0.323486328125 0.2737630208333334 0.323486328125 0.2737630208333334 0.453369140625 0.4651692708333335 0.453369140625
4 0.6175130208333334 0.36572265625000006 0.4306640625 0.36572265625 0.43066406250000006 0.49243164062500006 0.6175130208333335 0.4924316406250001
4 0.47526041666666674 0.417236328125 0.28710937500000006 0.417236328125 0.28710937500000006 0.560302734375 0.4752604166666668 0.560302734375
5 0.30729166666666674 0.435302734375 0.10319010416666674 0.435302734375 0.10319010416666675 0.578125 0.30729166666666674 0.578125
6 0.4368489583333335 0.521240234375 0.23730468750000008 0.521240234375 0.23730468750000008 0.65380859375 0.4368489583333335 0.65380859375
7 0.5123697916666669 0.637939453125 0.31608072916666674 0.637939453125 0.3160807291666668 0.788818359375 0.5123697916666669 0.788818359375
5 0.5901692708333335 0.462890625 0.4358723958333335 0.462890625 0.4358723958333335 0.604248046875 0.5901692708333335 0.604248046875
0 0.5761718750000001 0.569091796875 0.3854166666666668 0.569091796875 0.3854166666666668 0.719482421875 0.5761718750000001 0.719482421875
0 0.728515625 0.572998046875 0.5328776041666669 0.572998046875 0.5328776041666669 0.725341796875 0.728515625 0.725341796875