2 0.5979817708333334 0.20263671875000006 0.3805338541666667 0.20263671875000006 0.3805338541666667 0.3740234375 0.5979817708333334 0.3740234375
2 0.7548828125 0.17285156250000006 0.5393880208333334 0.17285156250000006 0.5393880208333334 0.33569335937500006 0.7548828125 0.3356933593750001
4 0.8248697916666666 0.26879882812500006 0.5807291666666666 0.268798828125 0.5807291666666666 0.43579101562500006 0.8248697916666666 0.4357910156250001
4 0.9270833333333334 0.3317871093750001 0.6881510416666666 0.3317871093750001 0.6881510416666666 0.509765625 0.9270833333333334 0.509765625
5 0.9993489583333334 0.3974609375000001 0.7841796875 0.3974609375000001 0.7841796875 0.562744140625 0.9993489583333334 0.562744140625
4 0.814453125 0.48608398437500006 0.5904947916666669 0.486083984375 0.5904947916666669 0.65283203125 0.814453125 0.65283203125
8 0.6132812500000001 0.47094726562500006 0.44335937500000017 0.470947265625 0.44335937500000017 0.627685546875 0.6132812500000001 0.627685546875
8 0.4703776041666668 0.57861328125 0.23795572916666674 0.57861328125 0.23795572916666677 0.755615234375 0.4703776041666668 0.755615234375
7 0.4710286458333335 0.45361328125 0.25455729166666674 0.45361328125 0.25455729166666674 0.584228515625 0.4710286458333335 0.584228515625
6 0.5550130208333334 0.339599609375 0.3440755208333333 0.339599609375 0.3440755208333334 0.49169921875 0.5550130208333335 0.49169921875
0 0.3128255208333334 0.50341796875 0.08984375000000007 0.50341796875 0.0898437500000001 0.6767578125 0.3128255208333334 0.6767578125