26 0.364013671875 0.4091796875 0.263916015625 0.4091796875 0.263916015625 0.5846354166666666 0.364013671875 0.5846354166666666
26 0.4121093750000001 0.6383463541666666 0.2880859375000001 0.6383463541666666 0.2880859375000001 0.7516276041666666 0.4121093750000001 0.7516276041666666
20 0.439208984375 0.2757161458333334 0.290771484375 0.2757161458333334 0.290771484375 0.45703125 0.439208984375 0.45703125
22 0.49267578125 0.4007161458333334 0.344482421875 0.4007161458333333 0.344482421875 0.5898437500000001 0.49267578125 0.5898437500000001
25 0.520263671875 0.5537109375000001 0.404541015625 0.5537109375 0.40454101562500006 0.6822916666666666 0.520263671875 0.6822916666666666
19 0.593017578125 0.6406250000000001 0.4821777343750001 0.6406250000000001 0.4821777343750001 0.7646484375 0.593017578125 0.7646484375
18 0.51806640625 0.20507812500000008 0.380859375 0.20507812500000008 0.380859375 0.3938802083333334 0.51806640625 0.3938802083333335
23 0.58447265625 0.3098958333333334 0.440185546875 0.3098958333333334 0.440185546875 0.5250651041666667 0.58447265625 0.5250651041666669
25 0.55859375 0.08496093750000007 0.423095703125 0.08496093750000007 0.423095703125 0.27994791666666674 0.55859375 0.27994791666666674
21 0.6337890625 0.026367187500000094 0.5068359375 0.026367187500000083 0.5068359375 0.2063802083333334 0.6337890625 0.2063802083333334
22 0.729736328125 0.11067708333333344 0.580078125 0.11067708333333344 0.580078125 0.2919921875000001 0.729736328125 0.29199218750000017
26 0.765625 0.2080078125000001 0.622802734375 0.20800781250000008 0.622802734375 0.37304687500000017 0.765625 0.37304687500000017
18 0.646240234375 0.18229166666666674 0.479248046875 0.18229166666666674 0.479248046875 0.40625000000000017 0.646240234375 0.40625000000000017
19 0.70947265625 0.3043619791666668 0.54736328125 0.30436197916666674 0.54736328125 0.48828125000000017 0.70947265625 0.48828125000000017
24 0.715087890625 0.4391276041666668 0.581787109375 0.4391276041666668 0.581787109375 0.5934244791666669 0.715087890625 0.5934244791666669
24 0.685791015625 0.5511067708333335 0.55712890625 0.5511067708333335 0.55712890625 0.7184244791666666 0.685791015625 0.7184244791666666
21 0.811767578125 0.3704427083333335 0.670654296875 0.3704427083333335 0.670654296875 0.5322265625000001 0.811767578125 0.5322265625000001
23 0.852294921875 0.2682291666666668 0.7060546875 0.2682291666666668 0.7060546875 0.4495442708333335 0.852294921875 0.4495442708333335
19 0.94921875 0.3479817708333335 0.81103515625 0.3479817708333335 0.81103515625 0.5052083333333335 0.94921875 0.5052083333333335
24 0.787109375 0.5055338541666669 0.67919921875 0.5055338541666669 0.67919921875 0.6790364583333334 0.787109375 0.6790364583333334
23 0.8017578125 0.6591796875000001 0.67626953125 0.6591796875000001 0.67626953125 0.7819010416666666 0.8017578125 0.7819010416666666
20 0.648193359375 0.7366536458333334 0.53173828125 0.7366536458333334 0.53173828125 0.8564453125 0.648193359375 0.8564453125
20 0.74658203125 0.73046875 0.6240234375 0.73046875 0.6240234375 0.9176432291666666 0.74658203125 0.9176432291666666
25 0.8310546875 0.8056640625 0.712890625 0.8056640625 0.712890625 0.95703125 0.8310546875 0.95703125