23 0.3955078125 0.18554687500000003 0.199462890625 0.185546875 0.19946289062500003 0.4466145833333333 0.3955078125 0.4466145833333333
22 0.521240234375 0.14843750000000006 0.323974609375 0.14843750000000003 0.323974609375 0.41666666666666674 0.521240234375 0.4166666666666668
22 0.522216796875 0.37955729166666674 0.335693359375 0.3795572916666667 0.33569335937500006 0.6080729166666667 0.522216796875 0.6080729166666669
18 0.651611328125 0.15820312500000008 0.460693359375 0.15820312500000008 0.460693359375 0.40820312500000017 0.651611328125 0.40820312500000017
19 0.73779296875 0.2679036458333334 0.542236328125 0.2679036458333334 0.542236328125 0.5198567708333335 0.73779296875 0.5198567708333335
26 0.849853515625 0.3971354166666668 0.677490234375 0.3971354166666668 0.677490234375 0.6429036458333335 0.849853515625 0.6429036458333335
20 0.921630859375 0.5634765625000001 0.74267578125 0.5634765625000001 0.74267578125 0.7799479166666669 0.921630859375 0.779947916666667
18 0.789794921875 0.7083333333333334 0.630859375 0.7083333333333334 0.630859375 0.9007161458333334 0.789794921875 0.9007161458333334
25 0.64892578125 0.6829427083333334 0.4816894531250001 0.6829427083333334 0.4816894531250001 0.8994140625 0.64892578125 0.8994140625
18 0.51416015625 0.6145833333333334 0.3388671875000001 0.6145833333333334 0.3388671875000001 0.8404947916666666 0.51416015625 0.8404947916666666
21 0.4992675781250001 0.7724609375 0.3334960937500001 0.7724609375 0.3334960937500001 0.9990234375 0.4992675781250001 0.9990234375
20 0.612060546875 0.5107421875000001 0.426513671875 0.5107421875 0.42651367187500006 0.7581380208333334 0.612060546875 0.7581380208333334
24 0.733642578125 0.44531250000000017 0.521728515625 0.44531250000000017 0.521728515625 0.69921875 0.733642578125 0.69921875