9 0.11743164062500004 0.3323567708333333 0.031005859375000028 0.3323567708333333 0.031005859375000035 0.4837239583333333 0.11743164062500006 0.4837239583333333
12 0.19873046875000006 0.396484375 0.10742187500000003 0.396484375 0.10742187500000004 0.5475260416666666 0.19873046875000006 0.5475260416666666
15 0.26049804687500006 0.5520833333333334 0.10717773437500006 0.5520833333333334 0.10717773437500006 0.7526041666666666 0.2604980468750001 0.7526041666666666
16 0.3640136718750001 0.6969401041666666 0.2595214843750001 0.6969401041666666 0.2595214843750001 0.8697916666666666 0.3640136718750001 0.8697916666666666
14 0.4609375000000001 0.7242838541666666 0.3679199218750001 0.7242838541666666 0.3679199218750001 0.890625 0.4609375000000001 0.890625
16 0.63427734375 0.7939453125 0.4880371093750001 0.7939453125 0.4880371093750001 0.9651692708333334 0.63427734375 0.9651692708333334
10 0.666259765625 0.7125651041666666 0.52783203125 0.7125651041666666 0.52783203125 0.8658854166666666 0.666259765625 0.8658854166666666
10 0.638427734375 0.5989583333333335 0.49658203125 0.5989583333333335 0.49658203125000006 0.7350260416666666 0.638427734375 0.7350260416666666
14 0.50732421875 0.5787760416666667 0.401123046875 0.5787760416666666 0.40112304687500006 0.7473958333333334 0.50732421875 0.7473958333333334
9 0.55810546875 0.39062500000000006 0.43896484375 0.390625 0.43896484375 0.5751953125000001 0.55810546875 0.5751953125000001
15 0.4423828125 0.337890625 0.287353515625 0.337890625 0.287353515625 0.52734375 0.4423828125 0.52734375
16 0.33447265625 0.3636067708333333 0.17651367187500006 0.3636067708333333 0.17651367187500006 0.5481770833333334 0.33447265625 0.5481770833333334
10 0.32177734375000006 0.513671875 0.20678710937500006 0.513671875 0.20678710937500006 0.6767578125 0.3217773437500001 0.6767578125
13 0.773193359375 0.5250651041666669 0.63134765625 0.5250651041666669 0.63134765625 0.7360026041666666 0.773193359375 0.7360026041666666
12 0.507080078125 0.09016927083333341 0.390625 0.09016927083333341 0.390625 0.29264322916666674 0.507080078125 0.29264322916666674
14 0.60595703125 0.15462239583333343 0.489501953125 0.1546223958333334 0.489501953125 0.34570312500000017 0.60595703125 0.34570312500000017
17 0.678955078125 0.3157552083333334 0.522705078125 0.3157552083333334 0.522705078125 0.5192057291666669 0.678955078125 0.5192057291666669
11 0.737060546875 0.21907552083333345 0.578125 0.2190755208333334 0.578125 0.4348958333333335 0.737060546875 0.4348958333333335
12 0.9013671875 0.35449218750000017 0.74658203125 0.35449218750000017 0.74658203125 0.5094401041666669 0.9013671875 0.5094401041666669
17 0.750732421875 1.102461172865236e-16 0.599609375 9.790796024433266e-17 0.599609375 0.18391927083333345 0.750732421875 0.18391927083333348