8 0.3922526041666667 0.27685546875 0.2464192708333334 0.27685546875 0.2464192708333334 0.410888671875 0.3922526041666667 0.410888671875
3 0.572265625 0.2685546875 0.380859375 0.2685546875 0.380859375 0.386474609375 0.572265625 0.386474609375
2 0.6458333333333334 0.33862304687500006 0.4938151041666667 0.338623046875 0.49381510416666674 0.45751953125000006 0.6458333333333335 0.4575195312500001
2 0.7985026041666666 0.2844238281250001 0.6240234375 0.2844238281250001 0.6240234375 0.3959960937500001 0.7985026041666666 0.3959960937500001
5 0.4602864583333334 0.40966796875 0.26041666666666674 0.40966796875 0.26041666666666674 0.513916015625 0.4602864583333335 0.513916015625
3 0.3824869791666668 0.513671875 0.18554687500000008 0.513671875 0.18554687500000008 0.648681640625 0.3824869791666668 0.648681640625
7 0.4137369791666668 0.652587890625 0.21647135416666674 0.652587890625 0.21647135416666677 0.769775390625 0.4137369791666668 0.769775390625
1 0.5550130208333335 0.506103515625 0.3821614583333335 0.506103515625 0.3821614583333335 0.64013671875 0.5550130208333335 0.64013671875
0 0.6074218750000001 0.68359375 0.45996093750000017 0.68359375 0.45996093750000017 0.82177734375 0.6074218750000001 0.82177734375
8 0.7815755208333334 0.66015625 0.5930989583333335 0.66015625 0.5930989583333335 0.7783203125 0.7815755208333334 0.7783203125
4 0.7262369791666666 0.53173828125 0.5546875000000001 0.53173828125 0.5546875000000001 0.659423828125 0.7262369791666666 0.659423828125
6 0.7249348958333334 0.42138671875000006 0.5647786458333334 0.42138671875 0.5647786458333334 0.53515625 0.7249348958333334 0.53515625
4 0.859375 0.3564453125000001 0.6920572916666666 0.3564453125000001 0.6920572916666666 0.4650878906250001 0.859375 0.4650878906250001
5 0.8792317708333334 0.4445800781250001 0.7047526041666666 0.4445800781250001 0.7047526041666666 0.568115234375 0.8792317708333334 0.568115234375
0 0.8977864583333334 0.564697265625 0.7203776041666666 0.564697265625 0.7203776041666666 0.666748046875 0.8977864583333334 0.666748046875