25 0.35595703125 0.2360026041666667 0.175048828125 0.23600260416666666 0.17504882812500003 0.4391276041666667 0.35595703125 0.4391276041666667
18 0.420166015625 0.09798177083333338 0.281494140625 0.09798177083333337 0.281494140625 0.29166666666666674 0.420166015625 0.29166666666666674
23 0.53076171875 0.21842447916666674 0.413330078125 0.21842447916666674 0.413330078125 0.4075520833333334 0.53076171875 0.4075520833333335
26 0.468994140625 0.38248697916666674 0.327880859375 0.3824869791666667 0.327880859375 0.5944010416666667 0.468994140625 0.5944010416666669
18 0.669189453125 0.22721354166666674 0.524169921875 0.22721354166666674 0.524169921875 0.4479166666666668 0.669189453125 0.4479166666666668
18 0.79541015625 0.2900390625000001 0.650146484375 0.29003906250000006 0.650146484375 0.4791666666666668 0.79541015625 0.4791666666666668
19 0.92724609375 0.3531901041666668 0.797607421875 0.3531901041666668 0.797607421875 0.5423177083333335 0.92724609375 0.5423177083333335
22 0.83935546875 0.4983723958333335 0.72021484375 0.4983723958333335 0.72021484375 0.677734375 0.83935546875 0.677734375
23 0.6611328125 0.46484375000000017 0.52001953125 0.46484375000000017 0.52001953125 0.6604817708333335 0.6611328125 0.6604817708333335
26 0.549560546875 0.5039062500000001 0.400390625 0.50390625 0.40039062500000006 0.7158203125 0.549560546875 0.7158203125
20 0.56982421875 0.7154947916666666 0.4216308593750001 0.7154947916666666 0.4216308593750001 0.9134114583333334 0.56982421875 0.9134114583333334
21 0.3803710937500001 0.6689453125 0.21240234375000006 0.6689453125 0.21240234375000006 0.8893229166666666 0.3803710937500001 0.8893229166666666