10 0.578125 0.04614257812500005 0.4339192708333333 0.04614257812500004 0.4339192708333333 0.14672851562500006 0.578125 0.14672851562500006
4 0.6474609375 0.059570312500000056 0.5325520833333334 0.059570312500000056 0.5325520833333334 0.15820312500000006 0.6474609375 0.15820312500000006
19 0.7125651041666666 0.08422851562500006 0.5986328125 0.08422851562500006 0.5986328125 0.18676757812500006 0.7125651041666666 0.18676757812500006
32 0.7903645833333334 0.11108398437500007 0.6673177083333334 0.11108398437500006 0.6673177083333334 0.20458984375000006 0.7903645833333334 0.20458984375000006
19 0.8118489583333334 0.04833984375000006 0.6712239583333334 0.048339843750000056 0.6712239583333334 0.14941406250000006 0.8118489583333334 0.14941406250000006
31 0.8649088541666666 0.15844726562500006 0.7431640625 0.15844726562500006 0.7431640625 0.2517089843750001 0.8649088541666666 0.2517089843750001
10 0.796875 0.17333984375000006 0.6715494791666666 0.17333984375000006 0.6715494791666666 0.2514648437500001 0.796875 0.2514648437500001
28 0.6943359375 0.14916992187500006 0.5638020833333334 0.14916992187500006 0.5638020833333334 0.25756835937500006 0.6943359375 0.2575683593750001
11 0.6110026041666666 0.12915039062500006 0.5009765625 0.12915039062500006 0.5009765625 0.23217773437500006 0.6110026041666666 0.23217773437500006
29 0.5530598958333334 0.10913085937500004 0.4339192708333333 0.10913085937500003 0.4339192708333333 0.21337890625000006 0.5530598958333334 0.21337890625000006
11 0.451171875 0.10913085937500003 0.3597005208333333 0.10913085937500003 0.3597005208333333 0.19335937500000006 0.451171875 0.19335937500000006
3 0.4495442708333333 0.18481445312500006 0.3629557291666667 0.18481445312500006 0.3629557291666667 0.271240234375 0.4495442708333333 0.271240234375
23 0.5553385416666666 0.19702148437500006 0.4391276041666667 0.19702148437500006 0.4391276041666667 0.27099609375 0.5553385416666666 0.27099609375
10 0.6429036458333334 0.21191406250000006 0.5348307291666666 0.21191406250000006 0.5348307291666666 0.29638671875000006 0.6429036458333334 0.2963867187500001
20 0.7613932291666666 0.20727539062500006 0.6279296875 0.20727539062500006 0.6279296875 0.3073730468750001 0.7613932291666666 0.3073730468750001
6 0.8561197916666666 0.21752929687500006 0.7268880208333334 0.21752929687500006 0.7268880208333334 0.3198242187500001 0.8561197916666666 0.3198242187500001
4 0.9186197916666666 0.2663574218750001 0.7900390625 0.2663574218750001 0.7900390625 0.3647460937500001 0.9186197916666666 0.3647460937500001
26 0.7965494791666666 0.2812500000000001 0.6946614583333334 0.2812500000000001 0.6946614583333334 0.3537597656250001 0.7965494791666666 0.3537597656250001
26 0.7141927083333334 0.27490234375000006 0.5973307291666666 0.27490234375 0.5973307291666666 0.33984375000000006 0.7141927083333334 0.3398437500000001
2 0.5904947916666666 0.24291992187500006 0.4537760416666667 0.24291992187500006 0.4537760416666667 0.32568359375 0.5904947916666666 0.32568359375
7 0.4267578125 0.24267578125000003 0.29850260416666674 0.24267578125 0.29850260416666674 0.326416015625 0.4267578125 0.326416015625
26 0.5231119791666666 0.2685546875 0.388671875 0.2685546875 0.388671875 0.368408203125 0.5231119791666666 0.368408203125
1 0.6328125 0.28222656250000006 0.4951171875 0.2822265625 0.4951171875 0.37158203125000006 0.6328125 0.3715820312500001
17 0.3509114583333333 0.282958984375 0.23339843750000008 0.282958984375 0.23339843750000008 0.3623046875 0.3509114583333333 0.3623046875
31 0.4583333333333333 0.314697265625 0.31835937500000006 0.314697265625 0.31835937500000006 0.41064453125 0.4583333333333333 0.41064453125
14 0.7233072916666666 0.3300781250000001 0.6070963541666666 0.3300781250000001 0.6070963541666666 0.3923339843750001 0.7233072916666666 0.3923339843750001
5 0.7906901041666666 0.3515625000000001 0.7083333333333334 0.3515625000000001 0.7083333333333334 0.4306640625000001 0.7906901041666666 0.4306640625000001
12 0.8776041666666666 0.3427734375000001 0.7744140625 0.3427734375000001 0.7744140625 0.4177246093750001 0.8776041666666666 0.4177246093750001
29 0.6591796875 0.35864257812500006 0.5462239583333334 0.358642578125 0.5462239583333334 0.45239257812500006 0.6591796875 0.4523925781250001
25 0.5621744791666666 0.339111328125 0.42578125 0.339111328125 0.42578125 0.425537109375 0.5621744791666666 0.425537109375
27 0.49121093750000006 0.37451171875 0.3697916666666667 0.37451171875 0.36979166666666674 0.47216796875 0.49121093750000017 0.47216796875
12 0.3499348958333333 0.344970703125 0.20670572916666674 0.344970703125 0.20670572916666674 0.4375 0.3499348958333333 0.4375
12 0.38932291666666674 0.38720703125 0.2610677083333334 0.38720703125 0.2610677083333334 0.477294921875 0.3893229166666668 0.477294921875
30 0.43912760416666674 0.431884765625 0.30664062500000006 0.431884765625 0.30664062500000006 0.521240234375 0.4391276041666668 0.521240234375
24 0.5432942708333334 0.427734375 0.4215494791666667 0.427734375 0.42154947916666674 0.51318359375 0.5432942708333335 0.51318359375
28 0.6302083333333334 0.40039062500000006 0.5026041666666666 0.400390625 0.5026041666666667 0.49267578125000006 0.6302083333333335 0.4926757812500001
22 0.7281901041666666 0.3825683593750001 0.6396484375 0.3825683593750001 0.6396484375000001 0.4616699218750001 0.7281901041666666 0.4616699218750001
8 0.6435546875000001 0.47729492187500006 0.5009765625000001 0.477294921875 0.5009765625000001 0.580078125 0.6435546875000001 0.580078125
7 0.4957682291666668 0.469482421875 0.35742187500000017 0.469482421875 0.35742187500000017 0.5732421875 0.4957682291666668 0.5732421875