32 0.12670898437500006 0.3873697916666667 0.04345703125000004 0.3873697916666667 0.04345703125000004 0.4602864583333333 0.12670898437500006 0.4602864583333333
18 0.20971679687500003 0.2985026041666667 0.125 0.2985026041666667 0.12500000000000003 0.3932291666666667 0.20971679687500006 0.3932291666666667
0 0.23144531250000006 0.3639322916666667 0.15698242187500006 0.3639322916666667 0.15698242187500006 0.4619140625 0.23144531250000006 0.4619140625
32 0.18872070312500006 0.4251302083333333 0.11791992187500003 0.4251302083333333 0.11791992187500004 0.5289713541666666 0.18872070312500006 0.5289713541666666
21 0.15527343750000006 0.5 0.07519531250000006 0.5 0.07519531250000006 0.5836588541666666 0.15527343750000006 0.5836588541666666
1 0.08569335937500006 0.5201822916666666 0.03491210937500004 0.5201822916666666 0.03491210937500005 0.6051432291666666 0.08569335937500006 0.6051432291666666
21 0.07153320312500006 0.560546875 5.1485395218060114e-17 0.560546875 5.647846200169312e-17 0.6692708333333334 0.07153320312500006 0.6692708333333334
14 0.08496093750000007 0.669921875 0.009277343750000062 0.669921875 0.009277343750000066 0.7734375 0.08496093750000008 0.7734375
8 0.11840820312500006 0.6142578125 0.049316406250000056 0.6142578125 0.04931640625000006 0.7203776041666666 0.11840820312500006 0.7203776041666666
26 0.15356445312500006 0.56640625 0.07983398437500006 0.56640625 0.07983398437500006 0.6722005208333334 0.15356445312500006 0.6722005208333334
10 0.20996093750000006 0.5266927083333334 0.13110351562500006 0.5266927083333334 0.13110351562500006 0.6302083333333334 0.20996093750000006 0.6302083333333334
31 0.25781250000000006 0.5680338541666666 0.18090820312500006 0.5680338541666666 0.18090820312500006 0.67578125 0.2578125000000001 0.67578125
6 0.262451171875 0.4225260416666667 0.17993164062500006 0.4225260416666667 0.17993164062500006 0.5237630208333334 0.262451171875 0.5237630208333334
20 0.32177734375 0.4658203125 0.24829101562500006 0.4658203125 0.24829101562500006 0.5628255208333334 0.32177734375 0.5628255208333334
24 0.19140625000000006 0.6266276041666666 0.10766601562500006 0.6266276041666666 0.10766601562500006 0.7190755208333334 0.19140625000000006 0.7190755208333334
32 0.08447265625000008 0.7613932291666666 0.006103515625000069 0.7613932291666666 0.006103515625000073 0.8333333333333334 0.08447265625000008 0.8333333333333334
17 0.14599609375000006 0.7708333333333334 0.06835937500000008 0.7708333333333334 0.06835937500000008 0.8619791666666666 0.14599609375000006 0.8619791666666666
23 0.09936523437500008 0.8209635416666666 0.028808593750000076 0.8209635416666666 0.02880859375000008 0.9215494791666666 0.09936523437500008 0.9215494791666666
31 0.18261718750000006 0.6985677083333334 0.10302734375000006 0.6985677083333334 0.10302734375000007 0.7919921875 0.18261718750000006 0.7919921875
15 0.24926757812500006 0.6774088541666666 0.17797851562500006 0.6774088541666666 0.17797851562500006 0.7861328125 0.24926757812500006 0.7861328125
12 0.21997070312500006 0.7620442708333334 0.14575195312500006 0.7620442708333334 0.14575195312500006 0.8580729166666666 0.21997070312500006 0.8580729166666666
31 0.20605468750000008 0.8294270833333334 0.12524414062500006 0.8294270833333334 0.12524414062500008 0.9208984375 0.2060546875000001 0.9208984375
1 0.2932128906250001 0.7685546875 0.21313476562500006 0.7685546875 0.21313476562500006 0.8470052083333334 0.2932128906250001 0.8470052083333334
0 0.2839355468750001 0.8444010416666666 0.19750976562500006 0.8444010416666666 0.19750976562500008 0.9560546875 0.2839355468750001 0.9560546875
20 0.461669921875 0.32584635416666674 0.400390625 0.32584635416666674 0.400390625 0.43033854166666674 0.461669921875 0.4303385416666668
31 0.539794921875 0.3118489583333334 0.470458984375 0.3118489583333334 0.470458984375 0.3880208333333335 0.539794921875 0.3880208333333335
13 0.54541015625 0.4117838541666668 0.475341796875 0.4117838541666668 0.475341796875 0.4944661458333335 0.54541015625 0.4944661458333335
2 0.61376953125 0.26660156250000006 0.541259765625 0.26660156250000006 0.541259765625 0.3854166666666668 0.61376953125 0.3854166666666668
23 0.628173828125 0.1220703125000001 0.5654296875 0.12207031250000007 0.5654296875 0.22851562500000008 0.628173828125 0.22851562500000008
25 0.69384765625 0.14615885416666677 0.612060546875 0.14615885416666677 0.612060546875 0.24055989583333345 0.69384765625 0.24055989583333348
33 0.701416015625 0.07942708333333344 0.6259765625 0.07942708333333344 0.6259765625 0.16666666666666677 0.701416015625 0.16666666666666682
18 0.70263671875 0.00032552083333344336 0.64453125 0.0003255208333334386 0.64453125 0.09179687500000011 0.70263671875 0.09179687500000011
15 0.764404296875 0.04264322916666679 0.7080078125 0.042643229166666775 0.7080078125 0.1503906250000001 0.764404296875 0.1503906250000001
14 0.685302734375 0.22200520833333345 0.6064453125 0.2220052083333334 0.6064453125 0.3043619791666668 0.685302734375 0.3043619791666668
17 0.68798828125 0.2890625000000001 0.614501953125 0.28906250000000006 0.614501953125 0.3684895833333335 0.68798828125 0.3684895833333335
4 0.642333984375 0.34472656250000017 0.556884765625 0.34472656250000017 0.556884765625 0.44726562500000017 0.642333984375 0.44726562500000017
5 0.711181640625 0.35742187500000017 0.627685546875 0.35742187500000017 0.627685546875 0.4651692708333335 0.711181640625 0.4651692708333335
17 0.6650390625 0.4085286458333335 0.587646484375 0.4085286458333335 0.587646484375 0.5107421875000001 0.6650390625 0.5107421875000001
33 0.615478515625 0.47070312500000017 0.534423828125 0.47070312500000017 0.534423828125 0.5657552083333335 0.615478515625 0.5657552083333335
30 0.734375 0.4466145833333335 0.65283203125 0.4466145833333335 0.65283203125 0.5625000000000001 0.734375 0.5625000000000001
27 0.687255859375 0.4944661458333335 0.613037109375 0.4944661458333335 0.613037109375 0.5999348958333335 0.687255859375 0.5999348958333335
0 0.65625 0.5927734375000001 0.597412109375 0.5927734375000001 0.597412109375 0.6985677083333334 0.65625 0.6985677083333334
6 0.76611328125 0.6188151041666669 0.68359375 0.6188151041666669 0.68359375 0.7265625 0.76611328125 0.7265625
6 0.78515625 0.5136718750000001 0.70068359375 0.5136718750000001 0.70068359375 0.6083984375000001 0.78515625 0.6083984375000001
2 0.78271484375 0.4205729166666668 0.7099609375 0.4205729166666668 0.7099609375 0.5305989583333335 0.78271484375 0.5305989583333335
30 0.8515625 0.3811848958333335 0.779541015625 0.3811848958333335 0.779541015625 0.4869791666666668 0.8515625 0.4869791666666668
7 0.92041015625 0.4469401041666668 0.843505859375 0.4469401041666668 0.843505859375 0.5592447916666669 0.92041015625 0.5592447916666669
28 0.848388671875 0.5345052083333335 0.7578125 0.5345052083333335 0.7578125 0.6484375000000001 0.848388671875 0.6484375000000001
11 0.928955078125 0.7880859375000001 0.849609375 0.7880859375 0.849609375 0.9095052083333335 0.928955078125 0.9095052083333336
33 0.861328125 0.2574869791666668 0.77392578125 0.2574869791666668 0.77392578125 0.34375000000000017 0.861328125 0.34375000000000017
22 0.93701171875 0.2662760416666668 0.869140625 0.2662760416666668 0.869140625 0.3675130208333335 0.93701171875 0.3675130208333335
21 0.04956054687500005 0.4908854166666667 4.508709407017111e-17 0.4908854166666667 4.936259436992871e-17 0.583984375 0.049560546875000056 0.583984375
32 0.03247070312500004 0.4143880208333333 3.806092224889113e-17 0.4143880208333333 4.2351371850396143e-17 0.5078125 0.03247070312500004 0.5078125
17 0.04760742187500006 0.6363932291666666 5.845176983235047e-17 0.6363932291666666 6.331029290025684e-17 0.7421875 0.04760742187500007 0.7421875
22 0.586181640625 0.5188802083333335 0.5029296875 0.5188802083333335 0.5029296875 0.6005859375000001 0.586181640625 0.6005859375000001