33 0.25634765625 0.29036458333333337 0.11279296875000003 0.2903645833333333 0.11279296875000004 0.4892578125 0.25634765625 0.4892578125
33 0.378662109375 0.24479166666666674 0.23291015625 0.24479166666666674 0.23291015625000003 0.4557291666666667 0.378662109375 0.4557291666666667
30 0.4697265625 0.4192708333333334 0.31982421875 0.4192708333333333 0.31982421875 0.5996093750000001 0.4697265625 0.5996093750000001
30 0.48583984375000006 0.5849609375000001 0.361083984375 0.5849609375 0.36108398437500006 0.7841796875 0.4858398437500001 0.7841796875
27 0.5791015625 0.6559244791666669 0.4602050781250001 0.6559244791666669 0.4602050781250001 0.8557942708333334 0.5791015625 0.8557942708333334
28 0.48681640625 0.1302083333333334 0.322265625 0.13020833333333337 0.322265625 0.3294270833333334 0.48681640625 0.3294270833333334
31 0.575927734375 0.26041666666666674 0.406005859375 0.26041666666666674 0.406005859375 0.4973958333333334 0.575927734375 0.4973958333333335
32 0.671142578125 0.3961588541666668 0.502685546875 0.3961588541666668 0.502685546875 0.6321614583333335 0.671142578125 0.6321614583333335
29 0.783447265625 0.3199869791666668 0.6044921875 0.31998697916666674 0.6044921875 0.5429687500000001 0.783447265625 0.5429687500000001
27 0.874755859375 0.48437500000000017 0.686279296875 0.48437500000000017 0.686279296875 0.7171223958333334 0.874755859375 0.7171223958333334
27 0.8095703125 0.17610677083333345 0.630615234375 0.1761067708333334 0.630615234375 0.3961588541666668 0.8095703125 0.3961588541666668
33 0.7333984375 0.5771484375000001 0.5615234375 0.5771484375000001 0.5615234375 0.7923177083333334 0.7333984375 0.7923177083333334