31 0.365234375 0.24194335937500003 0.1520182291666667 0.241943359375 0.1520182291666667 0.4296875 0.365234375 0.4296875
29 0.27246093750000006 0.42041015625 0.003580729166666735 0.42041015625 0.0035807291666667494 0.59716796875 0.27246093750000006 0.59716796875
28 0.49707031250000006 0.435546875 0.22526041666666674 0.435546875 0.22526041666666674 0.618896484375 0.49707031250000017 0.618896484375
31 0.45410156250000017 0.541748046875 0.18326822916666674 0.541748046875 0.18326822916666677 0.729248046875 0.45410156250000017 0.729248046875
32 0.6624348958333335 0.512939453125 0.4029947916666668 0.512939453125 0.4029947916666668 0.725830078125 0.6624348958333335 0.725830078125
32 0.7666015625 0.662353515625 0.4850260416666668 0.662353515625 0.4850260416666668 0.88232421875 0.7666015625 0.88232421875
27 0.8180338541666666 0.41259765625000006 0.5592447916666666 0.41259765625 0.5592447916666667 0.571044921875 0.8180338541666666 0.571044921875
29 0.9993489583333334 0.3681640625000001 0.7659505208333334 0.3681640625000001 0.7659505208333334 0.502685546875 0.9993489583333334 0.502685546875
32 0.744140625 0.27685546875000006 0.5423177083333334 0.27685546875 0.5423177083333334 0.45629882812500006 0.744140625 0.4562988281250001
29 0.5947265625000001 0.33056640625 0.3541666666666667 0.33056640625 0.35416666666666674 0.48486328125 0.5947265625000001 0.48486328125
31 0.4964192708333333 0.20312500000000006 0.3040364583333333 0.20312500000000006 0.30403645833333337 0.378662109375 0.4964192708333333 0.378662109375
28 0.7093098958333334 0.17846679687500006 0.4420572916666667 0.17846679687500006 0.4420572916666667 0.34057617187500006 0.7093098958333334 0.3405761718750001
33 0.5559895833333334 0.09960937500000004 0.3352864583333333 0.09960937500000003 0.3352864583333333 0.22778320312500006 0.5559895833333334 0.22778320312500006
28 0.9446614583333334 0.542724609375 0.67578125 0.542724609375 0.67578125 0.70751953125 0.9446614583333334 0.70751953125