5 0.5540364583333334 0.1235795454545456 0.4887152777777778 0.12357954545454557 0.4887152777777778 0.2888257575757577 0.5540364583333334 0.2888257575757577
4 0.5959201388888888 1.491958434756695e-16 0.5208333333333334 1.391644089940174e-16 0.5208333333333334 0.12405303030303047 0.5959201388888888 0.12405303030303047
18 0.6150173611111112 0.17660984848484865 0.5373263888888888 0.17660984848484865 0.5373263888888888 0.3177083333333335 0.6150173611111112 0.31770833333333354
14 0.6775173611111112 0.15435606060606077 0.603515625 0.15435606060606077 0.603515625 0.32528409090909105 0.6775173611111112 0.3252840909090911
12 0.6985677083333334 0.05445075757575775 0.6293402777777778 0.054450757575757736 0.6293402777777778 0.21590909090909108 0.6985677083333334 0.21590909090909108
26 0.7406684027777778 0.016098484848485035 0.6779513888888888 0.01609848484848503 0.6779513888888888 0.17566287878787898 0.7406684027777778 0.175662878787879
13 0.8012152777777778 0.1434659090909093 0.7384982638888888 0.1434659090909093 0.7384982638888888 0.29640151515151536 0.8012152777777778 0.29640151515151536
7 0.7532552083333334 0.17518939393939412 0.6931423611111112 0.1751893939393941 0.6931423611111112 0.3219696969696972 0.7532552083333334 0.3219696969696972
22 0.9090711805555556 0.10937500000000022 0.8385416666666666 0.10937500000000022 0.8385416666666666 0.24763257575757597 0.9090711805555556 0.24763257575757597
6 0.9418402777777778 0.24100378787878812 0.8687065972222222 0.2410037878787881 0.8687065972222222 0.3437500000000002 0.9418402777777778 0.3437500000000002
29 0.8682725694444444 0.19839015151515174 0.7944878472222222 0.19839015151515174 0.7944878472222222 0.3522727272727275 0.8682725694444444 0.3522727272727275
8 0.5670572916666666 0.28409090909090917 0.490234375 0.28409090909090917 0.490234375 0.4294507575757577 0.5670572916666666 0.4294507575757577
27 0.6393229166666666 0.24715909090909108 0.5596788194444444 0.24715909090909102 0.5596788194444444 0.4095643939393941 0.6393229166666666 0.40956439393939414
15 0.6801215277777778 0.33428030303030326 0.6167534722222222 0.33428030303030326 0.6167534722222222 0.4810606060606063 0.6801215277777778 0.4810606060606063
20 0.7267795138888888 0.26893939393939414 0.6493055555555556 0.26893939393939414 0.6493055555555556 0.43702651515151536 0.7267795138888888 0.43702651515151536
24 0.5112847222222222 0.3375946969696971 0.4385850694444444 0.3375946969696971 0.4385850694444444 0.48579545454545475 0.5112847222222222 0.48579545454545475
16 0.4565972222222222 0.42329545454545464 0.3828125 0.42329545454545464 0.3828125 0.5776515151515152 0.4565972222222222 0.5776515151515154
1 0.5119357638888888 0.469223484848485 0.4418402777777778 0.469223484848485 0.4418402777777778 0.6188446969696972 0.5119357638888888 0.6188446969696972
33 0.439453125 0.5681818181818183 0.3604600694444444 0.5681818181818182 0.3604600694444444 0.7107007575757577 0.439453125 0.7107007575757578
31 0.4711371527777778 0.660037878787879 0.4071180555555556 0.660037878787879 0.4071180555555556 0.806818181818182 0.4711371527777778 0.806818181818182
9 0.5440538194444444 0.5123106060606063 0.4774305555555556 0.5123106060606063 0.4774305555555556 0.666193181818182 0.5440538194444444 0.666193181818182
30 0.5826822916666666 0.37736742424242437 0.5123697916666666 0.37736742424242437 0.5123697916666666 0.5151515151515154 0.5826822916666666 0.5151515151515154
16 0.6354166666666666 0.4176136363636365 0.578125 0.41761363636363646 0.578125 0.5686553030303032 0.6354166666666666 0.5686553030303032
27 0.5993923611111112 0.4791666666666668 0.5373263888888888 0.4791666666666668 0.5373263888888888 0.6292613636363639 0.5993923611111112 0.6292613636363639
27 0.6315104166666666 0.607007575757576 0.5768229166666666 0.607007575757576 0.5768229166666666 0.75094696969697 0.6315104166666666 0.75094696969697
32 0.7109375 0.4763257575757578 0.634765625 0.4763257575757578 0.634765625 0.6458333333333336 0.7109375 0.6458333333333336
3 0.5802951388888888 0.6098484848484851 0.5143229166666666 0.6098484848484851 0.5143229166666666 0.7552083333333336 0.5802951388888888 0.7552083333333336
25 0.5249565972222222 0.6875000000000002 0.4622395833333333 0.6875000000000002 0.4622395833333333 0.8186553030303032 0.5249565972222222 0.8186553030303032
1 0.5325520833333334 0.8262310606060608 0.4526909722222222 0.8262310606060608 0.4526909722222222 0.9659090909090912 0.5325520833333334 0.9659090909090912
14 0.5783420138888888 0.7589962121212124 0.517578125 0.7589962121212124 0.517578125 0.8986742424242427 0.5783420138888888 0.8986742424242427
31 0.634765625 0.7348484848484851 0.5655381944444444 0.7348484848484851 0.5655381944444444 0.8470643939393941 0.634765625 0.8470643939393941
21 0.6341145833333334 0.8409090909090912 0.5668402777777778 0.8409090909090912 0.5668402777777778 0.9332386363636366 0.6341145833333334 0.9332386363636366
14 0.6436631944444444 0.9285037878787881 0.576171875 0.9285037878787881 0.576171875 0.9995265151515151 0.6436631944444444 0.9995265151515151
9 0.7960069444444444 0.347537878787879 0.7259114583333334 0.347537878787879 0.7259114583333334 0.5241477272727275 0.7960069444444444 0.5241477272727275
10 0.8517795138888888 0.2987689393939396 0.775390625 0.2987689393939396 0.775390625 0.45123106060606083 0.8517795138888888 0.45123106060606083
32 0.8971354166666666 0.3560606060606063 0.837890625 0.3560606060606063 0.837890625 0.5156250000000002 0.8971354166666666 0.5156250000000002
30 0.8695746527777778 0.4853219696969699 0.7977430555555556 0.4853219696969699 0.7977430555555556 0.613162878787879 0.8695746527777778 0.613162878787879
26 0.9136284722222222 0.5355113636363639 0.85546875 0.5355113636363639 0.85546875 0.6893939393939396 0.9136284722222222 0.6893939393939396
8 0.9869791666666666 0.4550189393939396 0.8838975694444444 0.4550189393939396 0.8838975694444444 0.6330492424242427 0.9869791666666666 0.6330492424242427
28 0.9806857638888888 0.5814393939393941 0.9001736111111112 0.5814393939393941 0.9001736111111112 0.7339015151515154 0.9806857638888888 0.7339015151515154
10 0.9997829861111112 0.6837121212121214 0.9286024305555556 0.6837121212121214 0.9286024305555556 0.8489583333333336 0.9997829861111112 0.8489583333333336
18 0.9782986111111112 0.35179924242424265 0.8936631944444444 0.35179924242424265 0.8936631944444444 0.47679924242424265 0.9782986111111112 0.47679924242424265
19 0.7931857638888888 0.5089962121212124 0.7150607638888888 0.5089962121212124 0.7150607638888888 0.6510416666666669 0.7931857638888888 0.6510416666666669
21 0.7118055555555556 0.6486742424242427 0.6597222222222222 0.6486742424242427 0.6597222222222222 0.7954545454545456 0.7118055555555556 0.7954545454545456
20 0.7769097222222222 0.6273674242424244 0.7085503472222222 0.6273674242424244 0.7085503472222222 0.7670454545454548 0.7769097222222222 0.7670454545454548
33 0.7248263888888888 0.7954545454545456 0.6716579861111112 0.7954545454545456 0.6716579861111112 0.935132575757576 0.7248263888888888 0.935132575757576
14 0.5789930555555556 0.9341856060606063 0.5316840277777778 0.9341856060606063 0.5316840277777778 1 0.5789930555555556 1
5 0.65234375 1.6618549840702245e-16 0.5915798611111112 1.580675745490381e-16 0.5915798611111112 0.11221590909090925 0.65234375 0.11221590909090925
30 0.7966579861111112 2.0239723733067406e-16 0.7183159722222222 1.9193091407091567e-16 0.7183159722222222 0.10700757575757595 0.7966579861111112 0.10700757575757597
23 0.8708767361111112 2.2292398765729167e-16 0.7977430555555556 2.1315348644250335e-16 0.7977430555555556 0.13589015151515174 0.8708767361111112 0.13589015151515174