3 0.1656901041666667 0.2314453125 0.010416666666666704 0.2314453125 0.010416666666666713 0.342041015625 0.16569010416666674 0.342041015625
27 0.27506510416666674 0.232421875 0.15917968750000003 0.232421875 0.15917968750000003 0.333251953125 0.27506510416666674 0.333251953125
3 0.22135416666666674 0.314697265625 0.09570312500000004 0.314697265625 0.09570312500000006 0.3994140625 0.22135416666666674 0.3994140625
8 0.32194010416666674 0.3486328125 0.1927083333333334 0.3486328125 0.1927083333333334 0.4482421875 0.32194010416666674 0.4482421875
24 0.4095052083333333 0.299560546875 0.28287760416666674 0.299560546875 0.28287760416666674 0.40576171875 0.4095052083333333 0.40576171875
32 0.5071614583333334 0.31201171875 0.3704427083333333 0.31201171875 0.3704427083333333 0.406005859375 0.5071614583333334 0.406005859375
1 0.5865885416666666 0.19506835937500006 0.4619140625 0.19506835937500006 0.4619140625 0.286865234375 0.5865885416666666 0.286865234375
23 0.6663411458333334 0.21777343750000006 0.5283203125 0.21777343750000006 0.5283203125 0.33813476562500006 0.6663411458333334 0.3381347656250001
29 0.7369791666666666 0.2807617187500001 0.6145833333333334 0.2807617187500001 0.6145833333333334 0.3498535156250001 0.7369791666666666 0.3498535156250001
11 0.7099609375 0.32592773437500006 0.5667317708333334 0.325927734375 0.5667317708333334 0.42382812500000006 0.7099609375 0.4238281250000001
10 0.8333333333333334 0.3747558593750001 0.6907552083333334 0.3747558593750001 0.6907552083333334 0.4501953125000001 0.8333333333333334 0.4501953125000001
10 0.5970052083333334 0.387939453125 0.4759114583333333 0.387939453125 0.4759114583333334 0.48681640625 0.5970052083333335 0.48681640625
28 0.33984375000000006 0.431640625 0.2200520833333334 0.431640625 0.2200520833333334 0.499267578125 0.33984375000000017 0.499267578125
26 0.5081380208333334 0.4384765625 0.3776041666666667 0.4384765625 0.37760416666666674 0.536376953125 0.5081380208333335 0.536376953125
14 0.4147135416666668 0.47607421875 0.3157552083333334 0.47607421875 0.3157552083333334 0.562255859375 0.4147135416666668 0.562255859375
22 0.30729166666666674 0.50048828125 0.2132161458333334 0.50048828125 0.2132161458333334 0.581298828125 0.30729166666666674 0.581298828125
28 0.6656901041666667 0.40209960937500006 0.53515625 0.402099609375 0.5351562500000001 0.507080078125 0.6656901041666669 0.507080078125
2 0.9625651041666666 0.22534179687500008 0.845703125 0.22534179687500006 0.845703125 0.2929687500000001 0.9625651041666666 0.2929687500000001
4 0.8333333333333334 0.4409179687500001 0.7109375 0.4409179687500001 0.7109375 0.542724609375 0.8333333333333334 0.542724609375
19 0.734375 0.4619140625000001 0.6354166666666669 0.4619140625000001 0.6354166666666669 0.54296875 0.734375 0.54296875
20 0.5755208333333335 0.481201171875 0.48828125000000017 0.481201171875 0.48828125000000017 0.56884765625 0.5755208333333335 0.56884765625
10 0.6598307291666669 0.50390625 0.5302734375000001 0.50390625 0.5302734375000001 0.61572265625 0.6598307291666669 0.61572265625
6 0.5458984375000001 0.55029296875 0.43457031250000017 0.55029296875 0.43457031250000017 0.657958984375 0.5458984375000001 0.657958984375
26 0.42773437500000017 0.5634765625 0.33170572916666674 0.5634765625 0.33170572916666674 0.6494140625 0.42773437500000017 0.6494140625
5 0.34570312500000017 0.57958984375 0.2259114583333334 0.57958984375 0.2259114583333334 0.642822265625 0.34570312500000017 0.642822265625
12 0.2854817708333334 0.640380859375 0.19433593750000008 0.640380859375 0.1943359375000001 0.729248046875 0.2854817708333335 0.729248046875
4 0.5136718750000001 0.658203125 0.4059244791666668 0.658203125 0.4059244791666668 0.766357421875 0.5136718750000001 0.766357421875
31 0.6357421875000001 0.633544921875 0.5000000000000001 0.633544921875 0.5000000000000001 0.73828125 0.6357421875000001 0.73828125
32 0.6943359375 0.574462890625 0.5559895833333335 0.574462890625 0.5559895833333335 0.69482421875 0.6943359375 0.69482421875
19 0.7916666666666666 0.573974609375 0.6803385416666666 0.573974609375 0.6803385416666666 0.669189453125 0.7916666666666666 0.669189453125