15 0.158203125 0.14811197916666669 0.087158203125 0.14811197916666666 0.08715820312500001 0.2591145833333333 0.158203125 0.2591145833333333
14 0.17944335937500006 0.3251953125 0.08691406250000003 0.3251953125 0.08691406250000003 0.4345703125 0.17944335937500006 0.4345703125
0 0.22387695312500006 0.3942057291666667 0.13085937500000006 0.3942057291666667 0.13085937500000006 0.5003255208333334 0.22387695312500006 0.5003255208333334
23 0.391845703125 0.11523437500000006 0.305419921875 0.11523437500000004 0.305419921875 0.20410156250000008 0.391845703125 0.20410156250000008
13 0.487548828125 0.3430989583333334 0.417724609375 0.3430989583333333 0.417724609375 0.45084635416666674 0.487548828125 0.4508463541666668
5 0.5322265625 0.5270182291666667 0.44091796875 0.5270182291666666 0.44091796875000006 0.6136067708333334 0.5322265625 0.6136067708333335
11 0.675537109375 0.5944010416666669 0.59228515625 0.5944010416666669 0.59228515625 0.70703125 0.675537109375 0.70703125
6 0.753173828125 0.6090494791666669 0.668701171875 0.6090494791666669 0.668701171875 0.7275390625 0.753173828125 0.7275390625
0 0.73486328125 0.7255859375 0.666748046875 0.7255859375 0.666748046875 0.833984375 0.73486328125 0.833984375
22 0.5205078125 0.8509114583333334 0.4287109375000001 0.8509114583333334 0.4287109375000001 0.9576822916666666 0.5205078125 0.9576822916666666
27 0.3850097656250001 0.9000651041666666 0.2868652343750001 0.9000651041666666 0.2868652343750001 1 0.3850097656250001 1
33 0.3146972656250001 0.8492838541666666 0.21826171875000006 0.8492838541666666 0.21826171875000008 0.9729817708333334 0.3146972656250001 0.9729817708333334
4 0.2675781250000001 0.7763671875 0.17187500000000006 0.7763671875 0.17187500000000006 0.9016927083333334 0.2675781250000001 0.9016927083333334
21 0.22314453125000006 0.5904947916666666 0.12963867187500006 0.5904947916666666 0.12963867187500006 0.7080078125 0.22314453125000006 0.7080078125
0 0.17382812500000006 0.64453125 0.07861328125000006 0.64453125 0.07861328125000007 0.7643229166666666 0.17382812500000006 0.7643229166666666
1 0.10937500000000006 0.5751953125 0.012207031250000052 0.5751953125 0.012207031250000057 0.6793619791666666 0.10937500000000006 0.6793619791666666
2 0.24291992187500006 0.4791666666666667 0.16015625000000006 0.4791666666666667 0.16015625000000006 0.5966796875 0.24291992187500006 0.5966796875
31 0.16503906250000006 0.4860026041666667 0.07080078125000006 0.4860026041666667 0.07080078125000006 0.5924479166666666 0.16503906250000006 0.5924479166666666
20 0.08520507812500006 0.4869791666666667 0.0009765625000000447 0.4869791666666667 0.0009765625000000494 0.5891927083333334 0.08520507812500006 0.5891927083333334
21 0.12939453125000006 0.3844401041666667 0.03906250000000004 0.3844401041666667 0.03906250000000004 0.4970703125 0.12939453125000006 0.4970703125
14 0.11669921875000003 0.2744140625 0.029541015625000028 0.2744140625 0.02954101562500003 0.365234375 0.11669921875000003 0.365234375
31 0.07568359375000004 0.3580729166666667 0.000976562500000033 0.3580729166666667 0.000976562500000038 0.4677734375 0.07568359375000006 0.4677734375
25 0.515380859375 0.12434895833333341 0.427978515625 0.12434895833333341 0.427978515625 0.23014322916666674 0.515380859375 0.23014322916666674
33 0.436767578125 0.18847656250000008 0.36767578125 0.18847656250000008 0.36767578125 0.30533854166666674 0.436767578125 0.30533854166666674
17 0.38037109375 0.2327473958333334 0.309326171875 0.2327473958333334 0.309326171875 0.3444010416666667 0.38037109375 0.3444010416666667
33 0.51171875 0.25683593750000006 0.421875 0.25683593750000006 0.421875 0.3587239583333334 0.51171875 0.3587239583333335
15 0.67138671875 0.36914062500000017 0.577880859375 0.36914062500000017 0.577880859375 0.4925130208333335 0.67138671875 0.4925130208333335
22 0.790283203125 0.34277343750000017 0.698486328125 0.34277343750000017 0.698486328125 0.4739583333333335 0.790283203125 0.4739583333333335
2 0.8427734375 0.5957031250000001 0.7509765625 0.5957031250000001 0.7509765625 0.6826171875 0.8427734375 0.6826171875
28 0.6669921875 0.7467447916666666 0.58154296875 0.7467447916666666 0.58154296875 0.8880208333333334 0.6669921875 0.8880208333333334
30 0.590576171875 0.7213541666666666 0.50244140625 0.7213541666666666 0.50244140625 0.8466796875 0.590576171875 0.8466796875
30 0.54052734375 0.6191406250000001 0.4501953125000001 0.619140625 0.4501953125000001 0.7314453125 0.54052734375 0.7314453125
7 0.590087890625 0.5530598958333335 0.5263671875 0.5530598958333335 0.5263671875 0.66796875 0.590087890625 0.66796875
17 0.521484375 0.6966145833333334 0.4287109375000001 0.6966145833333334 0.4287109375000001 0.8157552083333334 0.521484375 0.8157552083333334
5 0.527587890625 0.9375 0.4587402343750001 0.9375 0.4587402343750001 0.9996744791666666 0.527587890625 0.9996744791666666