28 0.18750000000000003 0.23697916666666666 0.12133789062500003 0.23697916666666666 0.12133789062500003 0.3349609375 0.18750000000000006 0.3349609375
29 0.36962890625 0.12076822916666673 0.298583984375 0.1207682291666667 0.298583984375 0.22753906250000008 0.36962890625 0.22753906250000008
10 0.454345703125 0.25683593750000006 0.3759765625 0.25683593750000006 0.3759765625 0.37011718750000006 0.454345703125 0.37011718750000017
24 0.5380859375 0.26529947916666674 0.4541015625 0.26529947916666674 0.4541015625 0.3782552083333335 0.5380859375 0.3782552083333335
12 0.34375 0.3531901041666667 0.267822265625 0.3531901041666667 0.267822265625 0.4358723958333333 0.34375 0.4358723958333333
20 0.24023437500000006 0.5048828125 0.16772460937500006 0.5048828125 0.16772460937500006 0.609375 0.24023437500000006 0.609375
25 0.24267578125000006 0.6481119791666666 0.15380859375000006 0.6481119791666666 0.15380859375000006 0.7581380208333334 0.24267578125000006 0.7581380208333334
7 0.3298339843750001 0.7242838541666666 0.24658203125000006 0.7242838541666666 0.24658203125000006 0.8157552083333334 0.3298339843750001 0.8157552083333334
16 0.3706054687500001 0.6569010416666666 0.2839355468750001 0.6569010416666666 0.2839355468750001 0.7418619791666666 0.3706054687500001 0.7418619791666666
19 0.49340820312500006 0.5569661458333334 0.41259765625 0.5569661458333334 0.41259765625000006 0.6660156250000001 0.4934082031250001 0.6660156250000001
11 0.53759765625 0.3792317708333335 0.454345703125 0.3792317708333335 0.454345703125 0.48046875000000017 0.53759765625 0.48046875000000017
26 0.630859375 0.3424479166666668 0.54443359375 0.3424479166666668 0.54443359375 0.4537760416666668 0.630859375 0.4537760416666668
4 0.68701171875 0.2705078125000001 0.60791015625 0.27050781250000006 0.60791015625 0.3805338541666668 0.68701171875 0.3805338541666668
2 0.754638671875 0.3173828125000001 0.673095703125 0.31738281250000006 0.673095703125 0.4381510416666668 0.754638671875 0.4381510416666668
12 0.808837890625 0.2623697916666668 0.724853515625 0.2623697916666668 0.724853515625 0.34570312500000017 0.808837890625 0.34570312500000017
27 0.818115234375 0.5436197916666669 0.719970703125 0.5436197916666669 0.719970703125 0.6624348958333335 0.818115234375 0.6624348958333335
22 0.759521484375 0.6331380208333335 0.669677734375 0.6331380208333335 0.669677734375 0.7353515625 0.759521484375 0.7353515625
3 0.6064453125 0.46484375000000017 0.540283203125 0.46484375000000017 0.540283203125 0.5800781250000001 0.6064453125 0.5800781250000001
29 0.682373046875 0.6868489583333334 0.609619140625 0.6868489583333334 0.609619140625 0.8092447916666666 0.682373046875 0.8092447916666666
25 0.5625 0.779296875 0.4816894531250001 0.779296875 0.4816894531250001 0.8688151041666666 0.5625 0.8688151041666666
14 0.4797363281250001 0.7727864583333334 0.4167480468750001 0.7727864583333334 0.4167480468750001 0.8818359375 0.4797363281250001 0.8818359375
30 0.4135742187500001 0.7294921875 0.3303222656250001 0.7294921875 0.3303222656250001 0.8362630208333334 0.4135742187500001 0.8362630208333334
3 0.4301757812500001 0.8147786458333334 0.3500976562500001 0.8147786458333334 0.3500976562500001 0.9368489583333334 0.4301757812500001 0.9368489583333334
30 0.547607421875 0.9163411458333334 0.4890136718750001 0.9163411458333334 0.4890136718750001 0.9996744791666666 0.547607421875 0.9996744791666666
9 0.63232421875 0.8408203125 0.555908203125 0.8408203125 0.555908203125 0.9694010416666666 0.63232421875 0.9694010416666666
8 0.72119140625 0.7682291666666666 0.63427734375 0.7682291666666666 0.63427734375 0.8987630208333334 0.72119140625 0.8987630208333334
4 0.830322265625 0.8157552083333334 0.730712890625 0.8157552083333334 0.730712890625 0.9427083333333334 0.830322265625 0.9427083333333334
11 0.768310546875 0.8655598958333334 0.6728515625 0.8655598958333334 0.6728515625 0.9944661458333334 0.768310546875 0.9944661458333334
19 0.5078125 0.9261067708333334 0.4050292968750001 0.9261067708333334 0.4050292968750001 0.9996744791666666 0.5078125 0.9996744791666666
1 0.713623046875 0.9352213541666666 0.62060546875 0.9352213541666666 0.62060546875 0.9996744791666666 0.713623046875 0.9996744791666666
11 0.8466796875 0.9283854166666666 0.739990234375 0.9283854166666666 0.739990234375 0.9996744791666666 0.8466796875 0.9996744791666666