32 0.8694661458333334 0.3723144531250001 0.7584635416666666 0.3723144531250001 0.7584635416666666 0.4465332031250001 0.8694661458333334 0.4465332031250001
29 0.8411458333333334 0.4274902343750001 0.7340494791666666 0.4274902343750001 0.7340494791666666 0.517578125 0.8411458333333334 0.517578125
29 0.7584635416666666 0.4216308593750001 0.6419270833333334 0.4216308593750001 0.6419270833333334 0.4946289062500001 0.7584635416666666 0.4946289062500001
16 0.7483723958333334 0.4799804687500001 0.6464843750000001 0.4799804687500001 0.6464843750000001 0.5703125 0.7483723958333334 0.5703125
32 0.6617838541666669 0.49047851562500006 0.5358072916666669 0.490478515625 0.5358072916666669 0.57666015625 0.6617838541666669 0.57666015625
20 0.6787109375 0.34472656250000006 0.5826822916666666 0.3447265625 0.5826822916666666 0.43432617187500006 0.6787109375 0.4343261718750001
1 0.8004557291666666 0.2785644531250001 0.7060546875 0.2785644531250001 0.7060546875 0.3713378906250001 0.8004557291666666 0.3713378906250001
8 0.7213541666666666 0.2910156250000001 0.6103515625 0.2910156250000001 0.6103515625 0.3645019531250001 0.7213541666666666 0.3645019531250001
8 0.708984375 0.21533203125000006 0.6103515625 0.21533203125000006 0.6103515625 0.3059082031250001 0.708984375 0.3059082031250001
24 0.7542317708333334 0.16259765625000006 0.6240234375 0.16259765625000006 0.6240234375 0.24804687500000006 0.7542317708333334 0.24804687500000006
3 0.5992838541666666 0.14233398437500006 0.4811197916666667 0.14233398437500006 0.4811197916666667 0.21191406250000006 0.5992838541666666 0.21191406250000006
9 0.603515625 0.20239257812500006 0.4830729166666667 0.20239257812500006 0.4830729166666667 0.26806640625 0.603515625 0.26806640625
33 0.4964192708333333 0.17919921875000006 0.3701171875 0.17919921875000006 0.3701171875 0.267333984375 0.4964192708333333 0.267333984375
9 0.4762369791666667 0.25537109375 0.3597005208333333 0.25537109375 0.3597005208333333 0.326904296875 0.4762369791666667 0.326904296875
21 0.55078125 0.253173828125 0.4641927083333333 0.253173828125 0.4641927083333333 0.33935546875 0.55078125 0.33935546875
18 0.6243489583333334 0.25805664062500006 0.5384114583333334 0.258056640625 0.5384114583333334 0.34985351562500006 0.6243489583333334 0.3498535156250001
28 0.5322265625 0.3291015625 0.4446614583333333 0.3291015625 0.4446614583333333 0.418701171875 0.5322265625 0.418701171875
16 0.46484375 0.30712890625 0.3763020833333333 0.30712890625 0.3763020833333333 0.401611328125 0.46484375 0.401611328125
24 0.3896484375 0.304443359375 0.27734375000000006 0.304443359375 0.27734375000000006 0.375244140625 0.3896484375 0.375244140625
27 0.6061197916666666 0.33422851562500006 0.5143229166666666 0.334228515625 0.5143229166666666 0.42651367187500006 0.6061197916666666 0.4265136718750001
18 0.7685546875 0.3657226562500001 0.6575520833333334 0.3657226562500001 0.6575520833333334 0.4343261718750001 0.7685546875 0.4343261718750001
5 0.6598307291666667 0.41894531250000006 0.5703125 0.4189453125 0.5703125000000001 0.50341796875 0.6598307291666669 0.50341796875
18 0.5823567708333334 0.431396484375 0.4840494791666667 0.431396484375 0.48404947916666674 0.51318359375 0.5823567708333335 0.51318359375
23 0.5146484375000001 0.40087890625 0.3938802083333333 0.40087890625 0.3938802083333334 0.479736328125 0.5146484375000001 0.479736328125
9 0.41471354166666674 0.3935546875 0.29296875000000006 0.3935546875 0.29296875000000006 0.4697265625 0.4147135416666668 0.4697265625
25 0.30957031250000006 0.375732421875 0.18945312500000008 0.375732421875 0.18945312500000008 0.45166015625 0.30957031250000006 0.45166015625
19 0.31119791666666674 0.4365234375 0.18164062500000008 0.4365234375 0.18164062500000008 0.526611328125 0.31119791666666674 0.526611328125
13 0.18652343750000008 0.453369140625 0.06412760416666674 0.453369140625 0.06412760416666675 0.5537109375 0.18652343750000008 0.5537109375
13 0.36718750000000017 0.503662109375 0.2386067708333334 0.503662109375 0.2386067708333334 0.585693359375 0.36718750000000017 0.585693359375
15 0.4241536458333335 0.457275390625 0.29785156250000006 0.457275390625 0.29785156250000006 0.543701171875 0.4241536458333335 0.543701171875