12 0.14428710937500003 0.2750651041666667 0.07568359375000003 0.2750651041666667 0.07568359375000003 0.3610026041666667 0.14428710937500006 0.3610026041666667
22 0.20849609375000003 0.2825520833333333 0.140869140625 0.2825520833333333 0.14086914062500003 0.375 0.20849609375000006 0.375
8 0.28173828125 0.2750651041666667 0.206787109375 0.2750651041666667 0.20678710937500003 0.3567708333333333 0.28173828125 0.3567708333333333
26 0.3291015625 0.3681640625 0.25634765625 0.3681640625 0.25634765625 0.462890625 0.3291015625 0.462890625
4 0.09960937500000003 0.3336588541666667 0.03662109375000003 0.3336588541666667 0.036621093750000035 0.421875 0.09960937500000003 0.421875
5 0.17529296875000006 0.3597005208333333 0.10253906250000003 0.3597005208333333 0.10253906250000003 0.4303385416666667 0.17529296875000006 0.4303385416666667
31 0.22802734375000006 0.4508463541666667 0.16040039062500006 0.4508463541666667 0.16040039062500006 0.5390625 0.22802734375000006 0.5390625
19 0.13769531250000006 0.4908854166666667 0.07006835937500006 0.4908854166666667 0.07006835937500006 0.5791015625 0.13769531250000006 0.5791015625
32 0.20214843750000006 0.5299479166666666 0.13427734375000006 0.5299479166666666 0.13427734375000006 0.6214192708333334 0.20214843750000006 0.6214192708333334
23 0.26464843750000006 0.6005859375 0.18627929687500006 0.6005859375 0.18627929687500006 0.6822916666666666 0.2646484375000001 0.6822916666666666
10 0.31030273437500006 0.5406901041666666 0.253173828125 0.5406901041666666 0.25317382812500006 0.63671875 0.3103027343750001 0.63671875
6 0.37377929687500006 0.5452473958333334 0.318115234375 0.5452473958333334 0.31811523437500006 0.6334635416666666 0.3737792968750001 0.6334635416666666
14 0.45849609375000006 0.5517578125000001 0.389892578125 0.5517578125 0.38989257812500006 0.6451822916666667 0.4584960937500001 0.6451822916666669
29 0.4951171875 0.4788411458333334 0.41748046875 0.4788411458333333 0.41748046875 0.5735677083333334 0.4951171875 0.5735677083333335
28 0.51220703125 0.35839843750000006 0.442626953125 0.3583984375 0.442626953125 0.45963541666666674 0.51220703125 0.4596354166666668
19 0.3786621093750001 0.6276041666666666 0.3076171875000001 0.6276041666666666 0.3076171875000001 0.7083333333333334 0.3786621093750001 0.7083333333333334
4 0.3208007812500001 0.6852213541666666 0.2507324218750001 0.6852213541666666 0.2507324218750001 0.7604166666666666 0.3208007812500001 0.7604166666666666
10 0.3664550781250001 0.7014973958333334 0.3100585937500001 0.7014973958333334 0.3100585937500001 0.7874348958333334 0.3664550781250001 0.7874348958333334
11 0.4306640625000001 0.7154947916666666 0.3588867187500001 0.7154947916666666 0.3588867187500001 0.794921875 0.4306640625000001 0.794921875
24 0.57470703125 0.3987630208333335 0.508544921875 0.3987630208333335 0.508544921875 0.47265625000000017 0.57470703125 0.47265625000000017
7 0.6259765625 0.3616536458333335 0.564697265625 0.3616536458333335 0.564697265625 0.45214843750000017 0.6259765625 0.45214843750000017
30 0.666748046875 0.46582031250000017 0.582763671875 0.46582031250000017 0.582763671875 0.5520833333333335 0.666748046875 0.5520833333333335
27 0.59033203125 0.49316406250000017 0.513427734375 0.49316406250000017 0.513427734375 0.5921223958333335 0.59033203125 0.5921223958333335
25 0.54541015625 0.5830078125000001 0.493896484375 0.5830078125000001 0.49389648437500006 0.6790364583333334 0.54541015625 0.6790364583333334
12 0.62451171875 0.6090494791666669 0.54931640625 0.6090494791666669 0.54931640625 0.7200520833333334 0.62451171875 0.7200520833333334
32 0.744873046875 0.6253255208333335 0.674560546875 0.6253255208333335 0.674560546875 0.7265625 0.744873046875 0.7265625
2 0.4780273437500001 0.7014973958333334 0.4191894531250001 0.7014973958333334 0.4191894531250001 0.8014322916666666 0.4780273437500001 0.8014322916666666
11 0.3339843750000001 0.8336588541666666 0.2766113281250001 0.8336588541666666 0.2766113281250001 0.931640625 0.3339843750000001 0.931640625
3 0.4494628906250001 0.7880859375 0.3710937500000001 0.7880859375 0.3710937500000001 0.8785807291666666 0.4494628906250001 0.8785807291666666
29 0.4291992187500001 0.8489583333333334 0.3410644531250001 0.8489583333333334 0.3410644531250001 0.9296875 0.4291992187500001 0.9296875
28 0.52099609375 0.8479817708333334 0.4467773437500001 0.8479817708333334 0.4467773437500001 0.931640625 0.52099609375 0.931640625
20 0.534912109375 0.7405598958333334 0.4743652343750001 0.7405598958333334 0.4743652343750001 0.8450520833333334 0.534912109375 0.8450520833333334
1 0.639892578125 0.7750651041666666 0.554931640625 0.7750651041666666 0.554931640625 0.853515625 0.639892578125 0.853515625
16 0.689453125 0.6871744791666666 0.60546875 0.6871744791666666 0.60546875 0.7766927083333334 0.689453125 0.7766927083333334
9 0.92138671875 0.8141276041666669 0.8349609375 0.8141276041666666 0.8349609375 0.9023437500000001 0.92138671875 0.9023437500000003
13 0.97119140625 0.7252604166666669 0.877197265625 0.7252604166666666 0.877197265625 0.8417968750000001 0.97119140625 0.8417968750000003
19 0.998779296875 0.8349609375000003 0.917236328125 0.8349609375000003 0.917236328125 0.917643229166667 0.998779296875 0.917643229166667