29 0.808349609375 0.2574869791666668 0.63720703125 0.25748697916666674 0.63720703125 0.4781901041666668 0.808349609375 0.4781901041666668
33 0.43310546875 0.21972656250000008 0.279052734375 0.21972656250000008 0.279052734375 0.412109375 0.43310546875 0.412109375
33 0.3037109375 0.3727213541666667 0.16674804687500006 0.3727213541666667 0.16674804687500006 0.5572916666666666 0.3037109375 0.5572916666666666
32 0.67822265625 0.05240885416666677 0.513427734375 0.05240885416666676 0.513427734375 0.2679036458333334 0.67822265625 0.2679036458333334
32 0.4697265625 0.37500000000000006 0.3125 0.375 0.3125 0.5582682291666667 0.4697265625 0.5582682291666669
28 0.644775390625 0.5999348958333335 0.479248046875 0.5999348958333335 0.47924804687500006 0.8157552083333334 0.644775390625 0.8157552083333334
32 0.510498046875 0.5006510416666667 0.375244140625 0.5006510416666666 0.37524414062500006 0.7024739583333334 0.510498046875 0.7024739583333334
31 0.4926757812500001 0.7516276041666666 0.3457031250000001 0.7516276041666666 0.3457031250000001 0.904296875 0.4926757812500001 0.904296875
31 0.41772460937500006 0.5947265625 0.301513671875 0.5947265625 0.30151367187500006 0.7838541666666666 0.4177246093750001 0.7838541666666666
28 0.35522460937500006 0.4733072916666667 0.20751953125000006 0.4733072916666667 0.20751953125000006 0.6761067708333334 0.3552246093750001 0.6761067708333334
28 0.23510742187500006 0.5504557291666666 0.07836914062500006 0.5504557291666666 0.07836914062500006 0.7281901041666666 0.23510742187500006 0.7281901041666666