1 0.09228515625 0.029622395833333343 0.021240234375 0.029622395833333332 0.021240234375000007 0.12239583333333333 0.09228515625 0.12239583333333333
32 0.1240234375 0.00032552083333334757 0.050537109375 0.00032552083333334156 0.050537109375 0.07128906250000001 0.1240234375 0.07128906250000001
17 0.1865234375 0.014648437500000026 0.114013671875 0.014648437500000019 0.114013671875 0.11035156250000004 0.1865234375 0.11035156250000004
12 0.24365234375 0.035156250000000035 0.17333984375 0.03515625000000003 0.17333984375 0.11035156250000004 0.24365234375 0.11035156250000004
18 0.298095703125 0.03841145833333338 0.238525390625 0.03841145833333337 0.238525390625 0.14192708333333337 0.298095703125 0.14192708333333337
14 0.06933593750000001 0.07910156250000001 7.265360649238449e-18 0.0791015625 1.1540860948996052e-17 0.17220052083333334 0.06933593750000003 0.17220052083333334
8 0.1572265625 0.06445312500000001 0.088623046875 0.06445312500000001 0.08862304687500001 0.16243489583333334 0.1572265625 0.16243489583333337
29 0.23291015625 0.09798177083333337 0.152099609375 0.09798177083333337 0.152099609375 0.1764322916666667 0.23291015625 0.17643229166666674
29 0.08251953125000003 0.2630208333333333 0.02026367187500002 0.2630208333333333 0.020263671875000028 0.3502604166666667 0.08251953125000003 0.3502604166666667
0 0.09790039062500004 0.4095052083333333 0.023681640625000035 0.4095052083333333 0.02368164062500004 0.5065104166666666 0.09790039062500006 0.5065104166666666
4 0.17358398437500006 0.3649088541666667 0.09521484375000003 0.3649088541666667 0.09521484375000004 0.4641927083333333 0.17358398437500006 0.4641927083333333
2 0.14916992187500003 0.2392578125 0.07397460937500003 0.2392578125 0.07397460937500003 0.3391927083333333 0.14916992187500006 0.3391927083333333
0 0.21264648437500003 0.2509765625 0.135986328125 0.2509765625 0.13598632812500003 0.3284505208333333 0.21264648437500006 0.3284505208333333
15 0.275390625 0.23925781250000003 0.199462890625 0.2392578125 0.19946289062500003 0.3470052083333333 0.275390625 0.3470052083333333
32 0.305419921875 0.1588541666666667 0.22216796875 0.1588541666666667 0.22216796875 0.25683593750000006 0.305419921875 0.25683593750000006
14 0.54052734375 0.06673177083333341 0.4541015625 0.06673177083333341 0.4541015625 0.16796875000000008 0.54052734375 0.16796875000000008
13 0.54296875 0.18261718750000008 0.474365234375 0.18261718750000008 0.474365234375 0.2981770833333334 0.54296875 0.2981770833333334
17 0.607421875 0.16113281250000008 0.5322265625 0.16113281250000008 0.5322265625 0.27636718750000006 0.607421875 0.27636718750000006
23 0.62841796875 0.06770833333333344 0.54443359375 0.06770833333333343 0.54443359375 0.1731770833333334 0.62841796875 0.1731770833333334
20 0.666748046875 0.004882812500000102 0.590087890625 0.004882812500000096 0.590087890625 0.10807291666666678 0.666748046875 0.10807291666666678
25 0.718017578125 0.13834635416666677 0.640380859375 0.13834635416666677 0.640380859375 0.2285156250000001 0.718017578125 0.22851562500000014
33 0.80419921875 0.12402343750000012 0.730712890625 0.12402343750000011 0.730712890625 0.24153645833333348 0.80419921875 0.24153645833333348
22 0.82958984375 0.2542317708333335 0.76416015625 0.2542317708333335 0.76416015625 0.36425781250000017 0.82958984375 0.36425781250000017
15 0.7197265625 0.2565104166666668 0.64697265625 0.25651041666666674 0.64697265625 0.3697916666666668 0.7197265625 0.3697916666666668
22 0.534912109375 0.3323567708333334 0.4638671875 0.3323567708333334 0.4638671875 0.44140625000000017 0.534912109375 0.44140625000000017
17 0.509765625 0.43229166666666674 0.440185546875 0.4322916666666667 0.440185546875 0.5345052083333334 0.509765625 0.5345052083333335
33 0.55126953125 0.5104166666666669 0.482666015625 0.5104166666666669 0.482666015625 0.5921223958333335 0.55126953125 0.5921223958333335
5 0.605712890625 0.2815755208333334 0.540283203125 0.2815755208333334 0.540283203125 0.3958333333333335 0.605712890625 0.3958333333333335
33 0.66357421875 0.31510416666666674 0.591552734375 0.31510416666666674 0.591552734375 0.4195963541666668 0.66357421875 0.4195963541666668
30 0.6171875 0.3942057291666668 0.537841796875 0.3942057291666668 0.537841796875 0.5032552083333335 0.6171875 0.5032552083333335
27 0.62451171875 0.5048828125000001 0.553466796875 0.5048828125000001 0.553466796875 0.5930989583333335 0.62451171875 0.5930989583333335
30 0.71630859375 0.4280598958333335 0.6298828125 0.4280598958333335 0.6298828125 0.5237630208333335 0.71630859375 0.5237630208333335
2 0.766845703125 0.3639322916666668 0.673828125 0.3639322916666668 0.673828125 0.46093750000000017 0.766845703125 0.46093750000000017
7 0.81396484375 0.4475911458333335 0.714599609375 0.4475911458333335 0.714599609375 0.5553385416666669 0.81396484375 0.5553385416666669
11 0.781494140625 0.5397135416666669 0.698974609375 0.5397135416666669 0.698974609375 0.6279296875000001 0.781494140625 0.6279296875000001
6 0.678955078125 0.5192057291666669 0.618408203125 0.5192057291666669 0.618408203125 0.6171875000000001 0.678955078125 0.6171875000000001
28 0.70751953125 0.6090494791666669 0.6494140625 0.6090494791666669 0.6494140625 0.7093098958333334 0.70751953125 0.7093098958333334
6 0.75634765625 0.708984375 0.693359375 0.708984375 0.693359375 0.8177083333333334 0.75634765625 0.8177083333333334
24 0.139404296875 0.10807291666666669 0.059570312500000014 0.10807291666666667 0.059570312500000014 0.21256510416666666 0.139404296875 0.21256510416666666
30 0.03955078125000003 0.2737630208333333 2.5144725539133886e-17 0.2737630208333333 2.973416117558698e-17 0.3736979166666667 0.03955078125000003 0.3736979166666667
22 0.048828125000000035 0.3610026041666667 3.315755127574255e-17 0.3610026041666667 3.719386274754168e-17 0.4488932291666667 0.04882812500000004 0.4488932291666667
21 0.13085937500000006 0.3216145833333333 0.04956054687500003 0.3216145833333333 0.049560546875000035 0.416015625 0.13085937500000006 0.416015625
21 0.11816406250000003 0.171875 0.038330078125000014 0.171875 0.03833007812500002 0.2698567708333333 0.11816406250000003 0.2698567708333333
0 0.570556640625 0.7493489583333334 0.4875488281250001 0.7493489583333334 0.4875488281250001 0.8570963541666666 0.570556640625 0.8570963541666666
22 0.74365234375 1.1548833909928e-16 0.6708984375 1.0954848320497807e-16 0.6708984375 0.04785156250000012 0.74365234375 0.04785156250000013