33 0.5138888888888888 0.005681818181818311 0.4505208333333333 0.0056818181818183025 0.4505208333333333 0.1354166666666668 0.5138888888888888 0.13541666666666682
16 0.5638020833333334 0.19507575757575774 0.5088975694444444 0.19507575757575774 0.5088975694444444 0.2859848484848486 0.5638020833333334 0.2859848484848486
25 0.4657118055555556 0.22964015151515163 0.4012586805555556 0.22964015151515163 0.4012586805555556 0.340909090909091 0.4657118055555556 0.340909090909091
19 0.5230034722222222 0.225378787878788 0.4728732638888889 0.22537878787878798 0.4728732638888889 0.356534090909091 0.5230034722222222 0.356534090909091
21 0.6143663194444444 0.16808712121212138 0.5583767361111112 0.16808712121212138 0.5583767361111112 0.2632575757575759 0.6143663194444444 0.26325757575757597
11 0.6842447916666666 0.08901515151515169 0.6286892361111112 0.08901515151515167 0.6286892361111112 0.20596590909090925 0.6842447916666666 0.20596590909090925
30 0.7124565972222222 1.8285623490109747e-16 0.65625 1.7534715533246193e-16 0.65625 0.088068181818182 0.7124565972222222 0.088068181818182
32 0.7302517361111112 0.13352272727272746 0.6733940972222222 0.13352272727272743 0.6733940972222222 0.2547348484848487 0.7302517361111112 0.2547348484848487
7 0.6881510416666666 0.2054924242424244 0.6247829861111112 0.2054924242424244 0.6247829861111112 0.3134469696969699 0.6881510416666666 0.3134469696969699
33 0.6447482638888888 0.2485795454545456 0.580078125 0.24857954545454555 0.580078125 0.3636363636363638 0.6447482638888888 0.36363636363636387
11 0.5933159722222222 0.2930871212121213 0.5340711805555556 0.2930871212121213 0.5340711805555556 0.4166666666666668 0.5933159722222222 0.4166666666666668
1 0.5533854166666666 0.3645833333333334 0.4906684027777778 0.3645833333333334 0.4906684027777778 0.4725378787878789 0.5533854166666666 0.4725378787878789
14 0.5071614583333334 0.40056818181818193 0.4505208333333333 0.40056818181818193 0.4505208333333333 0.5127840909090912 0.5071614583333334 0.5127840909090912
3 0.4611545138888889 0.4521780303030304 0.4064670138888889 0.4521780303030304 0.4064670138888889 0.5672348484848487 0.4611545138888889 0.5672348484848487
33 0.4559461805555556 0.5710227272727274 0.3990885416666667 0.5710227272727273 0.3990885416666667 0.6893939393939394 0.4559461805555556 0.6893939393939396
3 0.4303385416666667 0.6671401515151516 0.3815104166666667 0.6671401515151515 0.3815104166666667 0.7897727272727274 0.4303385416666667 0.7897727272727275
30 0.4947916666666667 0.6500946969696972 0.4385850694444444 0.6500946969696972 0.4385850694444444 0.7580492424242427 0.4947916666666667 0.7580492424242427
9 0.48828125 0.5355113636363639 0.4405381944444444 0.5355113636363639 0.4405381944444444 0.6562500000000002 0.48828125 0.6562500000000002
25 0.5171440972222222 0.49810606060606083 0.4689670138888889 0.49810606060606083 0.4689670138888889 0.6202651515151517 0.5171440972222222 0.6202651515151517
2 0.5316840277777778 0.6126893939393941 0.4774305555555556 0.6126893939393941 0.4774305555555556 0.7339015151515154 0.5316840277777778 0.7339015151515154
29 0.5190972222222222 0.7277462121212124 0.4654947916666667 0.7277462121212124 0.4654947916666667 0.8342803030303032 0.5190972222222222 0.8342803030303032
15 0.5625 0.519412878787879 0.5130208333333334 0.519412878787879 0.5130208333333334 0.6377840909090912 0.5625 0.6377840909090912
27 0.5802951388888888 0.6112689393939396 0.5240885416666666 0.6112689393939396 0.5240885416666666 0.7267992424242427 0.5802951388888888 0.7267992424242427
7 0.5974392361111112 0.7073863636363639 0.5444878472222222 0.7073863636363639 0.5444878472222222 0.8186553030303032 0.5974392361111112 0.8186553030303032
31 0.5716145833333334 0.7518939393939396 0.513671875 0.7518939393939396 0.513671875 0.863162878787879 0.5716145833333334 0.863162878787879
14 0.5861545138888888 0.41619318181818193 0.5321180555555556 0.41619318181818193 0.5321180555555556 0.5331439393939396 0.5861545138888888 0.5331439393939396
0 0.6111111111111112 0.5298295454545456 0.5609809027777778 0.5298295454545456 0.5609809027777778 0.6363636363636366 0.6111111111111112 0.6363636363636366
23 0.5638020833333334 0.8754734848484851 0.5082465277777778 0.8754734848484851 0.5082465277777778 0.9763257575757576 0.5638020833333334 0.9763257575757576
28 0.6098090277777778 0.8295454545454548 0.5590277777777778 0.8295454545454548 0.5590277777777778 0.9431818181818183 0.6098090277777778 0.9431818181818183
10 0.6427951388888888 0.7793560606060608 0.587890625 0.7793560606060608 0.587890625 0.9015151515151517 0.6427951388888888 0.9015151515151517
9 0.6341145833333334 0.660037878787879 0.5733506944444444 0.660037878787879 0.5733506944444444 0.7798295454545456 0.6341145833333334 0.7798295454545456
7 0.6564670138888888 0.5785984848484851 0.6043836805555556 0.5785984848484851 0.6043836805555556 0.7092803030303032 0.6564670138888888 0.7092803030303032
31 0.6868489583333334 0.6846590909090912 0.6312934027777778 0.6846590909090912 0.6312934027777778 0.7698863636363639 0.6868489583333334 0.7698863636363639
31 0.6354166666666666 0.4592803030303032 0.5794270833333334 0.45928030303030315 0.5794270833333334 0.5847537878787881 0.6354166666666666 0.5847537878787881
1 0.6875 0.5066287878787881 0.6299913194444444 0.5066287878787881 0.6299913194444444 0.613162878787879 0.6875 0.613162878787879
32 0.638671875 0.35606060606060624 0.5865885416666666 0.3560606060606062 0.5865885416666666 0.4554924242424244 0.638671875 0.4554924242424245
0 0.685546875 0.3115530303030305 0.6345486111111112 0.3115530303030305 0.6345486111111112 0.42518939393939414 0.685546875 0.42518939393939414
33 0.7170138888888888 0.4303977272727275 0.6668836805555556 0.4303977272727275 0.6668836805555556 0.544507575757576 0.7170138888888888 0.544507575757576
4 0.7439236111111112 0.3271780303030305 0.6792534722222222 0.3271780303030305 0.6792534722222222 0.4483901515151517 0.7439236111111112 0.4483901515151517
29 0.76171875 0.4332386363636366 0.7154947916666666 0.4332386363636366 0.7154947916666666 0.5587121212121214 0.76171875 0.5587121212121214
27 0.8780381944444444 0.39204545454545475 0.8135850694444444 0.39204545454545475 0.8135850694444444 0.5056818181818183 0.8780381944444444 0.5056818181818183
3 0.8452690972222222 0.47206439393939414 0.7786458333333334 0.47206439393939414 0.7786458333333334 0.5890151515151517 0.8452690972222222 0.5890151515151517
16 0.8190104166666666 0.5553977272727275 0.7647569444444444 0.5553977272727275 0.7647569444444444 0.6766098484848487 0.8190104166666666 0.6766098484848487
22 0.8958333333333334 0.5236742424242427 0.8359375 0.5236742424242427 0.8359375 0.6562500000000002 0.8958333333333334 0.6562500000000002
24 0.9978298611111112 0.4550189393939396 0.9470486111111112 0.4550189393939396 0.9470486111111112 0.59469696969697 0.9978298611111112 0.59469696969697
6 0.9958767361111112 0.7031250000000002 0.9416232638888888 0.7031250000000002 0.9416232638888888 0.8342803030303032 0.9958767361111112 0.8342803030303032
5 0.9874131944444444 0.8238636363636366 0.91796875 0.8238636363636366 0.91796875 0.9431818181818183 0.9874131944444444 0.9431818181818183