18 0.357421875 0.025390625000000052 0.293701171875 0.025390625000000045 0.293701171875 0.1373697916666667 0.357421875 0.13736979166666674
0 0.42333984375 0.021158854166666727 0.3466796875 0.021158854166666723 0.3466796875 0.11035156250000007 0.42333984375 0.11035156250000007
6 0.474609375 0.00032552083333340634 0.419921875 0.00032552083333340184 0.419921875 0.11263020833333341 0.474609375 0.11263020833333341
20 0.57568359375 8.656642331863534e-17 0.484619140625 7.913163724959297e-17 0.484619140625 0.0908203125000001 0.57568359375 0.09082031250000011
32 0.41455078125 0.17089843750000008 0.3466796875 0.17089843750000008 0.3466796875 0.28190104166666674 0.41455078125 0.28190104166666674
32 0.2890625 0.1793619791666667 0.196044921875 0.17936197916666666 0.196044921875 0.28938802083333337 0.2890625 0.2893880208333334
27 0.22729492187500003 0.26855468750000006 0.14404296875 0.2685546875 0.14404296875000003 0.3860677083333333 0.22729492187500006 0.3860677083333333
29 0.2509765625 0.3974609375 0.16528320312500006 0.3974609375 0.16528320312500006 0.4772135416666667 0.2509765625 0.4772135416666667
5 0.11254882812500003 0.3206380208333333 0.021972656250000028 0.3206380208333333 0.021972656250000035 0.423828125 0.11254882812500003 0.423828125
19 0.15966796875000006 0.3759765625 0.07080078125000003 0.3759765625 0.07080078125000004 0.4716796875 0.15966796875000006 0.4716796875
8 0.26391601562500006 0.5322265625 0.18139648437500006 0.5322265625 0.18139648437500006 0.6158854166666666 0.2639160156250001 0.6158854166666666
21 0.3232421875 0.4095052083333333 0.24243164062500006 0.4095052083333333 0.24243164062500006 0.5149739583333334 0.3232421875 0.5149739583333334
14 0.346923828125 0.4973958333333333 0.261962890625 0.4973958333333333 0.261962890625 0.599609375 0.346923828125 0.599609375
32 0.3730468750000001 0.6754557291666666 0.2832031250000001 0.6754557291666666 0.2832031250000001 0.7581380208333334 0.3730468750000001 0.7581380208333334
1 0.36962890625 0.357421875 0.283935546875 0.357421875 0.283935546875 0.4641927083333333 0.36962890625 0.4641927083333333
8 0.425048828125 0.4365234375 0.337646484375 0.4365234375 0.337646484375 0.5432942708333334 0.425048828125 0.5432942708333334
21 0.407958984375 0.27832031250000006 0.320556640625 0.27832031250000006 0.320556640625 0.3880208333333333 0.407958984375 0.3880208333333333
26 0.444580078125 0.3434244791666667 0.363037109375 0.3434244791666667 0.363037109375 0.4554036458333333 0.444580078125 0.4554036458333333
10 0.48291015625 0.2532552083333334 0.416748046875 0.2532552083333334 0.416748046875 0.35351562500000006 0.48291015625 0.35351562500000017
31 0.55615234375 0.23144531250000008 0.481689453125 0.23144531250000008 0.481689453125 0.3470052083333335 0.55615234375 0.3470052083333335
24 0.508056640625 0.35416666666666674 0.435302734375 0.3541666666666667 0.435302734375 0.4651692708333334 0.508056640625 0.4651692708333335
31 0.552001953125 0.4235026041666668 0.480224609375 0.4235026041666668 0.480224609375 0.5358072916666669 0.552001953125 0.5358072916666669
15 0.61865234375 0.3411458333333335 0.532958984375 0.3411458333333335 0.532958984375 0.44140625000000017 0.61865234375 0.44140625000000017
12 0.62939453125 0.44628906250000017 0.548583984375 0.44628906250000017 0.548583984375 0.5237630208333335 0.62939453125 0.5237630208333335
1 0.69921875 0.36621093750000017 0.61767578125 0.36621093750000017 0.61767578125 0.4674479166666668 0.69921875 0.4674479166666668
0 0.72705078125 0.4615885416666668 0.659912109375 0.4615885416666668 0.659912109375 0.5670572916666669 0.72705078125 0.5670572916666669
31 0.6513671875 0.5211588541666669 0.56396484375 0.5211588541666669 0.56396484375 0.5986328125000001 0.6513671875 0.5986328125000001
17 0.56591796875 0.5266927083333335 0.480224609375 0.5266927083333335 0.48022460937500006 0.6344401041666669 0.56591796875 0.6344401041666669
23 0.50732421875 0.6025390625000001 0.423095703125 0.6025390625 0.42309570312500006 0.697265625 0.50732421875 0.697265625