26 0.610595703125 0.7451171875 0.536865234375 0.7451171875 0.536865234375 0.87109375 0.610595703125 0.87109375
33 0.66552734375 0.6409505208333335 0.595703125 0.6409505208333335 0.595703125 0.7607421875 0.66552734375 0.7607421875
16 0.537353515625 0.5823567708333335 0.466552734375 0.5823567708333335 0.46655273437500006 0.7047526041666666 0.537353515625 0.7047526041666666
13 0.642333984375 0.5546875000000001 0.546875 0.5546875000000001 0.546875 0.6624348958333335 0.642333984375 0.6624348958333335
23 0.709716796875 0.48730468750000017 0.62255859375 0.48730468750000017 0.62255859375 0.6031901041666669 0.709716796875 0.6031901041666669
28 0.77880859375 0.4690755208333335 0.688232421875 0.4690755208333335 0.688232421875 0.5901692708333335 0.77880859375 0.5901692708333335
27 0.516357421875 0.44042968750000017 0.45458984375 0.44042968750000017 0.45458984375 0.5572916666666669 0.516357421875 0.5572916666666669
18 0.414306640625 0.416015625 0.325439453125 0.416015625 0.325439453125 0.541015625 0.414306640625 0.541015625
9 0.553955078125 0.35253906250000017 0.458984375 0.35253906250000017 0.458984375 0.4710286458333335 0.553955078125 0.4710286458333335
13 0.470947265625 0.34960937500000006 0.39599609375 0.349609375 0.39599609375 0.46940104166666674 0.470947265625 0.4694010416666668
7 0.655517578125 0.28613281250000006 0.56396484375 0.28613281250000006 0.56396484375 0.4055989583333335 0.655517578125 0.4055989583333335
9 0.573974609375 0.2679036458333334 0.50390625 0.2679036458333334 0.50390625 0.37695312500000017 0.573974609375 0.37695312500000017
29 0.48876953125 0.24511718750000008 0.4150390625 0.24511718750000008 0.4150390625 0.37597656250000006 0.48876953125 0.37597656250000017
24 0.70947265625 0.2275390625000001 0.6171875 0.22753906250000008 0.6171875 0.34082031250000017 0.70947265625 0.34082031250000017
16 0.63232421875 0.17740885416666674 0.548828125 0.17740885416666674 0.548828125 0.30859375000000006 0.63232421875 0.30859375000000006
5 0.567138671875 0.1015625000000001 0.485595703125 0.10156250000000007 0.485595703125 0.2102864583333334 0.567138671875 0.2102864583333334
3 0.499267578125 0.1536458333333334 0.43115234375 0.1536458333333334 0.43115234375 0.27343750000000006 0.499267578125 0.27343750000000006
15 0.368896484375 0.31217447916666674 0.284912109375 0.31217447916666674 0.284912109375 0.423828125 0.368896484375 0.423828125
9 0.3359375 0.3779296875 0.24072265625000006 0.3779296875 0.24072265625000006 0.5026041666666666 0.3359375 0.5026041666666666
30 0.24633789062500006 0.3492838541666667 0.16333007812500006 0.3492838541666667 0.16333007812500006 0.4612630208333333 0.24633789062500006 0.4612630208333333
21 0.15844726562500006 0.3470052083333333 0.05957031250000003 0.3470052083333333 0.059570312500000035 0.4612630208333333 0.15844726562500006 0.4612630208333333
19 0.18359375000000003 0.2786458333333333 0.11352539062500003 0.2786458333333333 0.11352539062500003 0.4026692708333333 0.18359375000000006 0.4026692708333333
25 0.254638671875 0.28417968750000006 0.164794921875 0.2841796875 0.16479492187500003 0.3776041666666667 0.254638671875 0.3776041666666667
8 0.326171875 0.2259114583333334 0.236328125 0.2259114583333334 0.23632812500000003 0.33984375 0.326171875 0.33984375
28 0.389404296875 0.029947916666666727 0.314208984375 0.029947916666666723 0.314208984375 0.1578776041666667 0.389404296875 0.15787760416666674
3 0.282958984375 0.01888020833333337 0.182861328125 0.01888020833333336 0.182861328125 0.13704427083333337 0.282958984375 0.13704427083333337