31 0.382568359375 0.05273437500000005 0.203369140625 0.052734375000000035 0.203369140625 0.28710937500000006 0.382568359375 0.28710937500000006
32 0.482421875 6.517895561868237e-17 0.31591796875 5.1585057229709476e-17 0.31591796875 0.22070312500000008 0.482421875 0.22070312500000008
29 0.5087890625 0.15625000000000006 0.33984375 0.15625000000000003 0.33984375 0.37597656250000006 0.5087890625 0.37597656250000017
28 0.63330078125 0.05045572916666676 0.47607421875 0.05045572916666674 0.47607421875 0.29296875000000006 0.63330078125 0.29296875000000006
33 0.58740234375 0.2366536458333334 0.4189453125 0.2366536458333334 0.4189453125 0.46647135416666674 0.58740234375 0.4664713541666668
27 0.710693359375 0.2672526041666668 0.546875 0.26725260416666674 0.546875 0.4996744791666668 0.710693359375 0.4996744791666668
27 0.833740234375 0.4840494791666668 0.63427734375 0.4840494791666668 0.63427734375 0.7268880208333334 0.833740234375 0.7268880208333334
29 0.776611328125 0.6311848958333335 0.560791015625 0.6311848958333335 0.560791015625 0.9368489583333334 0.776611328125 0.9368489583333334
30 0.891845703125 0.7278645833333334 0.689208984375 0.7278645833333334 0.689208984375 0.9996744791666666 0.891845703125 0.9996744791666666
30 0.663330078125 0.5901692708333335 0.45458984375 0.5901692708333335 0.45458984375000006 0.8860677083333334 0.663330078125 0.8860677083333334
33 0.572509765625 0.49023437500000006 0.387451171875 0.490234375 0.38745117187500006 0.7063802083333334 0.572509765625 0.7063802083333334
29 0.44995117187500006 0.541015625 0.29052734375 0.541015625 0.29052734375000006 0.7887369791666666 0.4499511718750001 0.7887369791666666
28 0.45068359375 0.33203125000000006 0.293701171875 0.33203125000000006 0.293701171875 0.5725911458333334 0.45068359375 0.5725911458333334
28 0.32006835937500006 0.4527994791666667 0.15966796875000006 0.4527994791666667 0.15966796875000006 0.6370442708333334 0.3200683593750001 0.6370442708333334