33 0.380859375 0.13525390625000003 0.283203125 0.13525390625 0.283203125 0.22045898437500003 0.380859375 0.22045898437500006
27 0.32454427083333337 0.17529296875000003 0.18815104166666666 0.17529296875 0.1881510416666667 0.271728515625 0.3245442708333334 0.271728515625
4 0.4873046875 0.11279296875000004 0.3616536458333333 0.11279296875000003 0.3616536458333333 0.19824218750000006 0.4873046875 0.19824218750000006
17 0.5494791666666666 0.15112304687500006 0.416015625 0.15112304687500006 0.416015625 0.24389648437500006 0.5494791666666666 0.24389648437500006
0 0.6162109375 0.12109375000000006 0.490234375 0.12109375000000006 0.490234375 0.22631835937500006 0.6162109375 0.22631835937500006
30 0.482421875 0.17846679687500006 0.3577473958333333 0.17846679687500006 0.3577473958333333 0.2822265625 0.482421875 0.2822265625
22 0.4303385416666667 0.21020507812500003 0.2939453125 0.210205078125 0.29394531250000006 0.310791015625 0.4303385416666667 0.310791015625
6 0.3453776041666667 0.22949218750000003 0.2034505208333334 0.2294921875 0.2034505208333334 0.32666015625 0.3453776041666667 0.32666015625
28 0.3196614583333334 0.2998046875 0.18326822916666674 0.2998046875 0.18326822916666674 0.3896484375 0.3196614583333334 0.3896484375
0 0.23828125000000008 0.318115234375 0.09016927083333337 0.318115234375 0.09016927083333338 0.423583984375 0.23828125000000008 0.423583984375
2 0.3675130208333333 0.362060546875 0.2405598958333334 0.362060546875 0.2405598958333334 0.44287109375 0.3675130208333333 0.44287109375
6 0.41796875 0.2978515625 0.3138020833333334 0.2978515625 0.3138020833333334 0.3916015625 0.41796875 0.3916015625
11 0.4928385416666667 0.314697265625 0.396484375 0.314697265625 0.396484375 0.406005859375 0.4928385416666667 0.406005859375
7 0.5592447916666666 0.276611328125 0.4475911458333333 0.276611328125 0.4475911458333333 0.37109375 0.5592447916666666 0.37109375
30 0.595703125 0.20410156250000006 0.4827473958333333 0.20410156250000006 0.4827473958333333 0.3037109375 0.595703125 0.3037109375
1 0.6998697916666666 0.22851562500000006 0.5836588541666666 0.22851562500000006 0.5836588541666666 0.33032226562500006 0.6998697916666666 0.3303222656250001
21 0.6673177083333334 0.28588867187500006 0.5309244791666666 0.285888671875 0.5309244791666666 0.38647460937500006 0.6673177083333334 0.3864746093750001
21 0.7805989583333334 0.3044433593750001 0.6442057291666666 0.3044433593750001 0.6442057291666666 0.4025878906250001 0.7805989583333334 0.4025878906250001
14 0.7184244791666666 0.35327148437500006 0.5901692708333334 0.353271484375 0.5901692708333334 0.44775390625000006 0.7184244791666666 0.4477539062500001
31 0.6230468750000001 0.37768554687500006 0.5179036458333334 0.377685546875 0.5179036458333334 0.46948242187500006 0.6230468750000001 0.4694824218750001
2 0.5491536458333334 0.39501953125 0.4264322916666667 0.39501953125 0.42643229166666674 0.473388671875 0.5491536458333335 0.473388671875
5 0.4505208333333334 0.4013671875 0.32910156250000006 0.4013671875 0.32910156250000006 0.48193359375 0.4505208333333335 0.48193359375
13 0.31738281250000006 0.48876953125 0.19726562500000008 0.48876953125 0.19726562500000008 0.5654296875 0.31738281250000006 0.5654296875
17 0.3938802083333335 0.477294921875 0.29947916666666674 0.477294921875 0.29947916666666674 0.566162109375 0.3938802083333335 0.566162109375
0 0.48925781250000017 0.471923828125 0.37402343750000017 0.471923828125 0.37402343750000017 0.540771484375 0.48925781250000017 0.540771484375
22 0.3538411458333335 0.540283203125 0.2132161458333334 0.540283203125 0.2132161458333334 0.640869140625 0.3538411458333335 0.640869140625
33 0.5156250000000001 0.5625 0.3951822916666668 0.5625 0.3951822916666668 0.638916015625 0.5156250000000001 0.638916015625
30 0.8388671875 0.3962402343750001 0.7438151041666666 0.3962402343750001 0.7438151041666666 0.4748535156250001 0.8388671875 0.4748535156250001
3 0.73046875 0.42944335937500006 0.5966796875 0.429443359375 0.5966796875000001 0.520263671875 0.73046875 0.520263671875
32 0.6787109375 0.48168945312500006 0.5543619791666669 0.481689453125 0.5543619791666669 0.583984375 0.6787109375 0.583984375
23 0.5807291666666669 0.505126953125 0.4827473958333335 0.505126953125 0.4827473958333335 0.5947265625 0.5807291666666669 0.5947265625
33 0.7884114583333334 0.507080078125 0.6845703125 0.507080078125 0.6845703125 0.595458984375 0.7884114583333334 0.595458984375
25 0.8548177083333334 0.4831542968750001 0.7682291666666666 0.4831542968750001 0.7682291666666666 0.562255859375 0.8548177083333334 0.562255859375
24 0.9983723958333334 0.0019531250000000867 0.888671875 0.0019531250000000815 0.888671875 0.08642578125000008 0.9983723958333334 0.08642578125000008
15 0.36295572916666674 0.421875 0.22526041666666674 0.421875 0.22526041666666674 0.50537109375 0.3629557291666668 0.50537109375
11 1.0000000000000002 0.999755859375 0.999674479166667 0.999755859375 0.999674479166667 1 1.0000000000000002 1