27 0.878173828125 0.47558593750000017 0.681640625 0.47558593750000017 0.681640625 0.73046875 0.878173828125 0.73046875
30 0.78125 0.6412760416666669 0.59912109375 0.6412760416666669 0.59912109375 0.8971354166666666 0.78125 0.8971354166666666
29 0.70361328125 0.5533854166666669 0.511962890625 0.5533854166666669 0.511962890625 0.7805989583333334 0.70361328125 0.7805989583333334
30 0.6513671875 0.42187500000000017 0.466796875 0.42187500000000017 0.46679687500000006 0.6588541666666669 0.6513671875 0.6588541666666669
27 0.771728515625 0.23763020833333345 0.586669921875 0.2376302083333334 0.586669921875 0.5081380208333335 0.771728515625 0.5081380208333335
33 0.63427734375 0.23730468750000008 0.458251953125 0.23730468750000008 0.458251953125 0.4739583333333335 0.63427734375 0.4739583333333335
28 0.668212890625 0.04134114583333343 0.5048828125 0.04134114583333342 0.5048828125 0.28027343750000006 0.668212890625 0.28027343750000006
32 0.523681640625 0.0006510416666667384 0.35498046875 0.0006510416666667245 0.35498046875 0.2171223958333334 0.523681640625 0.2171223958333334
31 0.408935546875 0.04947916666666672 0.224853515625 0.049479166666666706 0.224853515625 0.27571614583333337 0.408935546875 0.2757161458333334
32 0.342529296875 0.19433593750000003 0.1689453125 0.1943359375 0.16894531250000003 0.41796875 0.342529296875 0.41796875
31 0.391845703125 0.29394531250000006 0.226318359375 0.2939453125 0.22631835937500003 0.5152994791666666 0.391845703125 0.5152994791666666
28 0.272705078125 0.38671875 0.10766601562500003 0.38671875 0.10766601562500004 0.5989583333333334 0.272705078125 0.5989583333333334
32 0.35620117187500006 0.4967447916666667 0.19433593750000006 0.4967447916666667 0.19433593750000006 0.7145182291666666 0.3562011718750001 0.7145182291666666
28 0.46313476562500006 0.5608723958333334 0.315673828125 0.5608723958333334 0.31567382812500006 0.7841796875 0.4631347656250001 0.7841796875
29 0.49951171875000006 0.3675130208333334 0.347412109375 0.3675130208333333 0.34741210937500006 0.6051432291666667 0.4995117187500001 0.6051432291666669
29 0.5400390625 0.17187500000000008 0.369384765625 0.17187500000000008 0.369384765625 0.38932291666666674 0.5400390625 0.3893229166666668