6 0.21842447916666674 0.44775390625 0.07356770833333341 0.44775390625 0.07356770833333341 0.570068359375 0.21842447916666674 0.570068359375
3 0.3942057291666667 0.10815429687500003 0.20930989583333334 0.10815429687500003 0.20930989583333337 0.24731445312500003 0.3942057291666667 0.24731445312500006
2 0.6438802083333334 0.05834960937500005 0.4606119791666667 0.05834960937500004 0.4606119791666667 0.19970703125000006 0.6438802083333334 0.19970703125000006
6 0.4381510416666667 0.24072265625000003 0.2425130208333334 0.24072265625 0.2425130208333334 0.374755859375 0.4381510416666667 0.374755859375
4 0.646484375 0.17236328125000006 0.4755859375 0.17236328125000006 0.4755859375 0.29199218750000006 0.646484375 0.2919921875000001
8 0.6910807291666666 0.25439453125000006 0.5152994791666666 0.25439453125 0.5152994791666666 0.36181640625000006 0.6910807291666666 0.3618164062500001
3 0.5550130208333334 0.289794921875 0.4147135416666667 0.289794921875 0.4147135416666667 0.423583984375 0.5550130208333334 0.423583984375
2 0.3753255208333334 0.404296875 0.18652343750000008 0.404296875 0.18652343750000008 0.54736328125 0.3753255208333335 0.54736328125
1 0.3795572916666668 0.52490234375 0.19889322916666674 0.52490234375 0.19889322916666674 0.641357421875 0.3795572916666668 0.641357421875
8 0.4690755208333334 0.380859375 0.30566406250000006 0.380859375 0.30566406250000006 0.516357421875 0.4690755208333335 0.516357421875
3 0.6562500000000001 0.41333007812500006 0.470703125 0.413330078125 0.47070312500000006 0.53369140625 0.6562500000000001 0.53369140625
5 0.5351562500000001 0.49560546875 0.3893229166666668 0.49560546875 0.3893229166666668 0.61572265625 0.5351562500000001 0.61572265625
0 0.6497395833333335 0.58251953125 0.46191406250000017 0.58251953125 0.46191406250000017 0.725830078125 0.6497395833333335 0.725830078125
0 0.5218098958333335 0.602294921875 0.32714843750000006 0.602294921875 0.3271484375000001 0.748046875 0.5218098958333335 0.748046875
7 0.4368489583333335 0.64794921875 0.23828125000000008 0.64794921875 0.2382812500000001 0.8037109375 0.4368489583333335 0.8037109375