5 0.4407552083333333 0.20975378787878798 0.3656684027777778 0.20975378787878798 0.3656684027777778 0.4024621212121213 0.4407552083333333 0.4024621212121213
4 0.55859375 0.08617424242424257 0.4728732638888889 0.08617424242424256 0.4728732638888889 0.23721590909090923 0.55859375 0.23721590909090925
5 0.6217447916666666 0.053030303030303184 0.5557725694444444 0.05303030303030318 0.5557725694444444 0.23863636363636379 0.6217447916666666 0.23863636363636379
26 0.701171875 0.13352272727272743 0.6208767361111112 0.13352272727272743 0.6208767361111112 0.27746212121212144 0.701171875 0.27746212121212144
12 0.7847222222222222 0.13636363636363655 0.6950954861111112 0.13636363636363652 0.6950954861111112 0.2675189393939396 0.7847222222222222 0.2675189393939396
3 0.8407118055555556 0.0359848484848487 0.7693142361111112 0.03598484848484869 0.7693142361111112 0.21448863636363658 0.8407118055555556 0.21448863636363658
29 0.9155815972222222 0.31865530303030326 0.8318142361111112 0.31865530303030326 0.8318142361111112 0.5156250000000002 0.9155815972222222 0.5156250000000002
32 0.8971354166666666 0.5236742424242427 0.8253038194444444 0.5236742424242427 0.8253038194444444 0.7107007575757578 0.8971354166666666 0.7107007575757578
23 0.8361545138888888 0.6628787878787881 0.7660590277777778 0.6628787878787881 0.7660590277777778 0.8357007575757578 0.8361545138888888 0.8357007575757578
3 0.8313802083333334 0.4777462121212123 0.7608506944444444 0.4777462121212123 0.7608506944444444 0.650568181818182 0.8313802083333334 0.650568181818182
13 0.7723524305555556 0.556818181818182 0.70703125 0.556818181818182 0.70703125 0.7466856060606063 0.7723524305555556 0.7466856060606063
7 0.7163628472222222 0.5454545454545456 0.6438802083333334 0.5454545454545456 0.6438802083333334 0.7339015151515154 0.7163628472222222 0.7339015151515154
30 0.7940538194444444 0.2869318181818184 0.7029079861111112 0.2869318181818184 0.7029079861111112 0.42518939393939414 0.7940538194444444 0.42518939393939414
26 0.7189670138888888 0.32433712121212144 0.6510416666666666 0.32433712121212144 0.6510416666666666 0.5028409090909093 0.7189670138888888 0.5028409090909093
12 0.6603732638888888 0.3328598484848486 0.5930989583333334 0.3328598484848486 0.5930989583333334 0.5374053030303032 0.6603732638888888 0.5374053030303032
14 0.5974392361111112 0.23106060606060622 0.5353732638888888 0.23106060606060622 0.5353732638888888 0.40956439393939403 0.5974392361111112 0.40956439393939403
15 0.6032986111111112 0.40056818181818193 0.5386284722222222 0.40056818181818193 0.5386284722222222 0.5658143939393941 0.6032986111111112 0.5658143939393941
8 0.4711371527777778 0.4635416666666668 0.3821614583333333 0.4635416666666668 0.3821614583333333 0.6250000000000001 0.4711371527777778 0.6250000000000002
16 0.5486111111111112 0.5625000000000002 0.4735243055555556 0.5625000000000002 0.4735243055555556 0.75094696969697 0.5486111111111112 0.75094696969697
24 0.4073350694444444 0.6112689393939394 0.3216145833333333 0.6112689393939394 0.3216145833333333 0.7623106060606062 0.4073350694444444 0.7623106060606063
27 0.5256076388888888 0.7376893939393941 0.4411892361111111 0.7376893939393941 0.44118923611111116 0.8858901515151517 0.5256076388888888 0.8858901515151517
27 0.6065538194444444 0.5582386363636366 0.5379774305555556 0.5582386363636366 0.5379774305555556 0.7523674242424244 0.6065538194444444 0.7523674242424244
31 0.6098090277777778 0.7376893939393941 0.5201822916666666 0.7376893939393941 0.5201822916666666 0.8598484848484851 0.6098090277777778 0.8598484848484851
21 0.5815972222222222 0.8579545454545456 0.5017361111111112 0.8579545454545456 0.5017361111111112 0.9862689393939394 0.5815972222222222 0.9862689393939394
20 0.6644965277777778 0.6429924242424244 0.5991753472222222 0.6429924242424244 0.5991753472222222 0.8314393939393941 0.6644965277777778 0.8314393939393941
33 0.32052951388888895 0.8252840909090909 0.23046875 0.8252840909090909 0.23046875000000006 1 0.320529513888889 1
16 0.353515625 0.6647727272727273 0.2615017361111111 0.6647727272727273 0.2615017361111111 0.8574810606060606 0.353515625 0.8574810606060606
1 0.41254340277777785 0.7405303030303031 0.3213975694444444 0.740530303030303 0.3213975694444445 0.9403409090909092 0.4125434027777779 0.9403409090909093
9 0.4544270833333333 0.8091856060606062 0.3658854166666667 0.8091856060606061 0.36588541666666674 0.9891098484848485 0.4544270833333333 0.9891098484848485
30 0.4850260416666667 0.5961174242424243 0.400390625 0.5961174242424242 0.400390625 0.7495265151515152 0.4850260416666667 0.7495265151515154
0 0.5190972222222222 0.21117424242424257 0.4273003472222222 0.21117424242424254 0.4273003472222222 0.40956439393939403 0.5190972222222222 0.40956439393939403
27 0.5379774305555556 0.33428030303030315 0.4496527777777778 0.33428030303030315 0.4496527777777778 0.5269886363636366 0.5379774305555556 0.5269886363636366
13 0.7586805555555556 1.8935057398748493e-16 0.6586371527777778 1.7598499220701786e-16 0.6586371527777778 0.15198863636363655 0.7586805555555556 0.15198863636363658
22 0.9728732638888888 0.6482007575757578 0.8630642361111112 0.6482007575757578 0.8630642361111112 0.8660037878787881 0.9728732638888888 0.8660037878787881
15 0.650390625 0.853693181818182 0.5792100694444444 0.853693181818182 0.5792100694444444 1 0.650390625 1
6 1 0.8565340909090912 0.9105902777777778 0.8565340909090912 0.9105902777777778 1.0000000000000004 1 1.0000000000000004