33 0.30712890625 0.08300781250000004 0.189697265625 0.08300781250000004 0.189697265625 0.2731119791666667 0.30712890625 0.27311197916666674
32 0.4306640625 0.10123697916666673 0.282470703125 0.1012369791666667 0.282470703125 0.27636718750000006 0.4306640625 0.27636718750000006
33 0.4169921875 0.25748697916666674 0.265380859375 0.25748697916666674 0.265380859375 0.4075520833333333 0.4169921875 0.4075520833333333
28 0.456787109375 0.41373697916666674 0.342529296875 0.4137369791666667 0.342529296875 0.6028645833333334 0.456787109375 0.6028645833333335
33 0.22607421875000006 0.3499348958333333 0.05859375000000003 0.3499348958333333 0.05859375000000004 0.5299479166666666 0.22607421875000006 0.5299479166666666
28 0.22558593750000006 0.5130208333333334 0.05297851562500004 0.5130208333333334 0.052978515625000056 0.7067057291666666 0.22558593750000006 0.7067057291666666
32 0.34033203125 0.3824869791666667 0.19116210937500006 0.3824869791666667 0.19116210937500006 0.58984375 0.34033203125 0.58984375
29 0.6376953125 0.6230468750000001 0.4885253906250001 0.6230468750000001 0.4885253906250001 0.8522135416666666 0.6376953125 0.8522135416666666
27 0.566650390625 0.36132812500000006 0.44677734375 0.361328125 0.44677734375 0.5683593750000001 0.566650390625 0.5683593750000001
27 0.686279296875 0.18782552083333345 0.529296875 0.1878255208333334 0.529296875 0.43554687500000017 0.686279296875 0.43554687500000017
29 0.556640625 0.1575520833333334 0.3994140625 0.1575520833333334 0.3994140625 0.3811848958333334 0.556640625 0.3811848958333335