28 0.443603515625 0.2268880208333334 0.28759765625 0.2268880208333334 0.28759765625 0.4140625 0.443603515625 0.4140625
29 0.6845703125 0.6946614583333334 0.5673828125 0.6946614583333334 0.5673828125 0.90234375 0.6845703125 0.90234375
32 0.588623046875 0.7249348958333334 0.4272460937500001 0.7249348958333334 0.4272460937500001 0.9446614583333334 0.588623046875 0.9446614583333334
33 0.4907226562500001 0.8157552083333334 0.3430175781250001 0.8157552083333334 0.3430175781250001 0.9996744791666666 0.4907226562500001 0.9996744791666666
32 0.4462890625000001 0.6536458333333334 0.3039550781250001 0.6536458333333334 0.3039550781250001 0.861328125 0.4462890625000001 0.861328125
29 0.532958984375 0.5556640625000001 0.37890625 0.5556640625 0.37890625000000006 0.7639973958333334 0.532958984375 0.7639973958333334
33 0.627685546875 0.4944661458333335 0.471923828125 0.4944661458333335 0.47192382812500006 0.7099609375 0.627685546875 0.7099609375
31 0.40942382812500006 0.4794921875 0.265869140625 0.4794921875 0.26586914062500006 0.6819661458333334 0.4094238281250001 0.6819661458333334
31 0.32153320312500006 0.5319010416666666 0.17700195312500006 0.5319010416666666 0.17700195312500006 0.7265625 0.3215332031250001 0.7265625
32 0.16601562500000006 0.4794921875 0.01879882812500004 0.4794921875 0.018798828125000052 0.6510416666666666 0.16601562500000006 0.6510416666666666
32 0.22241210937500006 0.3541666666666667 0.08081054687500003 0.3541666666666667 0.08081054687500004 0.548828125 0.22241210937500006 0.548828125
33 0.22314453125000003 0.18359375 0.09692382812500003 0.18359375 0.09692382812500003 0.3671875 0.22314453125000006 0.3671875
27 0.5458984375 0.3118489583333334 0.427001953125 0.3118489583333334 0.427001953125 0.5104166666666667 0.5458984375 0.5104166666666669
27 0.54736328125 0.11490885416666674 0.400146484375 0.11490885416666674 0.400146484375 0.32031250000000006 0.54736328125 0.32031250000000006
28 0.439208984375 5.878065447079337e-17 0.28076171875 4.584452535870626e-17 0.28076171875 0.19205729166666674 0.439208984375 0.19205729166666674
29 0.326171875 0.0846354166666667 0.17724609375 0.0846354166666667 0.17724609375 0.27929687500000006 0.326171875 0.27929687500000006