33 0.5211588541666666 0.06787109375000004 0.416015625 0.06787109375000003 0.416015625 0.17211914062500006 0.5211588541666666 0.17211914062500006
27 0.4716796875 0.16430664062500006 0.3453776041666667 0.16430664062500006 0.3453776041666667 0.24633789062500006 0.4716796875 0.24633789062500006
30 0.61328125 0.15380859375000006 0.4912109375 0.15380859375000006 0.4912109375 0.22412109375000006 0.61328125 0.22412109375000006
4 0.7379557291666666 0.07031250000000006 0.5569661458333334 0.07031250000000006 0.5569661458333334 0.20458984375000006 0.7379557291666666 0.20458984375000006
30 0.7952473958333334 0.15893554687500006 0.6389973958333334 0.15893554687500006 0.6389973958333334 0.2565917968750001 0.7952473958333334 0.2565917968750001
7 0.7021484375 0.21020507812500006 0.5807291666666666 0.21020507812500006 0.5807291666666666 0.32250976562500006 0.7021484375 0.3225097656250001
22 0.5986328125 0.21337890625000006 0.4615885416666667 0.21337890625000006 0.4615885416666667 0.304443359375 0.5986328125 0.304443359375
11 0.5989583333333334 0.29248046875 0.4615885416666667 0.29248046875 0.4615885416666667 0.383056640625 0.5989583333333334 0.383056640625
6 0.4046223958333333 0.305908203125 0.2503255208333334 0.305908203125 0.2503255208333334 0.407958984375 0.4046223958333333 0.407958984375
6 0.5117187500000001 0.341064453125 0.3619791666666667 0.341064453125 0.36197916666666674 0.464111328125 0.5117187500000001 0.464111328125
2 0.6516927083333334 0.39208984375000006 0.5231119791666666 0.39208984375 0.5231119791666667 0.46923828125000006 0.6516927083333335 0.4692382812500001
5 0.8001302083333334 0.3913574218750001 0.6399739583333334 0.3913574218750001 0.6399739583333334 0.4936523437500001 0.8001302083333334 0.4936523437500001
32 0.8889973958333334 0.3261718750000001 0.7255859375 0.3261718750000001 0.7255859375 0.4665527343750001 0.8889973958333334 0.4665527343750001
33 0.7434895833333334 0.4609375000000001 0.6276041666666669 0.4609375000000001 0.6276041666666669 0.572509765625 0.7434895833333334 0.572509765625
0 0.6451822916666669 0.48217773437500006 0.5325520833333335 0.482177734375 0.5325520833333335 0.591796875 0.6451822916666669 0.591796875
5 0.5654296875000001 0.450927734375 0.4156901041666667 0.450927734375 0.41569010416666674 0.5830078125 0.5654296875000001 0.5830078125
28 0.42675781250000006 0.3779296875 0.27734375000000006 0.3779296875 0.27734375000000006 0.489013671875 0.42675781250000017 0.489013671875
0 0.3470052083333334 0.4033203125 0.19531250000000008 0.4033203125 0.19531250000000008 0.53173828125 0.3470052083333335 0.53173828125
2 0.43164062500000017 0.46728515625 0.24023437500000008 0.46728515625 0.24023437500000008 0.582275390625 0.43164062500000017 0.582275390625
15 0.4661458333333335 0.52001953125 0.2932942708333334 0.52001953125 0.2932942708333334 0.646728515625 0.4661458333333335 0.646728515625
17 0.6067708333333335 0.547607421875 0.4313151041666668 0.547607421875 0.4313151041666668 0.660888671875 0.6067708333333335 0.660888671875
13 0.4820963541666668 0.6103515625 0.32128906250000006 0.6103515625 0.3212890625000001 0.7021484375 0.4820963541666668 0.7021484375
22 0.48339843750000017 0.67431640625 0.32486979166666674 0.67431640625 0.3248697916666668 0.774169921875 0.48339843750000017 0.774169921875