17 0.3779296875 0.18579101562500003 0.271484375 0.185791015625 0.27148437500000006 0.265625 0.3779296875 0.265625
7 0.458984375 0.19116210937500006 0.3561197916666667 0.19116210937500006 0.3561197916666667 0.271728515625 0.458984375 0.271728515625
12 0.3059895833333334 0.23193359375000003 0.19726562500000008 0.23193359375 0.19726562500000008 0.291259765625 0.3059895833333334 0.291259765625
19 0.8899739583333334 0.2529296875000001 0.8046875 0.2529296875000001 0.8046875 0.3366699218750001 0.8899739583333334 0.3366699218750001
31 0.8434244791666666 0.3591308593750001 0.7581380208333334 0.3591308593750001 0.7581380208333334 0.4348144531250001 0.8434244791666666 0.4348144531250001
32 0.8313802083333334 0.2863769531250001 0.7347005208333334 0.2863769531250001 0.7347005208333334 0.3632812500000001 0.8313802083333334 0.3632812500000001
4 0.7965494791666666 0.4567871093750001 0.7041015625 0.4567871093750001 0.7041015625 0.53515625 0.7965494791666666 0.53515625
6 0.7903645833333334 0.3891601562500001 0.6907552083333334 0.3891601562500001 0.6907552083333334 0.4738769531250001 0.7903645833333334 0.4738769531250001
12 0.7213541666666666 0.4880371093750001 0.6083984375000001 0.4880371093750001 0.6083984375000001 0.566162109375 0.7213541666666666 0.566162109375
5 0.6435546875000001 0.45263671875000006 0.5397135416666666 0.45263671875 0.5397135416666667 0.5419921875 0.6435546875000001 0.5419921875
26 0.7180989583333334 0.4023437500000001 0.6080729166666666 0.4023437500000001 0.6080729166666667 0.4799804687500001 0.7180989583333334 0.4799804687500001
20 0.7210286458333334 0.3354492187500001 0.6266276041666666 0.3354492187500001 0.6266276041666666 0.4157714843750001 0.7210286458333334 0.4157714843750001
10 0.7799479166666666 0.3261718750000001 0.6949869791666666 0.3261718750000001 0.6949869791666666 0.4030761718750001 0.7799479166666666 0.4030761718750001
19 0.8020833333333334 0.23803710937500006 0.6917317708333334 0.23803710937500006 0.6917317708333334 0.3166503906250001 0.8020833333333334 0.3166503906250001
28 0.7194010416666666 0.2678222656250001 0.6263020833333334 0.2678222656250001 0.6263020833333334 0.3452148437500001 0.7194010416666666 0.3452148437500001
4 0.7744140625 0.19067382812500006 0.6689453125 0.19067382812500006 0.6689453125 0.2636718750000001 0.7744140625 0.2636718750000001
11 0.6966145833333334 0.22045898437500006 0.5833333333333334 0.22045898437500006 0.5833333333333334 0.29541015625000006 0.6966145833333334 0.2954101562500001
10 0.7194010416666666 0.14013671875000006 0.6233723958333334 0.14013671875000006 0.6233723958333334 0.22192382812500006 0.7194010416666666 0.22192382812500006
29 0.6575520833333334 0.18066406250000006 0.5491536458333334 0.18066406250000006 0.5491536458333334 0.25146484375000006 0.6575520833333334 0.2514648437500001
11 0.5989583333333334 0.12890625000000006 0.5006510416666666 0.12890625000000006 0.5006510416666666 0.21850585937500006 0.5989583333333334 0.21850585937500006
3 0.5416666666666666 0.17456054687500006 0.4384765625 0.17456054687500006 0.4384765625 0.267822265625 0.5416666666666666 0.267822265625
23 0.5953776041666666 0.22167968750000006 0.486328125 0.22167968750000006 0.486328125 0.296630859375 0.5953776041666666 0.296630859375
10 0.638671875 0.27978515625000006 0.5530598958333334 0.27978515625 0.5530598958333334 0.36425781250000006 0.638671875 0.3642578125000001
2 0.5729166666666666 0.273193359375 0.4658203125 0.273193359375 0.4658203125 0.3486328125 0.5729166666666666 0.3486328125
1 0.5680338541666666 0.32470703125 0.45703125 0.32470703125 0.45703125 0.398681640625 0.5680338541666666 0.398681640625
26 0.6510416666666666 0.35327148437500006 0.5403645833333334 0.353271484375 0.5403645833333334 0.43090820312500006 0.6510416666666666 0.4309082031250001
14 0.6142578125000001 0.39721679687500006 0.5068359375 0.397216796875 0.5068359375000001 0.47436523437500006 0.6142578125000001 0.4743652343750001
22 0.5732421875000001 0.444580078125 0.4651692708333333 0.444580078125 0.4651692708333334 0.5302734375 0.5732421875000001 0.5302734375
29 0.5179036458333334 0.393798828125 0.4329427083333333 0.393798828125 0.4329427083333334 0.48046875 0.5179036458333335 0.48046875
28 0.45507812500000006 0.399169921875 0.3639322916666667 0.399169921875 0.36393229166666674 0.48486328125 0.45507812500000017 0.48486328125
8 0.38378906250000017 0.464599609375 0.29785156250000006 0.464599609375 0.29785156250000006 0.5400390625 0.38378906250000017 0.5400390625
7 0.28092447916666674 0.3818359375 0.1995442708333334 0.3818359375 0.1995442708333334 0.46630859375 0.28092447916666674 0.46630859375
24 0.3805338541666667 0.38427734375 0.2757161458333334 0.38427734375 0.2757161458333334 0.449462890625 0.3805338541666667 0.449462890625
30 0.3079427083333334 0.333251953125 0.18066406250000008 0.333251953125 0.18066406250000008 0.39990234375 0.3079427083333334 0.39990234375
27 0.3776041666666667 0.318115234375 0.2864583333333334 0.318115234375 0.2864583333333334 0.400390625 0.3776041666666667 0.400390625
25 0.4680989583333333 0.32421875 0.3629557291666667 0.32421875 0.3629557291666667 0.399658203125 0.4680989583333333 0.399658203125
26 0.4866536458333333 0.261474609375 0.3942057291666667 0.261474609375 0.3942057291666667 0.346435546875 0.4866536458333333 0.346435546875
31 0.4104817708333333 0.26220703125 0.29654947916666674 0.26220703125 0.29654947916666674 0.334228515625 0.4104817708333333 0.334228515625
12 0.30664062500000006 0.28271484375 0.19531250000000008 0.28271484375 0.19531250000000008 0.347900390625 0.30664062500000006 0.347900390625