31 0.6032986111111112 0.6126893939393941 0.5425347222222222 0.6126893939393941 0.5425347222222222 0.7812500000000002 0.6032986111111112 0.7812500000000002
25 0.6781684027777778 0.6141098484848487 0.5991753472222222 0.6141098484848487 0.5991753472222222 0.7713068181818183 0.6781684027777778 0.7713068181818183
27 0.7354600694444444 0.2840909090909093 0.65625 0.2840909090909093 0.65625 0.41240530303030326 0.7354600694444444 0.41240530303030326
3 0.7302517361111112 0.48958333333333354 0.650390625 0.48958333333333354 0.650390625 0.6704545454545456 0.7302517361111112 0.6704545454545456
27 0.7252604166666666 1.8189947958926357e-16 0.6362847222222222 1.7001251965435795e-16 0.6362847222222222 0.14820075757575776 0.7252604166666666 0.1482007575757578
27 0.8151041666666666 0.21117424242424265 0.7437065972222222 0.21117424242424265 0.7437065972222222 0.39678030303030326 0.8151041666666666 0.39678030303030326
31 0.8268229166666666 0.36742424242424265 0.7358940972222222 0.36742424242424265 0.7358940972222222 0.5241477272727275 0.8268229166666666 0.5241477272727275
21 0.8138020833333334 0.49242424242424265 0.7220052083333334 0.49242424242424265 0.7220052083333334 0.6448863636363639 0.8138020833333334 0.6448863636363639
20 0.8611111111111112 0.10369318181818205 0.7877604166666666 0.10369318181818203 0.7877604166666666 0.2859848484848487 0.8611111111111112 0.2859848484848487
7 0.8958333333333334 0.004261363636363864 0.8114149305555556 0.004261363636363854 0.8114149305555556 0.15435606060606083 0.8958333333333334 0.15435606060606083
8 0.6590711805555556 0.0345643939393941 0.56640625 0.03456439393939409 0.56640625 0.22301136363636379 0.6590711805555556 0.22301136363636379
15 0.7916666666666666 0.03977272727272747 0.7157118055555556 0.03977272727272746 0.7157118055555556 0.23484848484848506 0.7916666666666666 0.23484848484848506
16 0.744140625 0.0928030303030305 0.6651475694444444 0.0928030303030305 0.6651475694444444 0.2907196969696972 0.744140625 0.2907196969696972
30 0.6857638888888888 0.15104166666666682 0.5963541666666666 0.15104166666666682 0.5963541666666666 0.3314393939393941 0.6857638888888888 0.33143939393939414
24 0.6171875 0.2045454545454547 0.52734375 0.2045454545454547 0.52734375 0.39109848484848503 0.6171875 0.3910984848484851
16 0.5672743055555556 0.3281250000000001 0.4809027777777778 0.3281250000000001 0.4809027777777778 0.5047348484848487 0.5672743055555556 0.5047348484848487
33 0.5640190972222222 0.5071022727272729 0.4737413194444444 0.5071022727272729 0.4737413194444444 0.6780303030303032 0.5640190972222222 0.6780303030303032
1 0.6302083333333334 0.34375000000000017 0.5481770833333334 0.3437500000000001 0.5481770833333334 0.5459280303030305 0.6302083333333334 0.5459280303030305
9 0.6805555555555556 0.38162878787878807 0.5987413194444444 0.381628787878788 0.5987413194444444 0.6017992424242427 0.6805555555555556 0.6017992424242427
1 0.6946614583333334 0.7836174242424244 0.6026475694444444 0.7836174242424244 0.6026475694444444 0.9611742424242427 0.6946614583333334 0.9611742424242427
14 0.7387152777777778 0.6737689393939396 0.6742621527777778 0.6737689393939396 0.6742621527777778 0.8513257575757578 0.7387152777777778 0.8513257575757578
14 0.8127170138888888 0.619318181818182 0.7256944444444444 0.619318181818182 0.7256944444444444 0.7741477272727275 0.8127170138888888 0.7741477272727275
4 0.888671875 0.6870265151515154 0.791015625 0.6870265151515154 0.791015625 0.8863636363636366 0.888671875 0.8863636363636366
15 0.8815104166666666 0.44744318181818205 0.7975260416666666 0.44744318181818205 0.7975260416666666 0.6458333333333336 0.8815104166666666 0.6458333333333336
15 0.7443576388888888 0.8986742424242427 0.6807725694444444 0.8986742424242427 0.6807725694444444 0.9995265151515151 0.7443576388888888 0.9995265151515151
15 0.9997829861111112 0.31392045454545475 0.9676649305555556 0.31392045454545475 0.9676649305555556 0.5066287878787881 0.9997829861111112 0.5066287878787881
15 0.9997829861111112 0.5426136363636366 0.9529079861111112 0.5426136363636366 0.9529079861111112 0.7504734848484851 0.9997829861111112 0.7504734848484851
15 1 2.5962860052946376e-16 0.943359375 2.5206153579041404e-16 0.943359375 0.1818181818181821 1 0.1818181818181821
15 0.7797309027777778 1.985992086685457e-16 0.7068142361111112 1.8885770003896447e-16 0.7068142361111112 0.08191287878787899 0.7797309027777778 0.081912878787879
15 0.6115451388888888 1.5600910099933494e-16 0.5562065972222222 1.4861599177152775e-16 0.5562065972222222 0.03314393939393955 0.6115451388888888 0.03314393939393956
15 0.6770833333333334 0.0014204545454547192 0.6232638888888888 0.001420454545454712 0.6232638888888888 0.047348484848485015 0.6770833333333334 0.04734848484848502
15 0.9529079861111112 2.449293598294707e-16 0.8804253472222222 2.352458363703036e-16 0.8804253472222222 0.13873106060606086 0.9529079861111112 0.13873106060606089
15 0.9678819444444444 2.551057572371582e-16 0.9416232638888888 2.515976544271007e-16 0.9416232638888888 0.02272727272727298 0.9678819444444444 0.022727272727272985
15 0.7931857638888888 2.0906553192830407e-16 0.7717013888888888 2.0619526599280247e-16 0.7717013888888888 0.019412878787878996 0.7931857638888888 0.019412878787878996