1 0.7380642361111112 0.32433712121212144 0.6970486111111112 0.32433712121212144 0.6970486111111112 0.441287878787879 0.7380642361111112 0.441287878787879
9 0.7072482638888888 0.3617424242424245 0.6668836805555556 0.3617424242424245 0.6668836805555556 0.4625946969696972 0.7072482638888888 0.4625946969696972
27 0.6703559027777778 0.2959280303030305 0.6167534722222222 0.2959280303030305 0.6167534722222222 0.4010416666666669 0.6703559027777778 0.4010416666666669
30 0.6098090277777778 0.11079545454545471 0.5681423611111112 0.11079545454545471 0.5681423611111112 0.2329545454545456 0.6098090277777778 0.2329545454545456
15 0.560546875 0.303503787878788 0.5043402777777778 0.303503787878788 0.5043402777777778 0.39867424242424254 0.560546875 0.39867424242424254
4 0.6493055555555556 0.3716856060606063 0.6050347222222222 0.3716856060606063 0.6050347222222222 0.4782196969696972 0.6493055555555556 0.4782196969696972
6 0.5837673611111112 0.8167613636363639 0.52734375 0.8167613636363639 0.52734375 0.9488636363636366 0.5837673611111112 0.9488636363636366
15 0.47265625 0.7585227272727275 0.4210069444444444 0.7585227272727275 0.4210069444444445 0.8929924242424244 0.47265625 0.8929924242424244
11 0.43967013888888895 0.8726325757575759 0.3760850694444444 0.8726325757575758 0.3760850694444445 1 0.439670138888889 1
3 0.4839409722222222 0.5989583333333336 0.4353298611111111 0.5989583333333336 0.4353298611111111 0.722537878787879 0.4839409722222222 0.722537878787879
30 0.5501302083333334 0.7092803030303032 0.4947916666666667 0.7092803030303032 0.4947916666666667 0.8087121212121214 0.5501302083333334 0.8087121212121214
29 0.7000868055555556 0.7542613636363639 0.6512586805555556 0.7542613636363639 0.6512586805555556 0.8702651515151517 0.7000868055555556 0.8702651515151517
13 0.6438802083333334 0.6988636363636366 0.5889756944444444 0.6988636363636366 0.5889756944444444 0.7949810606060608 0.6438802083333334 0.7949810606060608
7 0.5946180555555556 0.7026515151515154 0.5431857638888888 0.7026515151515154 0.5431857638888888 0.8044507575757578 0.5946180555555556 0.8044507575757578
33 0.517578125 0.5705492424242427 0.4728732638888889 0.5705492424242427 0.4728732638888889 0.6955492424242427 0.517578125 0.6955492424242427
30 0.5503472222222222 0.5857007575757578 0.5082465277777778 0.5857007575757578 0.5082465277777778 0.6998106060606063 0.5503472222222222 0.6998106060606063
27 0.5818142361111112 0.6008522727272729 0.5416666666666666 0.6008522727272729 0.5416666666666666 0.7121212121212124 0.5818142361111112 0.7121212121212124
28 0.6315104166666666 0.6155303030303032 0.5746527777777778 0.6155303030303032 0.5746527777777778 0.716382575757576 0.6315104166666666 0.716382575757576
3 0.5125868055555556 0.4422348484848486 0.45703125 0.4422348484848486 0.45703125 0.5374053030303032 0.5125868055555556 0.5374053030303032
1 0.5746527777777778 0.5080492424242427 0.5188802083333334 0.5080492424242427 0.5188802083333334 0.6041666666666669 0.5746527777777778 0.6041666666666669
17 0.6200086805555556 0.5108901515151517 0.5659722222222222 0.5108901515151517 0.5659722222222222 0.6160037878787881 0.6200086805555556 0.6160037878787881
4 0.6675347222222222 0.5625000000000002 0.6102430555555556 0.5625000000000002 0.6102430555555556 0.675662878787879 0.6675347222222222 0.675662878787879
8 0.6664496527777778 0.47206439393939414 0.6171875 0.47206439393939414 0.6171875 0.5928030303030305 0.6664496527777778 0.5928030303030305
28 0.6944444444444444 0.6486742424242427 0.6317274305555556 0.6486742424242427 0.6317274305555556 0.763257575757576 0.6944444444444444 0.763257575757576
6 0.736328125 0.5620265151515154 0.6935763888888888 0.5620265151515154 0.6935763888888888 0.6822916666666669 0.736328125 0.6822916666666669
32 0.7710503472222222 0.65719696969697 0.7146267361111112 0.65719696969697 0.7146267361111112 0.7608901515151517 0.7710503472222222 0.7608901515151517
17 0.767578125 0.4422348484848487 0.7133246527777778 0.4422348484848487 0.7133246527777778 0.5421401515151517 0.767578125 0.5421401515151517
10 0.7176649305555556 0.45643939393939414 0.6638454861111112 0.45643939393939414 0.6638454861111112 0.5625000000000002 0.7176649305555556 0.5625000000000002
6 0.6091579861111112 0.40814393939393956 0.5640190972222222 0.4081439393939395 0.5640190972222222 0.5232007575757578 0.6091579861111112 0.5232007575757578
9 0.5694444444444444 0.40198863636363646 0.5199652777777778 0.40198863636363646 0.5199652777777778 0.49621212121212144 0.5694444444444444 0.49621212121212144
5 0.6171875 0.3172348484848486 0.5592447916666666 0.3172348484848486 0.5592447916666666 0.43039772727272746 0.6171875 0.4303977272727275
0 0.5596788194444444 0.22253787878787895 0.5047743055555556 0.22253787878787895 0.5047743055555556 0.3200757575757577 0.5596788194444444 0.3200757575757577
7 0.5933159722222222 0.21969696969696986 0.5531684027777778 0.21969696969696986 0.5531684027777778 0.3352272727272728 0.5933159722222222 0.3352272727272728
33 0.5264756944444444 0.06486742424242438 0.4702690972222222 0.06486742424242438 0.4702690972222222 0.15435606060606075 0.5264756944444444 0.15435606060606077
24 0.7560763888888888 0.21875000000000022 0.712890625 0.21875000000000022 0.712890625 0.33617424242424265 0.7560763888888888 0.33617424242424265
14 0.7202690972222222 0.15672348484848503 0.6631944444444444 0.156723484848485 0.6631944444444444 0.2765151515151517 0.7202690972222222 0.2765151515151517
31 0.7044270833333334 0.24242424242424265 0.6480034722222222 0.24242424242424265 0.6480034722222222 0.37452651515151536 0.7044270833333334 0.37452651515151536
3 0.6430121527777778 0.21401515151515169 0.5874565972222222 0.21401515151515169 0.5874565972222222 0.3342803030303032 0.6430121527777778 0.33428030303030326
5 0.6690538194444444 0.14062500000000017 0.6126302083333334 0.14062500000000017 0.6126302083333334 0.2608901515151517 0.6690538194444444 0.2608901515151517
16 0.6929253472222222 0.05823863636363655 0.6458333333333334 0.05823863636363654 0.6458333333333334 0.19270833333333348 0.6929253472222222 0.19270833333333348
15 0.6506076388888888 0.031723484848485015 0.6004774305555556 0.03172348484848501 0.6004774305555556 0.15246212121212138 0.6506076388888888 0.15246212121212138
14 0.5789930555555556 0.09801136363636379 0.5290798611111112 0.09801136363636377 0.5290798611111112 0.2277462121212123 0.5789930555555556 0.2277462121212123
22 1 0.800662878787879 0.9448784722222222 0.800662878787879 0.9448784722222222 0.9251893939393941 1 0.9251893939393941
12 0.9759114583333334 0.7073863636363639 0.9171006944444444 0.7073863636363639 0.9171006944444444 0.8333333333333336 0.9759114583333334 0.8333333333333336
27 0.9995659722222222 0.4535984848484851 0.943359375 0.4535984848484851 0.943359375 0.5771780303030305 0.9995659722222222 0.5771780303030305
17 1 0.669507575757576 0.9578993055555556 0.669507575757576 0.9578993055555556 0.8044507575757578 1 0.8044507575757578
17 0.9997829861111112 0.5984848484848487 0.9683159722222222 0.5984848484848487 0.9683159722222222 0.6998106060606063 0.9997829861111112 0.6998106060606063
19 0.9995659722222222 0.8920454545454548 0.9715711805555556 0.8920454545454548 0.9715711805555556 0.9914772727272732 0.9995659722222222 0.9914772727272732
1 0.6271701388888888 1.5980712966146335e-16 0.5690104166666666 1.5203711682596401e-16 0.5690104166666666 0.07859848484848501 0.6271701388888888 0.07859848484848501