28 0.439697265625 0.12402343750000007 0.345947265625 0.12402343750000007 0.345947265625 0.2415364583333334 0.439697265625 0.2415364583333334
29 0.5390625 0.19791666666666674 0.452392578125 0.19791666666666674 0.452392578125 0.30566406250000006 0.5390625 0.30566406250000006
4 0.62939453125 0.29003906250000006 0.546142578125 0.29003906250000006 0.546142578125 0.4088541666666668 0.62939453125 0.4088541666666668
27 0.652099609375 0.4300130208333335 0.575439453125 0.4300130208333335 0.575439453125 0.5475260416666669 0.652099609375 0.5475260416666669
4 0.6650390625 0.5908203125000001 0.595703125 0.5908203125000001 0.595703125 0.7135416666666666 0.6650390625 0.7135416666666666
12 0.420166015625 0.2434895833333334 0.342529296875 0.2434895833333334 0.342529296875 0.3587239583333333 0.420166015625 0.3587239583333333
16 0.47802734375 0.31933593750000006 0.397216796875 0.31933593750000006 0.397216796875 0.44335937500000006 0.47802734375 0.44335937500000017
10 0.54541015625 0.2835286458333334 0.45654296875 0.2835286458333334 0.45654296875 0.3968098958333335 0.54541015625 0.3968098958333335
24 0.591796875 0.34667968750000017 0.50537109375 0.34667968750000017 0.50537109375 0.46093750000000017 0.591796875 0.46093750000000017
20 0.35107421875 0.2620442708333334 0.287353515625 0.2620442708333334 0.287353515625 0.3684895833333333 0.35107421875 0.3684895833333333
25 0.24365234375000003 0.2858072916666667 0.143310546875 0.2858072916666667 0.14331054687500003 0.3977864583333333 0.24365234375000006 0.3977864583333333
3 0.265625 0.3834635416666667 0.18066406250000006 0.3834635416666667 0.18066406250000006 0.4739583333333333 0.265625 0.4739583333333333
30 0.3388671875 0.4397786458333333 0.266845703125 0.4397786458333333 0.266845703125 0.5553385416666666 0.3388671875 0.5553385416666666
7 0.420166015625 0.4202473958333333 0.32958984375 0.4202473958333333 0.32958984375 0.5455729166666666 0.420166015625 0.5455729166666666
19 0.515380859375 0.42154947916666674 0.426513671875 0.4215494791666667 0.426513671875 0.5302734375000001 0.515380859375 0.5302734375000001
12 0.57568359375 0.4573567708333335 0.496337890625 0.4573567708333335 0.496337890625 0.5781250000000001 0.57568359375 0.5781250000000001
2 0.44384765625000006 0.5374348958333334 0.380126953125 0.5374348958333334 0.38012695312500006 0.6474609375 0.4438476562500001 0.6474609375
11 0.38769531250000006 0.5266927083333334 0.311767578125 0.5266927083333334 0.31176757812500006 0.646484375 0.3876953125000001 0.646484375
22 0.60986328125 0.5559895833333335 0.52490234375 0.5559895833333335 0.52490234375 0.6767578125 0.60986328125 0.6767578125
26 0.4243164062500001 0.6708984375 0.3271484375000001 0.6708984375 0.3271484375000001 0.78515625 0.4243164062500001 0.78515625
29 0.4829101562500001 0.6578776041666667 0.4125976562500001 0.6578776041666666 0.4125976562500001 0.7776692708333334 0.4829101562500001 0.7776692708333334
11 0.544677734375 0.6494140625000001 0.4743652343750001 0.6494140625000001 0.4743652343750001 0.775390625 0.544677734375 0.775390625
14 0.3793945312500001 0.73828125 0.3002929687500001 0.73828125 0.3002929687500001 0.8600260416666666 0.3793945312500001 0.8600260416666666
10 0.64794921875 0.7099609375 0.55908203125 0.7099609375 0.55908203125 0.814453125 0.64794921875 0.814453125
1 0.55078125 0.8792317708333334 0.4450683593750001 0.8792317708333334 0.4450683593750001 0.9996744791666666 0.55078125 0.9996744791666666