28 0.27832031250000006 0.491455078125 0.1731770833333334 0.491455078125 0.1731770833333334 0.55517578125 0.27832031250000006 0.55517578125
3 0.5634765625 0.12402343750000006 0.4612630208333333 0.12402343750000006 0.4612630208333333 0.20068359375000006 0.5634765625 0.20068359375000006
15 0.9684244791666666 0.18359375000000008 0.8704427083333334 0.18359375000000006 0.8704427083333334 0.2570800781250001 0.9684244791666666 0.2570800781250001
19 0.8961588541666666 0.3820800781250001 0.8108723958333334 0.3820800781250001 0.8108723958333334 0.4597167968750001 0.8961588541666666 0.4597167968750001
25 0.5904947916666669 0.547119140625 0.4791666666666668 0.547119140625 0.4791666666666668 0.628173828125 0.5904947916666669 0.628173828125
16 0.26855468750000006 0.37939453125 0.18066406250000008 0.37939453125 0.18066406250000008 0.46240234375 0.26855468750000006 0.46240234375
33 0.4007161458333333 0.24462890625000003 0.2864583333333334 0.24462890625 0.2864583333333334 0.328857421875 0.4007161458333333 0.328857421875
9 0.5400390625 0.2744140625 0.4319661458333333 0.2744140625 0.4319661458333333 0.354736328125 0.5400390625 0.354736328125
9 0.5009765625 0.331787109375 0.4169921875 0.331787109375 0.4169921875 0.40869140625 0.5009765625 0.40869140625
8 0.6227213541666666 0.31298828125000006 0.5169270833333334 0.31298828125 0.5169270833333334 0.38232421875000006 0.6227213541666666 0.3823242187500001
21 0.5904947916666667 0.388916015625 0.4951171875 0.388916015625 0.49511718750000006 0.453857421875 0.5904947916666669 0.453857421875
27 0.8779296875 0.2841796875000001 0.7819010416666666 0.2841796875000001 0.7819010416666666 0.3674316406250001 0.8779296875 0.3674316406250001
9 0.9716796875 0.3354492187500001 0.8567708333333334 0.3354492187500001 0.8567708333333334 0.4003906250000001 0.9716796875 0.4003906250000001
13 0.8489583333333334 0.4858398437500001 0.7529296875 0.4858398437500001 0.7529296875 0.5615234375 0.8489583333333334 0.5615234375
13 0.994140625 0.4279785156250001 0.8766276041666666 0.4279785156250001 0.8766276041666666 0.4873046875000001 0.994140625 0.4873046875000001
24 0.14843750000000008 0.447265625 0.027343750000000073 0.447265625 0.02734375000000008 0.529052734375 0.14843750000000008 0.529052734375
27 0.7594401041666666 0.014892578125000066 0.677734375 0.014892578125000062 0.677734375 0.09130859375000007 0.7594401041666666 0.09130859375000008
27 0.8899739583333334 0.0026855468750000763 0.7779947916666666 0.002685546875000071 0.7779947916666666 0.08544921875000008 0.8899739583333334 0.08544921875000008
27 1 8.793179287823159e-17 0.9147135416666666 8.401507582041169e-17 0.9147135416666666 0.05908203125000009 1 0.0590820312500001
27 0.9996744791666666 0.03320312500000009 0.9814453125 0.03320312500000008 0.9814453125 0.07714843750000008 0.9996744791666666 0.07714843750000008
27 0.20930989583333334 1.5128693368373065e-17 0.1201171875 1.103258468958431e-17 0.1201171875 0.036621093750000014 0.20930989583333334 0.036621093750000014
27 0.12174479166666667 8.027775038356062e-18 0.053059895833333336 4.873472369653774e-18 0.053059895833333336 0.005371093750000008 0.12174479166666667 0.00537109375000001
27 0.5084635416666666 4.359216389543069e-17 0.4407552083333333 4.048270913197061e-17 0.4407552083333333 0.010742187500000043 0.5084635416666666 0.010742187500000045