3 0.6176215277777778 0.1695075757575759 0.5590277777777778 0.1695075757575759 0.5590277777777778 0.27604166666666685 0.6176215277777778 0.2760416666666669
15 0.76171875 0.1680871212121214 0.7009548611111112 0.16808712121212138 0.7009548611111112 0.2746212121212123 0.76171875 0.2746212121212123
14 0.8135850694444444 0.11931818181818203 0.7567274305555556 0.11931818181818203 0.7567274305555556 0.24905303030303053 0.8135850694444444 0.24905303030303053
1 0.8088107638888888 2.0692008062297963e-16 0.7400173611111112 1.9772943111233309e-16 0.7400173611111112 0.13399621212121235 0.8088107638888888 0.13399621212121235
30 0.6775173611111112 0.35037878787878807 0.6293402777777778 0.35037878787878807 0.6293402777777778 0.4711174242424245 0.6775173611111112 0.4711174242424245
33 0.630859375 0.27982954545454564 0.5794270833333334 0.2798295454545456 0.5794270833333334 0.39820075757575774 0.630859375 0.3982007575757578
3 0.5802951388888888 0.3631628787878789 0.52734375 0.3631628787878789 0.52734375 0.4796401515151516 0.5802951388888888 0.4796401515151516
15 0.6176215277777778 0.5440340909090912 0.5733506944444444 0.5440340909090912 0.5733506944444444 0.666193181818182 0.6176215277777778 0.666193181818182
6 0.6684027777777778 0.5842803030303032 0.6148003472222222 0.5842803030303032 0.6148003472222222 0.6936553030303032 0.6684027777777778 0.6936553030303032
5 0.5989583333333334 0.81344696969697 0.5460069444444444 0.81344696969697 0.5460069444444444 0.9313446969696972 0.5989583333333334 0.9313446969696972
18 1 0.7135416666666669 0.9507378472222222 0.7135416666666669 0.9507378472222222 0.8214962121212124 1 0.8214962121212124
22 1 0.8191287878787881 0.9618055555555556 0.8191287878787881 0.9618055555555556 0.9479166666666669 1 0.9479166666666669
31 0.6534288194444444 0.7305871212121214 0.5972222222222222 0.7305871212121214 0.5972222222222222 0.8342803030303032 0.6534288194444444 0.8342803030303032
11 0.5946180555555556 0.6780303030303032 0.5440538194444444 0.6780303030303032 0.5440538194444444 0.8091856060606063 0.5946180555555556 0.8091856060606063
29 0.7178819444444444 0.46685606060606083 0.6603732638888888 0.46685606060606083 0.6603732638888888 0.57907196969697 0.7178819444444444 0.57907196969697
2 0.6666666666666666 0.45265151515151536 0.6178385416666666 0.45265151515151536 0.6178385416666666 0.5748106060606063 0.6666666666666666 0.5748106060606063
30 0.6286892361111112 0.39062500000000017 0.5757378472222222 0.3906250000000001 0.5757378472222222 0.4928977272727275 0.6286892361111112 0.4928977272727275
22 0.9986979166666666 0.27935606060606083 0.9631076388888888 0.27935606060606083 0.9631076388888888 0.4166666666666669 0.9986979166666666 0.4166666666666669