32 0.20279947916666674 0.2822265625 0.03678385416666671 0.2822265625 0.03678385416666672 0.416259765625 0.20279947916666674 0.416259765625
27 0.3365885416666667 0.23168945312500003 0.15364583333333337 0.231689453125 0.1536458333333334 0.37744140625 0.3365885416666667 0.37744140625
27 0.5029296875 0.20214843750000006 0.3271484375 0.20214843750000006 0.32714843750000006 0.32666015625 0.5029296875 0.32666015625
32 0.6328125 0.08813476562500006 0.48828125 0.08813476562500006 0.48828125 0.22924804687500006 0.6328125 0.22924804687500006
32 0.7932942708333334 0.15673828125000006 0.6171875 0.15673828125000006 0.6171875 0.2768554687500001 0.7932942708333334 0.2768554687500001
31 0.6103515625 0.24951171875000006 0.4293619791666667 0.24951171875000006 0.4293619791666667 0.37280273437500006 0.6103515625 0.3728027343750001
27 0.763671875 0.25463867187500006 0.59375 0.254638671875 0.59375 0.39428710937500006 0.763671875 0.3942871093750001
29 0.6676432291666666 0.31518554687500006 0.4876302083333333 0.315185546875 0.4876302083333333 0.44165039062500006 0.6676432291666666 0.4416503906250001
31 0.4091796875 0.295654296875 0.23144531250000008 0.295654296875 0.23144531250000008 0.4326171875 0.4091796875 0.4326171875
29 0.5022786458333334 0.3359375 0.3264973958333334 0.3359375 0.3264973958333334 0.4677734375 0.5022786458333335 0.4677734375
27 0.32519531250000006 0.392578125 0.1555989583333334 0.392578125 0.1555989583333334 0.53466796875 0.32519531250000006 0.53466796875
31 0.4212239583333334 0.43505859375 0.25358072916666674 0.43505859375 0.25358072916666674 0.57421875 0.4212239583333335 0.57421875
30 0.5589192708333334 0.40966796875 0.3938802083333333 0.40966796875 0.3938802083333334 0.545166015625 0.5589192708333335 0.545166015625
31 0.7473958333333334 0.38793945312500006 0.5719401041666666 0.387939453125 0.5719401041666667 0.515869140625 0.7473958333333334 0.515869140625
33 0.6822916666666666 0.44995117187500006 0.5065104166666666 0.449951171875 0.5065104166666667 0.580810546875 0.6822916666666666 0.580810546875
33 0.8522135416666666 0.4448242187500001 0.6813151041666666 0.4448242187500001 0.6813151041666666 0.5791015625 0.8522135416666666 0.5791015625
28 0.7880859375 0.532958984375 0.6044921875000001 0.532958984375 0.6044921875000001 0.661376953125 0.7880859375 0.661376953125
30 0.4837239583333335 0.53076171875 0.3557942708333335 0.53076171875 0.3557942708333335 0.659423828125 0.4837239583333335 0.659423828125
33 0.5882161458333335 0.554931640625 0.46386718750000017 0.554931640625 0.46386718750000017 0.68017578125 0.5882161458333335 0.68017578125
28 0.7490234375 0.619140625 0.5585937500000001 0.619140625 0.5585937500000001 0.746337890625 0.7490234375 0.746337890625
29 0.3860677083333335 0.599609375 0.20279947916666674 0.599609375 0.20279947916666677 0.72705078125 0.3860677083333335 0.72705078125
30 0.4954427083333335 0.650146484375 0.30859375000000006 0.650146484375 0.3085937500000001 0.782958984375 0.4954427083333335 0.782958984375
29 0.3385416666666668 0.721923828125 0.1542968750000001 0.721923828125 0.15429687500000014 0.850341796875 0.3385416666666668 0.850341796875
33 0.6110026041666669 0.666259765625 0.4391276041666668 0.666259765625 0.4391276041666668 0.8125 0.6110026041666669 0.8125
28 0.7594401041666666 0.727783203125 0.6090494791666669 0.727783203125 0.6090494791666669 0.865966796875 0.7594401041666666 0.865966796875
28 0.9485677083333334 0.6767578125 0.7587890625 0.6767578125 0.7587890625 0.799072265625 0.9485677083333334 0.799072265625
30 0.5445963541666669 0.752685546875 0.3538411458333335 0.752685546875 0.3538411458333335 0.894287109375 0.5445963541666669 0.894287109375
32 0.8697916666666666 0.3278808593750001 0.6829427083333334 0.3278808593750001 0.6829427083333334 0.4519042968750001 0.8697916666666666 0.4519042968750001