25 0.6143663194444444 0.5052083333333336 0.5648871527777778 0.5052083333333336 0.5648871527777778 0.6250000000000002 0.6143663194444444 0.6250000000000002
16 0.6603732638888888 0.30018939393939414 0.6076388888888888 0.30018939393939414 0.6076388888888888 0.40246212121212144 0.6603732638888888 0.40246212121212144
0 0.7348090277777778 0.5426136363636366 0.6720920138888888 0.5426136363636366 0.6720920138888888 0.650568181818182 0.7348090277777778 0.650568181818182
21 0.7289496527777778 0.36742424242424265 0.6727430555555556 0.36742424242424265 0.6727430555555556 0.4540719696969699 0.7289496527777778 0.4540719696969699
11 0.7743055555555556 0.4090909090909093 0.71484375 0.4090909090909093 0.71484375 0.5241477272727275 0.7743055555555556 0.5241477272727275
31 0.9366319444444444 0.5369318181818183 0.8832465277777778 0.5369318181818183 0.8832465277777778 0.6534090909090912 0.9366319444444444 0.6534090909090912
7 0.9845920138888888 0.5468750000000002 0.9338107638888888 0.5468750000000002 0.9338107638888888 0.6690340909090912 0.9845920138888888 0.6690340909090912
7 0.9774305555555556 0.3143939393939396 0.9166666666666666 0.3143939393939396 0.9166666666666666 0.43702651515151536 0.9774305555555556 0.43702651515151536
29 0.9984809027777778 0.46496212121212144 0.9542100694444444 0.46496212121212144 0.9542100694444444 0.5918560606060608 0.9984809027777778 0.5918560606060608
25 0.4622395833333333 0.21117424242424254 0.3995225694444444 0.21117424242424254 0.3995225694444444 0.3281250000000001 0.4622395833333333 0.3281250000000001
33 0.5086805555555556 0.01183712121212134 0.4516059027777778 0.011837121212121333 0.4516059027777778 0.1482007575757577 0.5086805555555556 0.14820075757575774
19 0.587890625 0.2831439393939395 0.5314670138888888 0.2831439393939395 0.5314670138888888 0.40861742424242437 0.587890625 0.40861742424242437
14 0.5455729166666666 0.3768939393939395 0.5032552083333334 0.3768939393939395 0.5032552083333334 0.49621212121212144 0.5455729166666666 0.49621212121212144
3 0.5034722222222222 0.4337121212121213 0.4494357638888889 0.4337121212121213 0.4494357638888889 0.5587121212121214 0.5034722222222222 0.5587121212121214
3 0.4852430555555556 0.588068181818182 0.4299045138888889 0.588068181818182 0.4299045138888889 0.716382575757576 0.4852430555555556 0.716382575757576
33 0.5258246527777778 0.5340909090909093 0.4711371527777778 0.5340909090909093 0.4711371527777778 0.6647727272727275 0.5258246527777778 0.6647727272727275
9 0.5575086805555556 0.49810606060606083 0.509765625 0.49810606060606083 0.509765625 0.6174242424242427 0.5575086805555556 0.6174242424242427
30 0.5794270833333334 0.5965909090909093 0.5245225694444444 0.5965909090909093 0.5245225694444444 0.7230113636363639 0.5794270833333334 0.7230113636363639
29 0.6193576388888888 0.6524621212121214 0.5625 0.6524621212121214 0.5625 0.778882575757576 0.6193576388888888 0.778882575757576
23 0.6384548611111112 0.75094696969697 0.583984375 0.75094696969697 0.583984375 0.8877840909090912 0.6384548611111112 0.8877840909090912
28 0.724609375 0.728693181818182 0.6712239583333334 0.728693181818182 0.6712239583333334 0.8740530303030305 0.724609375 0.8740530303030305
31 0.6746961805555556 0.7026515151515154 0.6158854166666666 0.7026515151515154 0.6158854166666666 0.8252840909090912 0.6746961805555556 0.8252840909090912
7 0.7645399305555556 0.6439393939393941 0.7072482638888888 0.6439393939393941 0.7072482638888888 0.747632575757576 0.7645399305555556 0.747632575757576
27 0.7068142361111112 0.6216856060606063 0.6486545138888888 0.6216856060606063 0.6486545138888888 0.7566287878787881 0.7068142361111112 0.7566287878787881
2 0.6671006944444444 0.5965909090909093 0.6082899305555556 0.5965909090909093 0.6082899305555556 0.7244318181818183 0.6671006944444444 0.7244318181818183
14 0.7113715277777778 0.4403409090909093 0.6536458333333334 0.4403409090909093 0.6536458333333334 0.5374053030303032 0.7113715277777778 0.5374053030303032
15 0.6614583333333334 0.4872159090909093 0.60546875 0.4872159090909093 0.60546875 0.6183712121212124 0.6614583333333334 0.6183712121212124
1 0.6187065972222222 0.3674242424242426 0.5570746527777778 0.36742424242424254 0.5570746527777778 0.49763257575757597 0.6187065972222222 0.49763257575757597
33 0.8129340277777778 0.30492424242424265 0.7467447916666666 0.30492424242424265 0.7467447916666666 0.4157196969696972 0.8129340277777778 0.4157196969696972
11 0.7660590277777778 0.2509469696969699 0.7039930555555556 0.2509469696969699 0.7039930555555556 0.37926136363636387 0.7660590277777778 0.37926136363636387
30 0.9173177083333334 0.2978219696969699 0.8504774305555556 0.2978219696969699 0.8504774305555556 0.4157196969696972 0.9173177083333334 0.4157196969696972
0 0.9264322916666666 0.3906250000000002 0.8556857638888888 0.3906250000000002 0.8556857638888888 0.5184659090909093 0.9264322916666666 0.5184659090909093
32 0.8923611111111112 0.48390151515151536 0.8244357638888888 0.48390151515151536 0.8244357638888888 0.6221590909090912 0.8923611111111112 0.6221590909090912
9 0.9006076388888888 0.6178977272727275 0.8311631944444444 0.6178977272727275 0.8311631944444444 0.7339015151515154 0.9006076388888888 0.7339015151515154
10 0.8878038194444444 0.6936553030303032 0.81640625 0.6936553030303032 0.81640625 0.8205492424242427 0.8878038194444444 0.8205492424242427
17 0.9114583333333334 0.7926136363636366 0.8424479166666666 0.7926136363636366 0.8424479166666666 0.9053030303030305 0.9114583333333334 0.9053030303030305
6 0.9331597222222222 0.722537878787879 0.8732638888888888 0.722537878787879 0.8732638888888888 0.8442234848484851 0.9331597222222222 0.8442234848484851
1 0.958984375 0.6354166666666669 0.8834635416666666 0.6354166666666669 0.8834635416666666 0.753787878787879 0.958984375 0.753787878787879
33 0.9661458333333334 0.4635416666666669 0.9038628472222222 0.4635416666666669 0.9038628472222222 0.5838068181818183 0.9661458333333334 0.5838068181818183
4 0.9939236111111112 0.3773674242424245 0.9244791666666666 0.3773674242424245 0.9244791666666666 0.5071022727272729 0.9939236111111112 0.5071022727272729
15 0.9711371527777778 0.2135416666666669 0.9029947916666666 0.21354166666666688 0.9029947916666666 0.3527462121212123 0.9711371527777778 0.3527462121212123
29 1 0.30113636363636387 0.9685329861111112 0.30113636363636387 0.9685329861111112 0.4015151515151517 1 0.4015151515151517
29 0.9997829861111112 0.4086174242424245 0.9789496527777778 0.4086174242424245 0.9789496527777778 0.5118371212121214 0.9997829861111112 0.5118371212121214
29 1 0.5866477272727275 0.9563802083333334 0.5866477272727275 0.9563802083333334 0.7125946969696972 1 0.7125946969696972
29 0.9963107638888888 0.660037878787879 0.9286024305555556 0.660037878787879 0.9286024305555556 0.7831439393939396 0.9963107638888888 0.7831439393939396
29 0.9997829861111112 0.5303030303030305 0.9867621527777778 0.5303030303030305 0.9867621527777778 0.6017992424242427 0.9997829861111112 0.6017992424242427
29 0.9971788194444444 0.7433712121212124 0.9244791666666666 0.7433712121212124 0.9244791666666666 0.87594696969697 0.9971788194444444 0.87594696969697
29 0.9997829861111112 0.8660037878787881 0.9568142361111112 0.8660037878787881 0.9568142361111112 0.9933712121212126 0.9997829861111112 0.9933712121212126
29 0.9867621527777778 0.9526515151515154 0.9322916666666666 0.9526515151515154 0.9322916666666666 0.9995265151515156 0.9867621527777778 0.9995265151515156
29 0.9025607638888888 0.9554924242424244 0.8878038194444444 0.9554924242424244 0.8878038194444444 0.9820075757575761 0.9025607638888888 0.9820075757575761