24 0.5319010416666666 0.1841856060606062 0.443359375 0.18418560606060616 0.443359375 0.3281250000000001 0.5319010416666666 0.3281250000000001
16 0.5128038194444444 0.33238636363636376 0.4288194444444444 0.33238636363636376 0.4288194444444444 0.48579545454545475 0.5128038194444444 0.48579545454545475
33 0.4496527777777778 0.403409090909091 0.3756510416666667 0.403409090909091 0.3756510416666667 0.5904356060606062 0.4496527777777778 0.5904356060606063
31 0.4874131944444444 0.5066287878787881 0.4236111111111111 0.5066287878787881 0.4236111111111111 0.6434659090909093 0.4874131944444444 0.6434659090909093
17 0.494140625 0.6685606060606063 0.4275173611111111 0.6685606060606063 0.4275173611111111 0.8371212121212124 0.494140625 0.8371212121212124
1 0.5295138888888888 0.6055871212121214 0.4676649305555556 0.6055871212121214 0.4676649305555556 0.7552083333333336 0.5295138888888888 0.7552083333333336
25 0.5625 0.5236742424242427 0.4958767361111111 0.5236742424242427 0.4958767361111111 0.6766098484848487 0.5625 0.6766098484848487
15 0.5735677083333334 0.7575757575757578 0.4952256944444444 0.7575757575757578 0.4952256944444444 0.9029356060606063 0.5735677083333334 0.9029356060606063
4 0.623046875 0.6931818181818183 0.5538194444444444 0.6931818181818183 0.5538194444444444 0.8527462121212124 0.623046875 0.8527462121212124
3 0.6163194444444444 0.5094696969696972 0.5444878472222222 0.5094696969696972 0.5444878472222222 0.6751893939393941 0.6163194444444444 0.6751893939393941
9 0.5950520833333334 0.3243371212121213 0.5327690972222222 0.3243371212121213 0.5327690972222222 0.49952651515151536 0.5950520833333334 0.49952651515151536
14 0.6547309027777778 0.38352272727272746 0.5815972222222222 0.3835227272727274 0.5815972222222222 0.572443181818182 0.6547309027777778 0.572443181818182
5 0.5978732638888888 0.05823863636363652 0.5347222222222222 0.05823863636363651 0.5347222222222222 0.23958333333333348 0.5978732638888888 0.23958333333333348
8 0.6360677083333334 0.19034090909090925 0.5655381944444444 0.19034090909090925 0.5655381944444444 0.36126893939393956 0.6360677083333334 0.3612689393939396
1 0.6872829861111112 0.22159090909090925 0.6095920138888888 0.22159090909090925 0.6095920138888888 0.4067234848484851 0.6872829861111112 0.4067234848484851
10 0.7398003472222222 0.285037878787879 0.6532118055555556 0.285037878787879 0.6532118055555556 0.45833333333333354 0.7398003472222222 0.45833333333333354
14 0.6788194444444444 0.519412878787879 0.6161024305555556 0.519412878787879 0.6161024305555556 0.6751893939393941 0.6788194444444444 0.6751893939393941
22 0.7131076388888888 0.5899621212121214 0.6458333333333334 0.5899621212121214 0.6458333333333334 0.7566287878787881 0.7131076388888888 0.7566287878787881
7 0.765625 0.6543560606060608 0.6853298611111112 0.6543560606060608 0.6853298611111112 0.8110795454545456 0.765625 0.8110795454545456
6 0.7215711805555556 0.8394886363636366 0.6668836805555556 0.8394886363636366 0.6668836805555556 0.9990530303030303 0.7215711805555556 0.9990530303030303
3 0.8368055555555556 0.6197916666666669 0.7575954861111112 0.6197916666666669 0.7575954861111112 0.7267992424242427 0.8368055555555556 0.7267992424242427
9 0.7953559027777778 0.4706439393939396 0.7287326388888888 0.4706439393939396 0.7287326388888888 0.6306818181818183 0.7953559027777778 0.6306818181818183
31 0.8491753472222222 0.7173295454545456 0.7734375 0.7173295454545456 0.7734375 0.8314393939393941 0.8491753472222222 0.8314393939393941
20 0.8602430555555556 0.8106060606060608 0.77734375 0.8106060606060608 0.77734375 0.9431818181818183 0.8602430555555556 0.9431818181818183
32 0.9079861111111112 0.5449810606060608 0.818359375 0.5449810606060608 0.818359375 0.7277462121212124 0.9079861111111112 0.7277462121212124
13 0.9680989583333334 0.6401515151515154 0.8604600694444444 0.6401515151515154 0.8604600694444444 0.8338068181818183 0.9680989583333334 0.8338068181818183
26 0.9822048611111112 0.7746212121212124 0.8958333333333334 0.7746212121212124 0.8958333333333334 0.9199810606060608 0.9822048611111112 0.9199810606060608
19 0.9924045138888888 0.9142992424242427 0.908203125 0.9142992424242427 0.908203125 0.9995265151515156 0.9924045138888888 0.9995265151515156
18 0.7845052083333334 0.016098484848485046 0.6987847222222222 0.016098484848485035 0.6987847222222222 0.20643939393939412 0.7845052083333334 0.20643939393939414
10 0.8485243055555556 0.0369318181818184 0.771484375 0.036931818181818385 0.771484375 0.21543560606060627 0.8485243055555556 0.21543560606060627
12 0.9431423611111112 0.02414772727272751 0.8543836805555556 0.0241477272727275 0.8543836805555556 0.216382575757576 0.9431423611111112 0.21638257575757602
33 0.2805989583333334 0.8802083333333334 0.2154947916666667 0.8802083333333334 0.2154947916666667 0.9995265151515151 0.2805989583333334 0.9995265151515151
12 0.9086371527777778 2.3109989668569016e-16 0.8211805555555556 2.194158848472341e-16 0.8211805555555556 0.1216856060606063 0.9086371527777778 0.12168560606060633
26 0.6649305555555556 0.9067234848484851 0.5859375 0.9067234848484851 0.5859375 0.9995265151515151 0.6649305555555556 0.9995265151515151
33 0.802734375 0.8892045454545456 0.7222222222222222 0.8892045454545456 0.7222222222222222 0.9995265151515151 0.802734375 0.9995265151515151