27 0.691162109375 0.43554687500000017 0.62255859375 0.43554687500000017 0.62255859375 0.5432942708333335 0.691162109375 0.5432942708333335
24 0.60888671875 0.4495442708333335 0.537841796875 0.4495442708333335 0.537841796875 0.5270182291666669 0.60888671875 0.5270182291666669
19 0.593505859375 0.5517578125000001 0.517578125 0.5517578125000001 0.517578125 0.6311848958333335 0.593505859375 0.6311848958333335
1 0.8251953125 0.828125 0.747314453125 0.828125 0.747314453125 0.947265625 0.8251953125 0.947265625
10 0.816162109375 0.6194661458333335 0.736083984375 0.6194661458333335 0.736083984375 0.7298177083333334 0.816162109375 0.7298177083333334
11 0.739013671875 0.6647135416666669 0.649169921875 0.6647135416666669 0.649169921875 0.7789713541666666 0.739013671875 0.7789713541666666
29 0.69873046875 0.7145182291666666 0.610107421875 0.7145182291666666 0.610107421875 0.826171875 0.69873046875 0.826171875
26 0.6572265625 0.7942708333333334 0.575439453125 0.7942708333333334 0.575439453125 0.8795572916666666 0.6572265625 0.8795572916666666
14 0.664306640625 0.8688151041666666 0.57763671875 0.8688151041666666 0.57763671875 0.9710286458333334 0.664306640625 0.9710286458333334
2 0.612060546875 0.6572265625000001 0.533935546875 0.6572265625000001 0.533935546875 0.78125 0.612060546875 0.78125
11 0.567138671875 0.703125 0.4926757812500001 0.703125 0.4926757812500001 0.8216145833333334 0.567138671875 0.8216145833333334
30 0.5 0.6888020833333334 0.4189453125000001 0.6888020833333334 0.4189453125000001 0.7978515625 0.5 0.7978515625
7 0.54248046875 0.6318359375000001 0.4589843750000001 0.6318359375000001 0.4589843750000001 0.7239583333333334 0.54248046875 0.7239583333333334
16 0.52978515625 0.5172526041666667 0.450439453125 0.5172526041666666 0.45043945312500006 0.6093750000000001 0.52978515625 0.6093750000000001
12 0.656494140625 0.5224609375000001 0.5859375 0.5224609375000001 0.5859375 0.6321614583333335 0.656494140625 0.6321614583333335
4 0.60888671875 0.3795572916666668 0.5283203125 0.3795572916666668 0.5283203125 0.4573567708333335 0.60888671875 0.4573567708333335
10 0.54248046875 0.4274088541666668 0.480224609375 0.4274088541666668 0.480224609375 0.5328776041666669 0.54248046875 0.5328776041666669
29 0.49755859375 0.38574218750000006 0.440185546875 0.3857421875 0.440185546875 0.48730468750000006 0.49755859375 0.48730468750000017
28 0.403564453125 0.4147135416666667 0.336181640625 0.4147135416666667 0.336181640625 0.5247395833333334 0.403564453125 0.5247395833333334
12 0.461669921875 0.5022786458333334 0.380615234375 0.5022786458333334 0.380615234375 0.5976562500000001 0.461669921875 0.5976562500000001
20 0.42626953125000006 0.552734375 0.34130859375 0.552734375 0.34130859375000006 0.6656901041666666 0.4262695312500001 0.6656901041666666
25 0.3444824218750001 0.6813151041666666 0.2797851562500001 0.6813151041666666 0.2797851562500001 0.7854817708333334 0.3444824218750001 0.7854817708333334
3 0.4128417968750001 0.7086588541666666 0.3293457031250001 0.7086588541666666 0.3293457031250001 0.8134765625 0.4128417968750001 0.8134765625
22 0.725341796875 0.5683593750000001 0.645751953125 0.5683593750000001 0.645751953125 0.6546223958333335 0.725341796875 0.6546223958333335
4 0.78515625 0.5273437500000001 0.705810546875 0.5273437500000001 0.705810546875 0.6370442708333335 0.78515625 0.6370442708333335