0 0.07666015625000006 0.4671223958333333 0.005615234375000043 0.4671223958333333 0.005615234375000048 0.5660807291666666 0.07666015625000006 0.5660807291666666
28 0.21191406250000006 0.5992838541666666 0.13183593750000006 0.5992838541666666 0.13183593750000006 0.6842447916666666 0.21191406250000006 0.6842447916666666
6 0.15722656250000006 0.6796875 0.07080078125000006 0.6796875 0.07080078125000007 0.7776692708333334 0.15722656250000006 0.7776692708333334
6 0.25732421875000006 0.5387369791666666 0.18310546875000006 0.5387369791666666 0.18310546875000006 0.6256510416666666 0.2573242187500001 0.6256510416666666
11 0.2597656250000001 0.6494140625 0.20019531250000006 0.6494140625 0.20019531250000006 0.74609375 0.2597656250000001 0.74609375
7 0.3281250000000001 0.6471354166666666 0.2546386718750001 0.6471354166666666 0.2546386718750001 0.7506510416666666 0.3281250000000001 0.7506510416666666
30 0.31347656250000006 0.5341796875 0.25390625 0.5341796875 0.25390625000000006 0.6321614583333334 0.3134765625000001 0.6321614583333334
2 0.37207031250000006 0.5745442708333334 0.303466796875 0.5745442708333334 0.30346679687500006 0.6712239583333334 0.3720703125000001 0.6712239583333334
27 0.2548828125 0.4573567708333333 0.18554687500000006 0.4573567708333333 0.18554687500000006 0.5540364583333334 0.2548828125 0.5540364583333334
33 0.23706054687500006 0.3811848958333333 0.16113281250000006 0.3811848958333333 0.16113281250000006 0.47265625 0.23706054687500006 0.47265625
30 0.30859375 0.4095052083333333 0.24169921875000006 0.4095052083333333 0.24169921875000006 0.5139973958333334 0.30859375 0.5139973958333334
17 0.26806640625 0.31282552083333337 0.19213867187500006 0.3128255208333333 0.19213867187500006 0.404296875 0.26806640625 0.404296875
22 0.34033203125 0.3011067708333334 0.2685546875 0.3011067708333334 0.2685546875 0.4088541666666667 0.34033203125 0.4088541666666667
5 0.38916015625 0.3922526041666667 0.311767578125 0.3922526041666667 0.311767578125 0.4674479166666667 0.38916015625 0.4674479166666667
33 0.37939453125 0.4573567708333333 0.308349609375 0.4573567708333333 0.308349609375 0.5325520833333334 0.37939453125 0.5325520833333334
15 0.437255859375 0.4973958333333333 0.350830078125 0.4973958333333333 0.350830078125 0.5986328125 0.437255859375 0.5986328125
22 0.4633789062500001 0.6341145833333334 0.3864746093750001 0.6341145833333334 0.3864746093750001 0.7278645833333334 0.4633789062500001 0.7278645833333334
25 0.51220703125 0.4485677083333334 0.452392578125 0.4485677083333333 0.452392578125 0.5530598958333334 0.51220703125 0.5530598958333335
33 0.5380859375 0.5582682291666669 0.463134765625 0.5582682291666669 0.46313476562500006 0.6582031250000001 0.5380859375 0.6582031250000001
26 0.466552734375 0.3401692708333334 0.393798828125 0.3401692708333333 0.393798828125 0.42936197916666674 0.466552734375 0.4293619791666668
13 0.439697265625 0.25878906250000006 0.362060546875 0.25878906250000006 0.362060546875 0.36328125 0.439697265625 0.36328125
14 0.5146484375 0.2044270833333334 0.440185546875 0.2044270833333334 0.440185546875 0.31119791666666674 0.5146484375 0.31119791666666674
23 0.52685546875 0.3216145833333334 0.46630859375 0.3216145833333334 0.46630859375 0.42382812500000017 0.52685546875 0.42382812500000017
20 0.5966796875 0.34765625000000017 0.524169921875 0.34765625000000017 0.524169921875 0.4498697916666668 0.5966796875 0.4498697916666668
18 0.64794921875 0.4300130208333335 0.581787109375 0.4300130208333335 0.581787109375 0.5345052083333335 0.64794921875 0.5345052083333335
33 0.996337890625 0.3802083333333335 0.908935546875 0.3802083333333335 0.908935546875 0.4772135416666668 0.996337890625 0.4772135416666668
7 0.959716796875 0.07096354166666681 0.887939453125 0.07096354166666681 0.887939453125 0.18098958333333348 0.959716796875 0.18098958333333348