26 0.5375434027777778 0.09895833333333347 0.4622395833333333 0.09895833333333347 0.4622395833333333 0.26893939393939403 0.5375434027777778 0.26893939393939403
5 0.4066840277777778 0.3702651515151516 0.3446180555555556 0.3702651515151516 0.3446180555555556 0.5459280303030304 0.4066840277777778 0.5459280303030305
15 0.5197482638888888 0.4275568181818183 0.4544270833333333 0.4275568181818183 0.4544270833333333 0.5890151515151517 0.5197482638888888 0.5890151515151517
16 0.5651041666666666 0.5454545454545456 0.4900173611111111 0.5454545454545456 0.4900173611111111 0.6950757575757578 0.5651041666666666 0.6950757575757578
23 0.5946180555555556 0.42471590909090917 0.5082465277777778 0.42471590909090917 0.5082465277777778 0.5643939393939396 0.5946180555555556 0.5643939393939396
3 0.6217447916666666 0.2267992424242426 0.5483940972222222 0.2267992424242426 0.5483940972222222 0.3465909090909092 0.6217447916666666 0.3465909090909093
5 0.6321614583333334 0.07907196969696986 0.5720486111111112 0.07907196969696986 0.5720486111111112 0.23721590909090925 0.6321614583333334 0.23721590909090925
8 0.5112847222222222 0.6609848484848487 0.4255642361111111 0.6609848484848487 0.4255642361111111 0.8285984848484851 0.5112847222222222 0.8285984848484851
27 0.470703125 0.5213068181818183 0.3919270833333333 0.5213068181818182 0.3919270833333333 0.6955492424242425 0.470703125 0.6955492424242427
18 0.4583333333333333 0.3603219696969698 0.3932291666666667 0.3603219696969698 0.3932291666666667 0.534564393939394 0.4583333333333333 0.5345643939393941
14 0.4989149305555556 0.2694128787878789 0.4312065972222222 0.2694128787878789 0.4312065972222222 0.4375000000000001 0.4989149305555556 0.4375000000000001
32 0.5557725694444444 0.24715909090909102 0.4874131944444444 0.24715909090909102 0.4874131944444444 0.4109848484848486 0.5557725694444444 0.4109848484848486
22 0.638671875 0.33712121212121227 0.5594618055555556 0.3371212121212122 0.5594618055555556 0.46401515151515166 0.638671875 0.4640151515151517
29 0.6974826388888888 0.21543560606060622 0.6171875 0.21543560606060622 0.6171875 0.34895833333333354 0.6974826388888888 0.34895833333333354
3 0.7367621527777778 0.09706439393939412 0.650390625 0.0970643939393941 0.650390625 0.23106060606060624 0.7367621527777778 0.23106060606060627
12 0.7921006944444444 0.02793560606060626 0.7267795138888888 0.027935606060606254 0.7267795138888888 0.19839015151515174 0.7921006944444444 0.19839015151515174
4 0.5609809027777778 1.3820765368218354e-16 0.4735243055555556 1.2652364184372748e-16 0.4735243055555556 0.11931818181818196 0.5609809027777778 0.11931818181818198