31 0.9915364583333334 0.638671875 0.904296875 0.638671875 0.904296875 0.720458984375 0.9915364583333334 0.720458984375
4 0.9817708333333334 0.755615234375 0.861328125 0.755615234375 0.861328125 0.82763671875 0.9817708333333334 0.82763671875
12 0.7692057291666666 0.75244140625 0.6425781250000001 0.75244140625 0.6425781250000001 0.841796875 0.7692057291666666 0.841796875
5 0.7154947916666666 0.697998046875 0.5966796875000001 0.697998046875 0.5966796875000001 0.792724609375 0.7154947916666666 0.792724609375
8 0.7932942708333334 0.66455078125 0.677734375 0.66455078125 0.677734375 0.758056640625 0.7932942708333334 0.758056640625
6 0.9108072916666666 0.69580078125 0.7952473958333334 0.69580078125 0.7952473958333334 0.7822265625 0.9108072916666666 0.7822265625
22 0.6191406250000001 0.697021484375 0.5009765625000001 0.697021484375 0.5009765625000001 0.78173828125 0.6191406250000001 0.78173828125
14 0.6647135416666669 0.650146484375 0.5380859375000001 0.650146484375 0.5380859375000001 0.7373046875 0.6647135416666669 0.7373046875
26 0.7200520833333334 0.613037109375 0.5911458333333335 0.613037109375 0.5911458333333335 0.6923828125 0.7200520833333334 0.6923828125
28 0.5595703125000001 0.644775390625 0.4475911458333335 0.644775390625 0.4475911458333335 0.734375 0.5595703125000001 0.734375
8 0.49414062500000017 0.612060546875 0.3707682291666668 0.612060546875 0.3707682291666668 0.693603515625 0.49414062500000017 0.693603515625
3 0.3841145833333335 0.611328125 0.27148437500000006 0.611328125 0.2714843750000001 0.6826171875 0.3841145833333335 0.6826171875
3 0.2828776041666668 0.613037109375 0.16341145833333345 0.613037109375 0.16341145833333345 0.685302734375 0.2828776041666668 0.685302734375
27 0.3570963541666668 0.531494140625 0.2337239583333334 0.531494140625 0.2337239583333334 0.606201171875 0.3570963541666668 0.606201171875
24 0.5029296875000001 0.536865234375 0.3899739583333335 0.536865234375 0.3899739583333335 0.630615234375 0.5029296875000001 0.630615234375
32 0.6256510416666669 0.56640625 0.5139973958333335 0.56640625 0.5139973958333335 0.65869140625 0.6256510416666669 0.65869140625
1 0.5810546875000001 0.491943359375 0.45507812500000017 0.491943359375 0.45507812500000017 0.590087890625 0.5810546875000001 0.590087890625
10 0.9182942708333334 0.604248046875 0.8095703125 0.604248046875 0.8095703125 0.696044921875 0.9182942708333334 0.696044921875
20 0.8587239583333334 0.6328125 0.7418619791666666 0.6328125 0.7418619791666666 0.721435546875 0.8587239583333334 0.721435546875
28 0.8447265625 0.551025390625 0.7373046875 0.551025390625 0.7373046875 0.637939453125 0.8447265625 0.637939453125
32 0.9602864583333334 0.53466796875 0.8551432291666666 0.53466796875 0.8551432291666666 0.625732421875 0.9602864583333334 0.625732421875
10 0.7369791666666666 0.540771484375 0.6158854166666669 0.540771484375 0.6158854166666669 0.626220703125 0.7369791666666666 0.626220703125
19 0.9143880208333334 0.4853515625000001 0.798828125 0.4853515625000001 0.798828125 0.572021484375 0.9143880208333334 0.572021484375
19 0.9892578125 0.4504394531250001 0.8811848958333334 0.4504394531250001 0.8811848958333334 0.53515625 0.9892578125 0.53515625
4 0.896484375 0.4323730468750001 0.7740885416666666 0.4323730468750001 0.7740885416666666 0.52294921875 0.896484375 0.52294921875
10 0.7786458333333334 0.3833007812500001 0.6748046875 0.3833007812500001 0.6748046875 0.4741210937500001 0.7786458333333334 0.4741210937500001
23 0.6692708333333334 0.47900390625000006 0.5745442708333335 0.47900390625 0.5745442708333335 0.576416015625 0.6692708333333334 0.576416015625
11 0.8167317708333334 0.4997558593750001 0.6946614583333334 0.4997558593750001 0.6946614583333334 0.58544921875 0.8167317708333334 0.58544921875
29 0.7587890625 0.4577636718750001 0.6442057291666669 0.4577636718750001 0.6442057291666669 0.53759765625 0.7587890625 0.53759765625
31 0.728515625 0.19116210937500006 0.6090494791666666 0.19116210937500006 0.6090494791666666 0.2766113281250001 0.728515625 0.2766113281250001
2 0.6223958333333334 0.18530273437500006 0.5380859375 0.18530273437500006 0.5380859375 0.27490234375000006 0.6223958333333334 0.2749023437500001
14 0.9147135416666666 0.14013671875000008 0.8177083333333334 0.14013671875000006 0.8177083333333334 0.23388671875000008 0.9147135416666666 0.2338867187500001
8 0.79296875 0.17041015625000006 0.6953125 0.17041015625000006 0.6953125 0.2631835937500001 0.79296875 0.2631835937500001
9 0.8404947916666666 0.12548828125000006 0.732421875 0.12548828125000006 0.732421875 0.21728515625000006 0.8404947916666666 0.21728515625000006
7 0.7333984375 0.12939453125000006 0.61328125 0.12939453125000006 0.61328125 0.21093750000000006 0.7333984375 0.21093750000000006
17 0.6936848958333334 0.09008789062500006 0.5791015625 0.09008789062500006 0.5791015625 0.18261718750000006 0.6936848958333334 0.18261718750000006
20 0.7939453125 0.06835937500000007 0.677734375 0.06835937500000006 0.677734375 0.14819335937500006 0.7939453125 0.14819335937500006
15 0.892578125 0.06445312500000008 0.779296875 0.06445312500000008 0.779296875 0.14624023437500006 0.892578125 0.14624023437500006
33 0.6927083333333334 0.03735351562500006 0.5856119791666666 0.037353515625000056 0.5856119791666666 0.11401367187500006 0.6927083333333334 0.11401367187500006
16 0.7880859375 0.011962890625000068 0.6809895833333334 0.011962890625000062 0.6809895833333334 0.09423828125000007 0.7880859375 0.09423828125000008
27 0.8723958333333334 7.612184449778226e-17 0.78515625 7.211543162947793e-17 0.78515625 0.07958984375000008 0.8723958333333334 0.07958984375000008
26 0.9410807291666666 0.004150390625000083 0.8603515625 0.00415039062500008 0.8603515625 0.09960937500000008 0.9410807291666666 0.09960937500000008
30 0.7008463541666666 5.915438701447848e-17 0.5872395833333334 5.39370807046344e-17 0.5872395833333334 0.05810546875000006 0.7008463541666666 0.05810546875000007
4 0.5794270833333334 0.0012207031250000484 0.4723307291666667 0.0012207031250000434 0.4723307291666667 0.05834960937500005 0.5794270833333334 0.058349609375000056
12 0.6009114583333334 0.05053710937500005 0.5113932291666666 0.05053710937500004 0.5113932291666666 0.13525390625000006 0.6009114583333334 0.13525390625000006
31 0.5823567708333334 0.11401367187500006 0.4703776041666667 0.11401367187500006 0.4703776041666667 0.18896484375000006 0.5823567708333334 0.18896484375000006
25 0.5172526041666666 0.03881835937500004 0.416015625 0.03881835937500004 0.416015625 0.13452148437500006 0.5172526041666666 0.13452148437500006
29 0.38671875 3.08553588066423e-17 0.28515625 2.6191176661452183e-17 0.28515625 0.07885742187500003 0.38671875 0.07885742187500003
1 0.1803385416666667 0.185302734375 0.055664062500000035 0.185302734375 0.05566406250000005 0.286376953125 0.18033854166666674 0.286376953125
7 0.1129557291666667 0.137939453125 2.2523614632755685e-17 0.137939453125 2.842360572239788e-17 0.210205078125 0.1129557291666667 0.210205078125
7 0.07454427083333337 0.19189453125 3.133373646255923e-17 0.19189453125 3.743305157550015e-17 0.2666015625 0.07454427083333337 0.2666015625
31 0.08170572916666667 0.04174804687500001 6.816881596816321e-18 0.041748046875 1.4271600068188555e-17 0.133056640625 0.08170572916666669 0.133056640625
25 0.07649739583333333 3.51308591063999e-18 0 0 4.26553409859267e-18 0.05224609375000001 0.07649739583333333 0.052246093750000014
30 0.19010416666666666 1.1899644190933754e-17 0.06901041666666667 6.338503940899387e-18 0.06901041666666667 0.05981445312500001 0.19010416666666666 0.059814453125000014