32 0.329833984375 0.24023437500000008 0.26123046875 0.24023437500000008 0.26123046875 0.3512369791666667 0.329833984375 0.3512369791666667
14 0.23144531250000006 0.5927734375 0.15209960937500006 0.5927734375 0.15209960937500006 0.6637369791666666 0.23144531250000006 0.6637369791666666
21 0.261474609375 0.4072265625 0.20336914062500006 0.4072265625 0.20336914062500006 0.5009765625 0.261474609375 0.5009765625
31 0.649658203125 0.7838541666666666 0.563232421875 0.7838541666666666 0.563232421875 0.8883463541666666 0.649658203125 0.8883463541666666
0 0.7392578125 0.8447265625 0.658447265625 0.8447265625 0.658447265625 0.9371744791666666 0.7392578125 0.9371744791666666
4 0.8603515625 0.3053385416666668 0.772216796875 0.3053385416666668 0.772216796875 0.4065755208333335 0.8603515625 0.4065755208333335
20 0.7607421875 0.0009765625000001173 0.67431640625 0.0009765625000001102 0.67431640625 0.09082031250000011 0.7607421875 0.09082031250000011
33 0.970947265625 0.05078125000000016 0.898681640625 0.050781250000000146 0.898681640625 0.16113281250000014 0.970947265625 0.16113281250000014
5 0.9296875 0.10416666666666681 0.852783203125 0.10416666666666681 0.852783203125 0.21744791666666682 0.9296875 0.21744791666666682
17 1 0.15527343750000014 0.914306640625 0.15527343750000014 0.914306640625 0.2652994791666668 1 0.2652994791666668
13 0.975830078125 0.23697916666666682 0.882568359375 0.23697916666666682 0.882568359375 0.3649088541666668 0.975830078125 0.3649088541666668
22 1 0.3336588541666668 0.927734375 0.3336588541666668 0.927734375 0.4469401041666668 1 0.4469401041666668
31 0.783935546875 0.2532552083333335 0.701904296875 0.2532552083333335 0.701904296875 0.3590494791666668 0.783935546875 0.3590494791666668
2 0.830322265625 0.18945312500000014 0.742919921875 0.18945312500000014 0.742919921875 0.29199218750000017 0.830322265625 0.29199218750000017
17 0.88818359375 0.15266927083333348 0.814453125 0.15266927083333348 0.814453125 0.26953125000000017 0.88818359375 0.26953125000000017
14 0.844482421875 0.08496093750000012 0.761474609375 0.08496093750000011 0.761474609375 0.20247395833333348 0.844482421875 0.20247395833333348
0 0.559326171875 0.1761067708333334 0.4853515625 0.1761067708333334 0.4853515625 0.28092447916666674 0.559326171875 0.28092447916666674
20 0.763427734375 0.4029947916666668 0.679443359375 0.4029947916666668 0.679443359375 0.5117187500000001 0.763427734375 0.5117187500000001
31 0.764404296875 0.5208333333333335 0.684326171875 0.5208333333333335 0.684326171875 0.6315104166666669 0.764404296875 0.6315104166666669
1 0.76220703125 0.6119791666666669 0.668701171875 0.6119791666666669 0.668701171875 0.7307942708333334 0.76220703125 0.7307942708333334
6 0.71435546875 0.4739583333333335 0.628662109375 0.4739583333333335 0.628662109375 0.5843098958333335 0.71435546875 0.5843098958333335
15 0.661376953125 0.5221354166666669 0.58154296875 0.5221354166666669 0.58154296875 0.6370442708333335 0.661376953125 0.6370442708333335
31 0.614990234375 0.5839843750000001 0.541259765625 0.5839843750000001 0.541259765625 0.6917317708333334 0.614990234375 0.6917317708333334
12 0.6748046875 0.6500651041666669 0.5869140625 0.6500651041666669 0.5869140625 0.748046875 0.6748046875 0.748046875
17 0.61083984375 0.6875 0.533935546875 0.6875 0.533935546875 0.8024088541666666 0.61083984375 0.8024088541666666
23 0.4724121093750001 0.8902994791666666 0.3850097656250001 0.8902994791666666 0.3850097656250001 0.9993489583333334 0.4724121093750001 0.9993489583333334
10 0.48168945312500006 0.5498046875000001 0.413818359375 0.5498046875 0.41381835937500006 0.6761067708333334 0.4816894531250001 0.6761067708333334
32 0.35864257812500006 0.5970052083333334 0.279296875 0.5970052083333334 0.27929687500000006 0.7138671875 0.3586425781250001 0.7138671875
24 0.2924804687500001 0.6569010416666666 0.20605468750000006 0.6569010416666666 0.20605468750000006 0.7552083333333334 0.2924804687500001 0.7552083333333334
8 0.30834960937500006 0.5651041666666666 0.22583007812500006 0.5651041666666666 0.22583007812500006 0.658203125 0.3083496093750001 0.658203125
26 0.3642578125 0.4928385416666667 0.291259765625 0.4928385416666667 0.291259765625 0.6031901041666666 0.3642578125 0.6031901041666666
1 0.269287109375 0.490234375 0.18212890625000006 0.490234375 0.18212890625000006 0.5921223958333334 0.269287109375 0.5921223958333334
21 0.306884765625 0.4368489583333333 0.23779296875000006 0.4368489583333333 0.23779296875000006 0.5377604166666666 0.306884765625 0.5377604166666666
29 0.23999023437500006 0.33300781250000006 0.16357421875000006 0.3330078125 0.16357421875000006 0.435546875 0.23999023437500006 0.435546875
32 0.16235351562500006 0.5182291666666666 0.08227539062500006 0.5182291666666666 0.08227539062500006 0.62109375 0.16235351562500006 0.62109375
18 0.402587890625 0.0569661458333334 0.3369140625 0.05696614583333339 0.3369140625 0.16666666666666674 0.402587890625 0.16666666666666674
19 0.07861328125000001 0.11848958333333333 0.0017089843750000108 0.11848958333333333 0.0017089843750000156 0.22298177083333334 0.07861328125000003 0.22298177083333334
5 0.11474609375000001 0.08072916666666667 0.037597656250000014 0.08072916666666667 0.037597656250000014 0.18131510416666666 0.11474609375000003 0.18131510416666666
27 0.14111328125 0.16145833333333334 0.06567382812500003 0.16145833333333334 0.06567382812500003 0.2705078125 0.14111328125 0.2705078125
8 0.09375000000000003 0.201171875 0.012451171875000017 0.201171875 0.012451171875000023 0.2998046875 0.09375000000000003 0.2998046875