14 0.5668402777777778 0.07907196969696985 0.515625 0.07907196969696983 0.515625 0.1704545454545456 0.5668402777777778 0.1704545454545456
16 0.6019965277777778 0.11931818181818198 0.5642361111111112 0.11931818181818198 0.5642361111111112 0.23106060606060622 0.6019965277777778 0.23106060606060622
10 0.6510416666666666 0.08001893939393956 0.599609375 0.08001893939393956 0.599609375 0.16856060606060622 0.6510416666666666 0.16856060606060622
16 0.7020399305555556 0.11410984848484866 0.6451822916666666 0.11410984848484865 0.6451822916666666 0.21780303030303047 0.7020399305555556 0.21780303030303047
9 0.6723090277777778 0.014678030303030474 0.6202256944444444 0.014678030303030469 0.6202256944444444 0.11126893939393957 0.6723090277777778 0.11126893939393959
1 0.7243923611111112 1.8665426356322587e-16 0.6727430555555556 1.7975402828393915e-16 0.6727430555555556 0.10179924242424261 0.7243923611111112 0.10179924242424261
17 0.6519097222222222 0.15009469696969713 0.5993923611111112 0.15009469696969713 0.5993923611111112 0.2424242424242426 0.6519097222222222 0.24242424242424265
15 0.5703125 0.15719696969696986 0.5162760416666666 0.15719696969696986 0.5162760416666666 0.27698863636363646 0.5703125 0.27698863636363646
33 0.5243055555555556 0.19223484848484862 0.4735243055555556 0.1922348484848486 0.4735243055555556 0.28929924242424254 0.5243055555555556 0.28929924242424254
15 0.4817708333333333 0.18797348484848495 0.4390190972222222 0.18797348484848495 0.4390190972222222 0.30823863636363646 0.4817708333333333 0.30823863636363646
27 0.5138888888888888 0.3063446969696971 0.4674479166666667 0.3063446969696971 0.4674479166666667 0.3915719696969698 0.5138888888888888 0.3915719696969698
30 0.5477430555555556 0.2656250000000001 0.5088975694444444 0.2656250000000001 0.5088975694444444 0.3759469696969698 0.5477430555555556 0.3759469696969698
31 0.6006944444444444 0.23153409090909108 0.5579427083333334 0.23153409090909108 0.5579427083333334 0.344223484848485 0.6006944444444444 0.344223484848485
32 0.6477864583333334 0.22159090909090925 0.5952690972222222 0.22159090909090925 0.5952690972222222 0.30965909090909105 0.6477864583333334 0.3096590909090911
27 0.6414930555555556 0.2926136363636365 0.591796875 0.29261363636363646 0.591796875 0.38257575757575774 0.6414930555555556 0.3825757575757578
13 0.6792534722222222 0.2907196969696972 0.6388888888888888 0.2907196969696972 0.6388888888888888 0.4015151515151517 0.6792534722222222 0.4015151515151517
12 0.7261284722222222 0.2978219696969699 0.6746961805555556 0.2978219696969699 0.6746961805555556 0.4166666666666669 0.7261284722222222 0.4166666666666669
16 0.8255208333333334 0.3366477272727275 0.763671875 0.3366477272727275 0.763671875 0.44365530303030326 0.8255208333333334 0.44365530303030326
13 0.4752604166666667 0.33238636363636376 0.4231770833333333 0.33238636363636376 0.4231770833333333 0.45549242424242437 0.4752604166666667 0.45549242424242437
3 0.4407552083333333 0.36363636363636376 0.3845486111111111 0.36363636363636376 0.3845486111111111 0.47869318181818193 0.4407552083333333 0.47869318181818193
5 0.3943142361111111 0.4114583333333334 0.3413628472222222 0.4114583333333334 0.3413628472222222 0.5388257575757576 0.3943142361111111 0.5388257575757576
7 0.4249131944444444 0.46306818181818193 0.3708767361111111 0.46306818181818193 0.3708767361111111 0.5733901515151516 0.4249131944444444 0.5733901515151517
2 0.5143229166666666 0.4010416666666668 0.4782986111111111 0.4010416666666668 0.4782986111111111 0.5075757575757578 0.5143229166666666 0.5075757575757578
8 0.5473090277777778 0.3702651515151516 0.5121527777777778 0.3702651515151516 0.5121527777777778 0.47679924242424254 0.5473090277777778 0.47679924242424254
4 0.5826822916666666 0.33428030303030315 0.5442708333333334 0.33428030303030315 0.5442708333333334 0.44365530303030315 0.5826822916666666 0.44365530303030315
28 0.6312934027777778 0.3617424242424244 0.5794270833333334 0.36174242424242437 0.5794270833333334 0.4512310606060608 0.6312934027777778 0.45123106060606083
12 0.7200520833333334 0.4157196969696972 0.6675347222222222 0.4157196969696972 0.6675347222222222 0.5274621212121214 0.7200520833333334 0.5274621212121214
10 0.7536892361111112 0.45928030303030326 0.7072482638888888 0.45928030303030326 0.7072482638888888 0.5743371212121214 0.7536892361111112 0.5743371212121214
28 0.6714409722222222 0.4275568181818184 0.6178385416666666 0.4275568181818184 0.6178385416666666 0.5416666666666669 0.6714409722222222 0.5416666666666669
33 0.6208767361111112 0.4299242424242426 0.5698784722222222 0.42992424242424254 0.5698784722222222 0.5160984848484851 0.6208767361111112 0.5160984848484851
4 0.5729166666666666 0.465909090909091 0.5197482638888888 0.465909090909091 0.5197482638888888 0.5397727272727275 0.5729166666666666 0.5397727272727275
9 0.4926215277777778 0.4990530303030305 0.4555121527777778 0.4990530303030305 0.4555121527777778 0.6046401515151517 0.4926215277777778 0.6046401515151517
3 0.4615885416666667 0.5392992424242427 0.4116753472222222 0.5392992424242427 0.4116753472222222 0.6178977272727275 0.4615885416666667 0.6178977272727275
6 0.5243055555555556 0.5298295454545456 0.4867621527777778 0.5298295454545456 0.4867621527777778 0.6330492424242427 0.5243055555555556 0.6330492424242427
29 0.57421875 0.5392992424242427 0.5177951388888888 0.5392992424242427 0.5177951388888888 0.6141098484848487 0.57421875 0.6141098484848487
28 0.6059027777777778 0.50094696969697 0.5659722222222222 0.50094696969697 0.5659722222222222 0.6065340909090912 0.6059027777777778 0.6065340909090912
32 0.6388888888888888 0.513257575757576 0.6028645833333334 0.513257575757576 0.6028645833333334 0.6207386363636366 0.6388888888888888 0.6207386363636366
31 0.7020399305555556 0.5160984848484851 0.6434461805555556 0.5160984848484851 0.6434461805555556 0.6283143939393941 0.7020399305555556 0.6283143939393941
22 0.7584635416666666 0.5714962121212124 0.7146267361111112 0.5714962121212124 0.7146267361111112 0.6841856060606063 0.7584635416666666 0.6841856060606063
17 0.7265625 0.581912878787879 0.6773003472222222 0.581912878787879 0.6773003472222222 0.6998106060606063 0.7265625 0.6998106060606063
30 0.6605902777777778 0.6008522727272729 0.6089409722222222 0.6008522727272729 0.6089409722222222 0.6969696969696972 0.6605902777777778 0.6969696969696972
3 0.599609375 0.5956439393939396 0.5596788194444444 0.5956439393939396 0.5596788194444444 0.7045454545454548 0.599609375 0.7045454545454548
30 0.5638020833333334 0.6122159090909093 0.525390625 0.6122159090909093 0.525390625 0.7144886363636366 0.5638020833333334 0.7144886363636366
0 0.4364149305555556 0.6122159090909092 0.3836805555555556 0.6122159090909091 0.3836805555555556 0.7007575757575759 0.4364149305555556 0.700757575757576
15 0.4583333333333333 0.6827651515151517 0.4051649305555556 0.6827651515151517 0.4051649305555556 0.785037878787879 0.4583333333333333 0.785037878787879
17 0.5171440972222222 0.7088068181818183 0.4633246527777778 0.7088068181818183 0.4633246527777778 0.8172348484848487 0.5171440972222222 0.8172348484848487
6 0.5648871527777778 0.7035984848484851 0.5128038194444444 0.7035984848484851 0.5128038194444444 0.8248106060606063 0.5648871527777778 0.8248106060606063
0 0.6204427083333334 0.68844696969697 0.5737847222222222 0.68844696969697 0.5737847222222222 0.8096590909090912 0.6204427083333334 0.8096590909090912
33 0.6666666666666666 0.6927083333333336 0.6150173611111112 0.6927083333333336 0.6150173611111112 0.7798295454545456 0.6666666666666666 0.7798295454545456
6 0.7272135416666666 0.7277462121212124 0.6840277777777778 0.7277462121212124 0.6840277777777778 0.838068181818182 0.7272135416666666 0.838068181818182
29 0.7790798611111112 0.6988636363636366 0.720703125 0.6988636363636366 0.720703125 0.8271780303030305 0.7790798611111112 0.8271780303030305
13 0.5236545138888888 0.8196022727272729 0.4683159722222222 0.8196022727272729 0.4683159722222222 0.9251893939393941 0.5236545138888888 0.9251893939393941
11 0.4242621527777778 0.722064393939394 0.3713107638888889 0.7220643939393939 0.3713107638888889 0.8475378787878789 0.4242621527777778 0.847537878787879
1 0.4880642361111111 0.7656250000000002 0.4370659722222222 0.7656250000000002 0.43706597222222227 0.8982007575757578 0.4880642361111111 0.8982007575757578
31 0.4463975694444444 0.8418560606060607 0.3980034722222222 0.8418560606060606 0.39800347222222227 0.9360795454545455 0.4463975694444444 0.9360795454545456
17 0.5360243055555556 1.3690298734786464e-16 0.4887152777777778 1.3058260377271968e-16 0.4887152777777778 0.10132575757575771 0.5360243055555556 0.10132575757575771
17 0.6304253472222222 1.609668330697468e-16 0.5744357638888888 1.5348674608631839e-16 0.5744357638888888 0.0658143939393941 0.6304253472222222 0.0658143939393941
17 0.6712239583333334 1.743034222650068e-16 0.6334635416666666 1.6925871243897367e-16 0.6334635416666666 0.03219696969696987 0.6712239583333334 0.03219696969696987
17 0.5141059027777778 0.9261363636363639 0.4585503472222222 0.9261363636363639 0.4585503472222222 1 0.5141059027777778 1
17 0.97265625 0.8873106060606063 0.9210069444444444 0.8873106060606063 0.9210069444444444 1.0000000000000004 0.97265625 1.0000000000000004
17 0.9997829861111112 0.9152462121212124 0.9654947916666666 0.9152462121212124 0.9654947916666666 1.0000000000000004 0.9997829861111112 1.0000000000000004
17 0.9650607638888888 0.7608901515151517 0.8993055555555556 0.7608901515151517 0.8993055555555556 0.8835227272727275 0.9650607638888888 0.8835227272727275
17 1 0.8030303030303032 0.9392361111111112 0.8030303030303032 0.9392361111111112 0.935132575757576 1 0.935132575757576
17 0.9997829861111112 0.744318181818182 0.9565972222222222 0.744318181818182 0.9565972222222222 0.8650568181818183 0.9997829861111112 0.8650568181818183
17 0.9850260416666666 0.6680871212121214 0.9201388888888888 0.6680871212121214 0.9201388888888888 0.7845643939393941 0.9850260416666666 0.7845643939393941
17 0.9997829861111112 0.6098484848484851 0.947265625 0.6098484848484851 0.947265625 0.7215909090909093 0.9997829861111112 0.7215909090909093
17 1 0.5572916666666669 0.9848090277777778 0.5572916666666669 0.9848090277777778 0.6373106060606063 1 0.6373106060606063
17 1 0.7125946969696972 0.9852430555555556 0.7125946969696972 0.9852430555555556 0.763257575757576 1 0.763257575757576
5 0.40169270833333337 0.7964015151515151 0.3420138888888889 0.7964015151515151 0.34201388888888895 0.9166666666666666 0.4016927083333334 0.9166666666666666