0 0.15161132812500006 0.3499348958333333 0.07397460937500003 0.3499348958333333 0.07397460937500003 0.4479166666666667 0.15161132812500006 0.4479166666666667
31 0.30224609375000006 0.5494791666666666 0.22631835937500006 0.5494791666666666 0.22631835937500006 0.6334635416666666 0.3022460937500001 0.6334635416666666
31 0.058105468750000076 0.7350260416666666 6.751104669127743e-17 0.7350260416666666 7.219017813821495e-17 0.8369140625 0.05810546875000008 0.8369140625
15 0.11743164062500007 0.7132161458333334 0.04394531250000007 0.7132161458333334 0.04394531250000007 0.814453125 0.11743164062500008 0.814453125
12 0.09130859375000008 0.8310546875 0.012207031250000076 0.8310546875 0.01220703125000008 0.9039713541666666 0.09130859375000008 0.9039713541666666
1 0.16308593750000008 0.8336588541666666 0.09033203125000008 0.8336588541666666 0.09033203125000008 0.9329427083333334 0.1630859375000001 0.9329427083333334
20 0.24511718750000006 0.6666666666666666 0.15942382812500006 0.6666666666666666 0.15942382812500006 0.7604166666666666 0.24511718750000006 0.7604166666666666
31 0.20776367187500006 0.7633463541666666 0.12036132812500008 0.7633463541666666 0.12036132812500008 0.86328125 0.20776367187500006 0.86328125
4 0.3549804687500001 0.6253255208333334 0.2702636718750001 0.6253255208333334 0.2702636718750001 0.7255859375 0.3549804687500001 0.7255859375
20 0.37451171875 0.2825520833333334 0.304443359375 0.2825520833333334 0.304443359375 0.3828125 0.37451171875 0.3828125
23 0.4453125 0.29980468750000006 0.3857421875 0.29980468750000006 0.3857421875 0.40234375 0.4453125 0.40234375
14 0.40478515625 0.4322916666666667 0.33203125 0.4322916666666667 0.33203125 0.5260416666666666 0.40478515625 0.5260416666666666
18 0.53662109375 0.20670572916666674 0.454833984375 0.20670572916666674 0.454833984375 0.2981770833333334 0.53662109375 0.2981770833333334
25 0.5390625 0.34863281250000017 0.464599609375 0.34863281250000017 0.464599609375 0.4479166666666668 0.5390625 0.4479166666666668
33 0.61376953125 0.32584635416666674 0.52978515625 0.32584635416666674 0.52978515625 0.4088541666666668 0.61376953125 0.4088541666666668
22 0.691162109375 0.3118489583333334 0.615234375 0.3118489583333334 0.615234375 0.4205729166666668 0.691162109375 0.4205729166666668
15 0.61376953125 0.4085286458333335 0.536376953125 0.4085286458333335 0.536376953125 0.4934895833333335 0.61376953125 0.4934895833333335
2 0.36083984375 0.4967447916666667 0.285888671875 0.4967447916666667 0.285888671875 0.6018880208333334 0.36083984375 0.6018880208333334
17 0.40966796875000006 0.5159505208333334 0.353271484375 0.5159505208333334 0.35327148437500006 0.6106770833333334 0.4096679687500001 0.6106770833333334
13 0.4511718750000001 0.6383463541666666 0.3898925781250001 0.6383463541666666 0.3898925781250001 0.7376302083333334 0.4511718750000001 0.7376302083333334
22 0.4584960937500001 0.7425130208333334 0.3913574218750001 0.7425130208333334 0.3913574218750001 0.8460286458333334 0.4584960937500001 0.8460286458333334
5 0.4609375 0.4983723958333334 0.404541015625 0.4983723958333333 0.404541015625 0.5911458333333334 0.4609375 0.5911458333333335
17 0.5048828125 0.5895182291666667 0.4345703125 0.5895182291666666 0.43457031250000006 0.66796875 0.5048828125 0.66796875
33 0.52197265625 0.6852213541666666 0.4460449218750001 0.6852213541666666 0.4460449218750001 0.763671875 0.52197265625 0.763671875
33 0.515380859375 0.4680989583333335 0.454833984375 0.4680989583333335 0.454833984375 0.5683593750000001 0.515380859375 0.5683593750000001
2 0.58056640625 0.5113932291666669 0.52001953125 0.5113932291666669 0.52001953125 0.6074218750000001 0.58056640625 0.6074218750000001
30 0.5732421875 0.5992838541666669 0.504638671875 0.5992838541666669 0.504638671875 0.6712239583333334 0.5732421875 0.6712239583333334
27 0.59033203125 0.6708984375 0.52001953125 0.6708984375 0.52001953125 0.7408854166666666 0.59033203125 0.7408854166666666
6 0.66357421875 0.6253255208333335 0.5908203125 0.6253255208333335 0.5908203125 0.716796875 0.66357421875 0.716796875
30 0.718017578125 0.5895182291666669 0.650146484375 0.5895182291666669 0.650146484375 0.6888020833333334 0.718017578125 0.6888020833333334
0 0.5771484375 0.7405598958333334 0.4980468750000001 0.7405598958333334 0.4980468750000001 0.8385416666666666 0.5771484375 0.8385416666666666
6 0.646484375 0.7307942708333334 0.576171875 0.7307942708333334 0.576171875 0.8125 0.646484375 0.8125
28 0.72119140625 0.7438151041666666 0.64453125 0.7438151041666666 0.64453125 0.8525390625 0.72119140625 0.8525390625
7 0.822265625 0.5787760416666669 0.756103515625 0.5787760416666669 0.756103515625 0.6865234375 0.822265625 0.6865234375
11 0.82470703125 0.7080078125 0.742919921875 0.7080078125 0.742919921875 0.7972005208333334 0.82470703125 0.7972005208333334
6 0.17041015625000006 0.69921875 0.09692382812500006 0.69921875 0.09692382812500007 0.7906901041666666 0.17041015625000006 0.7906901041666666
33 0.06250000000000001 0.15006510416666666 1.3783256211106686e-17 0.15006510416666666 1.8492286261539014e-17 0.2526041666666667 0.06250000000000003 0.2526041666666667