33 0.21899414062500003 0.2669270833333333 0.06030273437500003 0.2669270833333333 0.060302734375000035 0.4886067708333333 0.21899414062500006 0.4886067708333333
32 0.28320312500000006 0.3935546875 0.13110351562500006 0.3935546875 0.13110351562500006 0.6136067708333334 0.2832031250000001 0.6136067708333334
32 0.16333007812500006 0.556640625 5.1126611976122414e-17 0.556640625 6.006629442107013e-17 0.7513020833333334 0.16333007812500006 0.7513020833333334
29 0.356689453125 0.25781250000000006 0.188232421875 0.2578125 0.18823242187500003 0.4716796875 0.356689453125 0.4716796875
31 0.43017578125000006 0.4280598958333333 0.26611328125 0.4280598958333333 0.26611328125000006 0.6051432291666666 0.4301757812500001 0.6051432291666666
28 0.468505859375 0.2171223958333334 0.296875 0.2171223958333334 0.296875 0.42838541666666674 0.468505859375 0.4283854166666668
28 0.4248046875 0.06933593750000006 0.2587890625 0.06933593750000004 0.2587890625 0.28515625000000006 0.4248046875 0.28515625000000006
29 0.6005859375 0.38574218750000006 0.4326171875 0.3857421875 0.4326171875 0.5602213541666667 0.6005859375 0.5602213541666669
27 0.745361328125 0.2275390625000001 0.5654296875 0.22753906250000008 0.5654296875 0.45410156250000017 0.745361328125 0.45410156250000017
27 0.77197265625 0.06835937500000011 0.58251953125 0.0683593750000001 0.58251953125 0.2913411458333334 0.77197265625 0.2913411458333335
33 0.796875 0.36230468750000017 0.608154296875 0.36230468750000017 0.608154296875 0.5888671875000001 0.796875 0.5888671875000001