31 0.28971354166666674 0.489013671875 0.06217447916666674 0.489013671875 0.06217447916666676 0.654052734375 0.28971354166666674 0.654052734375
32 0.5133463541666669 0.57373046875 0.27929687500000006 0.57373046875 0.2792968750000001 0.73876953125 0.5133463541666669 0.73876953125
28 0.7392578125 0.606689453125 0.5211588541666669 0.606689453125 0.5211588541666669 0.7578125 0.7392578125 0.7578125
29 0.6783854166666666 0.49658203125000006 0.48535156250000017 0.49658203125 0.48535156250000017 0.6103515625 0.6783854166666666 0.6103515625
32 0.9700520833333334 0.4499511718750001 0.8043619791666666 0.4499511718750001 0.8043619791666666 0.598876953125 0.9700520833333334 0.598876953125
28 0.8170572916666666 0.3957519531250001 0.66796875 0.3957519531250001 0.66796875 0.53515625 0.8170572916666666 0.53515625
27 0.6868489583333334 0.33642578125000006 0.5237630208333334 0.33642578125 0.5237630208333334 0.48413085937500006 0.6868489583333334 0.4841308593750001
31 0.9407552083333334 0.2753906250000001 0.7255859375 0.2753906250000001 0.7255859375 0.4343261718750001 0.9407552083333334 0.4343261718750001
29 0.4654947916666667 0.260986328125 0.2542317708333334 0.260986328125 0.2542317708333334 0.41748046875 0.4654947916666667 0.41748046875
31 0.5875651041666666 0.20214843750000006 0.3971354166666667 0.20214843750000006 0.3971354166666667 0.360595703125 0.5875651041666666 0.360595703125
33 0.6796875 0.14184570312500006 0.4912109375 0.14184570312500006 0.4912109375 0.29956054687500006 0.6796875 0.2995605468750001
29 0.4010416666666667 0.17456054687500003 0.2021484375 0.174560546875 0.20214843750000003 0.3251953125 0.4010416666666667 0.3251953125
28 0.25000000000000006 0.392333984375 0.045898437500000056 0.392333984375 0.045898437500000076 0.517578125 0.25000000000000006 0.517578125
32 0.5458984375000001 0.353515625 0.3427734375 0.353515625 0.34277343750000006 0.5107421875 0.5458984375000001 0.5107421875