14 0.587890625 0.05566406250000009 0.524169921875 0.05566406250000009 0.524169921875 0.17871093750000008 0.587890625 0.17871093750000008
2 0.5830078125 0.5048828125000001 0.506103515625 0.5048828125000001 0.506103515625 0.6279296875000001 0.5830078125 0.6279296875000001
13 0.5283203125 0.16308593750000008 0.460693359375 0.16308593750000008 0.460693359375 0.2805989583333334 0.5283203125 0.2805989583333334
17 0.59423828125 0.2249348958333334 0.5126953125 0.2249348958333334 0.5126953125 0.31542968750000006 0.59423828125 0.31542968750000006
22 0.4404296875 0.2639973958333334 0.369384765625 0.2639973958333334 0.369384765625 0.3782552083333333 0.4404296875 0.3782552083333333
30 0.456787109375 0.38346354166666674 0.390625 0.3834635416666667 0.390625 0.5019531250000001 0.456787109375 0.5019531250000001
30 0.51220703125 0.5126953125000001 0.438720703125 0.5126953125 0.43872070312500006 0.6191406250000001 0.51220703125 0.6191406250000001
6 0.43969726562500006 0.5494791666666666 0.361328125 0.5494791666666666 0.36132812500000006 0.6595052083333334 0.4396972656250001 0.6595052083333334
11 0.4934082031250001 0.6526692708333334 0.4157714843750001 0.6526692708333334 0.4157714843750001 0.775390625 0.4934082031250001 0.775390625
7 0.56103515625 0.6276041666666669 0.4785156250000001 0.6276041666666669 0.4785156250000001 0.7158203125 0.56103515625 0.7158203125
28 0.4135742187500001 0.6396484375 0.3303222656250001 0.6396484375 0.3303222656250001 0.75390625 0.4135742187500001 0.75390625
6 0.3835449218750001 0.7600911458333334 0.2971191406250001 0.7600911458333334 0.2971191406250001 0.880859375 0.3835449218750001 0.880859375
0 0.22558593750000006 0.6025390625 0.14819335937500006 0.6025390625 0.14819335937500006 0.7102864583333334 0.22558593750000006 0.7102864583333334
27 0.4140625 0.4700520833333333 0.32568359375 0.4700520833333333 0.32568359375 0.5777994791666666 0.4140625 0.5777994791666666
33 0.364501953125 0.40625 0.276611328125 0.40625 0.276611328125 0.5139973958333334 0.364501953125 0.5139973958333334
17 0.369140625 0.31054687500000006 0.286376953125 0.31054687500000006 0.286376953125 0.4267578125 0.369140625 0.4267578125
5 0.528564453125 0.31347656250000006 0.441162109375 0.31347656250000006 0.441162109375 0.4231770833333334 0.528564453125 0.4231770833333335
33 0.5419921875 0.3841145833333335 0.455322265625 0.3841145833333335 0.455322265625 0.4908854166666668 0.5419921875 0.4908854166666668
15 0.60498046875 0.39550781250000017 0.53466796875 0.39550781250000017 0.53466796875 0.5130208333333335 0.60498046875 0.5130208333333335
4 0.6982421875 0.5136718750000001 0.60498046875 0.5136718750000001 0.60498046875 0.6236979166666669 0.6982421875 0.6236979166666669
33 0.748046875 0.38476562500000017 0.66259765625 0.38476562500000017 0.66259765625 0.5029296875000001 0.748046875 0.5029296875000001
25 0.690673828125 0.2949218750000001 0.60498046875 0.29492187500000006 0.60498046875 0.4137369791666668 0.690673828125 0.4137369791666668
23 0.65771484375 0.1513671875000001 0.584716796875 0.1513671875000001 0.584716796875 0.27636718750000006 0.65771484375 0.27636718750000006
20 0.718017578125 0.14778645833333345 0.650146484375 0.14778645833333345 0.650146484375 0.2623697916666668 0.718017578125 0.2623697916666668
18 0.81298828125 0.19466145833333348 0.720703125 0.19466145833333348 0.720703125 0.31542968750000017 0.81298828125 0.31542968750000017