1 0.22802734375 0.10579427083333337 0.161865234375 0.10579427083333337 0.161865234375 0.20247395833333337 0.22802734375 0.2024739583333334
21 0.2744140625 0.062174479166666706 0.205078125 0.062174479166666706 0.205078125 0.1461588541666667 0.2744140625 0.1461588541666667
29 0.28515625 4.050264153430048e-17 0.2109375 3.444319122601931e-17 0.2109375 0.07128906250000004 0.28515625 0.07128906250000006
32 0.38525390625 5.718606228440359e-17 0.315185546875 5.146546281573024e-17 0.315185546875 0.08984375000000006 0.38525390625 0.08984375000000007
0 0.5634765625 0.12304687500000007 0.492431640625 0.12304687500000007 0.492431640625 0.21549479166666674 0.5634765625 0.21549479166666674
21 0.28515625 0.11230468750000004 0.210693359375 0.11230468750000004 0.210693359375 0.20149739583333337 0.28515625 0.2014973958333334
26 0.2939453125 0.19140625000000003 0.218994140625 0.19140625 0.218994140625 0.29036458333333337 0.2939453125 0.2903645833333334
8 0.2216796875 0.18815104166666666 0.155517578125 0.18815104166666666 0.155517578125 0.2740885416666667 0.2216796875 0.2740885416666667
14 0.168701171875 0.15559895833333334 0.09765625000000003 0.15559895833333334 0.09765625000000003 0.24153645833333334 0.168701171875 0.24153645833333334
24 0.17529296875000003 0.2555338541666667 0.10327148437500003 0.2555338541666667 0.10327148437500003 0.326171875 0.17529296875000006 0.326171875
32 0.24365234375000003 0.26302083333333337 0.169189453125 0.2630208333333333 0.16918945312500003 0.3447265625 0.24365234375000006 0.3447265625
15 0.454345703125 0.45605468750000006 0.397216796875 0.4560546875 0.397216796875 0.5455729166666667 0.454345703125 0.5455729166666669
20 0.5830078125 0.4583333333333335 0.511962890625 0.4583333333333335 0.511962890625 0.5390625000000001 0.5830078125 0.5390625000000001
12 0.40869140625000006 0.54296875 0.337646484375 0.54296875 0.33764648437500006 0.6214192708333334 0.4086914062500001 0.6214192708333334
0 0.3737792968750001 0.7099609375 0.2971191406250001 0.7099609375 0.2971191406250001 0.8014322916666666 0.3737792968750001 0.8014322916666666
4 0.6953125 0.4573567708333335 0.629150390625 0.4573567708333335 0.629150390625 0.5585937500000001 0.6953125 0.5585937500000001
22 0.781494140625 0.6178385416666669 0.719482421875 0.6178385416666669 0.719482421875 0.7200520833333334 0.781494140625 0.7200520833333334
6 0.9921875 0.6875000000000001 0.90283203125 0.6875 0.90283203125 0.7773437500000001 0.9921875 0.7773437500000003
6 0.999755859375 0.5953776041666669 0.9384765625 0.5953776041666669 0.9384765625 0.6855468750000003 0.999755859375 0.6855468750000003
30 0.948974609375 0.5169270833333335 0.856689453125 0.5169270833333335 0.856689453125 0.6168619791666669 0.948974609375 0.6168619791666669
2 0.97021484375 0.4436848958333335 0.8916015625 0.4436848958333335 0.8916015625 0.5527343750000001 0.97021484375 0.5527343750000001
17 0.882080078125 0.48144531250000017 0.790771484375 0.48144531250000017 0.790771484375 0.5904947916666669 0.882080078125 0.5904947916666669
33 0.92138671875 0.3753255208333335 0.8349609375 0.3753255208333335 0.8349609375 0.49121093750000017 0.92138671875 0.49121093750000017
5 0.851318359375 0.3821614583333335 0.775390625 0.3821614583333335 0.775390625 0.49707031250000017 0.851318359375 0.49707031250000017
25 0.960693359375 0.2542317708333335 0.870849609375 0.2542317708333335 0.870849609375 0.3782552083333335 0.960693359375 0.3782552083333335
18 0.989990234375 0.12369791666666681 0.900390625 0.12369791666666681 0.900390625 0.22330729166666682 0.989990234375 0.22330729166666682
20 0.803955078125 0.13118489583333345 0.72607421875 0.13118489583333345 0.72607421875 0.24739583333333348 0.803955078125 0.24739583333333348
23 0.882568359375 0.18261718750000014 0.798583984375 0.18261718750000014 0.798583984375 0.2981770833333335 0.882568359375 0.2981770833333335
14 1 0.3414713541666668 0.934814453125 0.3414713541666668 0.934814453125 0.45703125000000017 1 0.45703125000000017
31 0.676025390625 0.3577473958333335 0.59423828125 0.3577473958333335 0.59423828125 0.4615885416666668 0.676025390625 0.4615885416666668
2 0.7392578125 0.3434244791666668 0.663818359375 0.3434244791666668 0.663818359375 0.4524739583333335 0.7392578125 0.4524739583333335
14 0.802978515625 0.2991536458333335 0.722900390625 0.2991536458333335 0.722900390625 0.3909505208333335 0.802978515625 0.3909505208333335
17 0.799072265625 0.38085937500000017 0.7197265625 0.38085937500000017 0.7197265625 0.4918619791666668 0.799072265625 0.4918619791666668
13 0.79638671875 0.5162760416666669 0.734375 0.5162760416666669 0.734375 0.6171875000000001 0.79638671875 0.6171875000000001
33 0.873046875 0.5699869791666669 0.780517578125 0.5699869791666669 0.780517578125 0.6845703125 0.873046875 0.6845703125
0 0.90673828125 0.6582031250000001 0.81787109375 0.6582031250000001 0.81787109375 0.7721354166666669 0.90673828125 0.772135416666667
27 0.94677734375 0.5957031250000001 0.8603515625 0.5957031250000001 0.8603515625 0.6907552083333335 0.94677734375 0.6907552083333336
23 0.18139648437500006 0.5358072916666666 0.11718750000000006 0.5358072916666666 0.11718750000000006 0.6402994791666666 0.18139648437500006 0.6402994791666666
31 0.33227539062500006 0.6028645833333334 0.27001953125 0.6028645833333334 0.27001953125000006 0.7014973958333334 0.3322753906250001 0.7014973958333334
10 0.347412109375 0.32584635416666674 0.27099609375 0.32584635416666674 0.27099609375 0.4329427083333333 0.347412109375 0.4329427083333333
1 0.47119140625000006 0.5748697916666667 0.41259765625 0.5748697916666666 0.41259765625000006 0.6790364583333334 0.4711914062500001 0.6790364583333334
31 0.53125 0.5332031250000001 0.451416015625 0.533203125 0.45141601562500006 0.6240234375000001 0.53125 0.6240234375000001
6 0.514892578125 0.46972656250000006 0.443603515625 0.4697265625 0.443603515625 0.5455729166666667 0.514892578125 0.5455729166666669
31 0.409423828125 0.4560546875 0.333740234375 0.4560546875 0.333740234375 0.546875 0.409423828125 0.546875
17 0.35156250000000006 0.51171875 0.28515625 0.51171875 0.28515625000000006 0.6145833333333334 0.3515625000000001 0.6145833333333334
32 0.16552734375 0.04427083333333335 0.07861328125 0.04427083333333335 0.07861328125 0.14420572916666669 0.16552734375 0.1442057291666667