1 0.988037109375 0.14192708333333348 0.8828125 0.14192708333333348 0.8828125 0.24576822916666682 0.988037109375 0.24576822916666682
32 0.8232421875 0.3424479166666668 0.723388671875 0.3424479166666668 0.723388671875 0.4641927083333335 0.8232421875 0.4641927083333335
28 0.7333984375 0.2939453125000001 0.638671875 0.29394531250000006 0.638671875 0.3929036458333335 0.7333984375 0.3929036458333335
3 0.775390625 0.11621093750000011 0.675048828125 0.11621093750000011 0.675048828125 0.2552083333333334 0.775390625 0.2552083333333335
8 0.590576171875 0.15071614583333343 0.51025390625 0.1507161458333334 0.51025390625 0.27311197916666674 0.590576171875 0.27311197916666674
3 0.60693359375 0.4290364583333335 0.511962890625 0.4290364583333335 0.511962890625 0.5276692708333335 0.60693359375 0.5276692708333335
5 0.635009765625 0.5136718750000001 0.558349609375 0.5136718750000001 0.558349609375 0.6406250000000001 0.635009765625 0.6406250000000001
16 0.554443359375 0.5761718750000001 0.45751953125 0.5761718750000001 0.45751953125000006 0.7054036458333334 0.554443359375 0.7054036458333334
24 0.4970703125000001 0.6761067708333334 0.4182128906250001 0.6761067708333334 0.4182128906250001 0.8046875 0.4970703125000001 0.8046875
7 0.46533203125000006 0.5787760416666667 0.381591796875 0.5787760416666666 0.38159179687500006 0.7083333333333334 0.4653320312500001 0.7083333333333334
9 0.501220703125 0.49707031250000006 0.411376953125 0.4970703125 0.41137695312500006 0.6080729166666667 0.501220703125 0.6080729166666669
29 0.534912109375 0.37662760416666674 0.440185546875 0.3766276041666667 0.440185546875 0.49381510416666674 0.534912109375 0.4938151041666668
9 0.441162109375 0.4205729166666667 0.34716796875 0.4205729166666667 0.34716796875 0.5533854166666666 0.441162109375 0.5533854166666666
27 0.376708984375 0.4007161458333333 0.284912109375 0.4007161458333333 0.284912109375 0.4889322916666667 0.376708984375 0.4889322916666667
16 0.271484375 0.3893229166666667 0.17285156250000006 0.3893229166666667 0.17285156250000006 0.5009765625 0.271484375 0.5009765625
16 0.27001953125000006 0.5120442708333334 0.17724609375000006 0.5120442708333334 0.17724609375000006 0.6318359375 0.2700195312500001 0.6318359375
23 0.2954101562500001 0.6158854166666666 0.21411132812500006 0.6158854166666666 0.21411132812500006 0.7389322916666666 0.2954101562500001 0.7389322916666666
28 0.3015136718750001 0.7154947916666666 0.19995117187500006 0.7154947916666666 0.19995117187500006 0.8255208333333334 0.3015136718750001 0.8255208333333334
33 0.19409179687500006 0.5462239583333334 0.09448242187500006 0.5462239583333334 0.09448242187500006 0.6507161458333334 0.19409179687500006 0.6507161458333334
26 0.13598632812500006 0.455078125 0.03588867187500004 0.455078125 0.03588867187500005 0.5475260416666666 0.13598632812500006 0.5475260416666666
30 0.509521484375 0.036132812500000076 0.41748046875 0.03613281250000006 0.41748046875 0.15429687500000008 0.509521484375 0.15429687500000008
25 0.56201171875 0.05273437500000008 0.48388671875 0.052734375000000076 0.48388671875 0.1731770833333334 0.56201171875 0.1731770833333334
19 0.57763671875 8.676574734193406e-17 0.485107421875 7.921136685891246e-17 0.485107421875 0.08007812500000008 0.57763671875 0.0800781250000001
15 0.507568359375 0.20084635416666674 0.4189453125 0.20084635416666674 0.4189453125 0.32324218750000006 0.507568359375 0.32324218750000006
9 0.459228515625 0.13281250000000008 0.3681640625 0.13281250000000008 0.3681640625 0.2473958333333334 0.459228515625 0.2473958333333334
18 0.422119140625 0.2337239583333334 0.33154296875 0.2337239583333334 0.33154296875 0.3531901041666667 0.422119140625 0.3531901041666667
13 0.456298828125 0.3421223958333334 0.362548828125 0.3421223958333333 0.362548828125 0.4368489583333334 0.456298828125 0.4368489583333335