3 0.2096354166666667 0.199462890625 0.11328125000000004 0.199462890625 0.11328125000000004 0.267578125 0.20963541666666674 0.267578125
27 0.3131510416666667 0.18554687500000003 0.21647135416666666 0.185546875 0.2164713541666667 0.257080078125 0.31315104166666674 0.257080078125
1 0.5660807291666666 0.14404296875000006 0.4661458333333333 0.14404296875000006 0.4661458333333333 0.21850585937500006 0.5660807291666666 0.21850585937500006
23 0.626953125 0.17065429687500006 0.5361328125 0.17065429687500006 0.5361328125 0.25048828125000006 0.626953125 0.2504882812500001
29 0.69140625 0.21606445312500006 0.5963541666666666 0.21606445312500006 0.5963541666666666 0.26953125000000006 0.69140625 0.2695312500000001
10 0.7477213541666666 0.2995605468750001 0.6598307291666666 0.2995605468750001 0.6598307291666666 0.3552246093750001 0.7477213541666666 0.3552246093750001
11 0.6608072916666666 0.26611328125000006 0.5657552083333334 0.26611328125 0.5657552083333334 0.33081054687500006 0.6608072916666666 0.3308105468750001
32 0.4925130208333333 0.24877929687500006 0.4065755208333333 0.24877929687500006 0.4065755208333333 0.320068359375 0.4925130208333333 0.320068359375
24 0.412109375 0.24584960937500006 0.3264973958333334 0.24584960937500006 0.3264973958333334 0.314453125 0.412109375 0.314453125
3 0.26725260416666674 0.2470703125 0.17578125000000008 0.2470703125 0.17578125000000008 0.321044921875 0.26725260416666674 0.321044921875
8 0.3499348958333333 0.280029296875 0.26269531250000006 0.280029296875 0.26269531250000006 0.3515625 0.3499348958333333 0.3515625
28 0.3714192708333333 0.345703125 0.27636718750000006 0.345703125 0.27636718750000006 0.4013671875 0.3714192708333333 0.4013671875
22 0.34635416666666674 0.39892578125 0.27343750000000006 0.39892578125 0.27343750000000006 0.46533203125 0.3463541666666668 0.46533203125
10 0.5647786458333334 0.308837890625 0.4847005208333333 0.308837890625 0.4847005208333333 0.38623046875 0.5647786458333334 0.38623046875
28 0.6217447916666666 0.32519531250000006 0.5514322916666666 0.3251953125 0.5514322916666666 0.39208984375000006 0.6217447916666666 0.3920898437500001
26 0.5061848958333334 0.34912109375 0.4111328125 0.34912109375 0.4111328125 0.41552734375 0.5061848958333334 0.41552734375
14 0.4293619791666667 0.377197265625 0.3509114583333333 0.377197265625 0.3509114583333333 0.447021484375 0.4293619791666667 0.447021484375
5 0.3802083333333335 0.45654296875 0.2845052083333334 0.45654296875 0.2845052083333334 0.511474609375 0.3802083333333335 0.511474609375
12 0.3375651041666668 0.50634765625 0.2649739583333334 0.50634765625 0.2649739583333334 0.5771484375 0.3375651041666668 0.5771484375
26 0.4388020833333334 0.450439453125 0.3675130208333333 0.450439453125 0.3675130208333334 0.513671875 0.4388020833333335 0.513671875
19 0.685546875 0.3701171875000001 0.6129557291666666 0.3701171875000001 0.6129557291666666 0.4316406250000001 0.685546875 0.4316406250000001
4 0.7666015625 0.3593750000000001 0.67578125 0.3593750000000001 0.67578125 0.4284667968750001 0.7666015625 0.4284667968750001
20 0.5625000000000001 0.386474609375 0.4847005208333333 0.386474609375 0.4847005208333334 0.45458984375 0.5625000000000001 0.45458984375
10 0.6162109375000001 0.41479492187500006 0.5348307291666666 0.414794921875 0.5348307291666667 0.48437500000000006 0.6162109375000001 0.4843750000000001
6 0.5305989583333334 0.44287109375 0.4485677083333333 0.44287109375 0.4485677083333334 0.5126953125 0.5305989583333335 0.5126953125
4 0.5032552083333335 0.527099609375 0.4319661458333335 0.527099609375 0.4319661458333335 0.599365234375 0.5032552083333335 0.599365234375
31 0.5944010416666669 0.508544921875 0.5006510416666669 0.508544921875 0.5006510416666669 0.57666015625 0.5944010416666669 0.57666015625
32 0.6383463541666669 0.46679687500000006 0.5556640625000001 0.466796875 0.5556640625000001 0.5419921875 0.6383463541666669 0.5419921875
19 0.7216796875 0.4570312500000001 0.6419270833333335 0.4570312500000001 0.6419270833333335 0.52880859375 0.7216796875 0.52880859375