4 0.343994140625 0.2093098958333334 0.245361328125 0.2093098958333334 0.24536132812500003 0.3336588541666667 0.343994140625 0.3336588541666667
12 0.404541015625 0.21777343750000008 0.334228515625 0.21777343750000008 0.334228515625 0.33203125000000006 0.404541015625 0.33203125000000006
5 0.37548828125 0.31933593750000006 0.28759765625 0.31933593750000006 0.28759765625 0.4319661458333333 0.37548828125 0.4319661458333333
31 0.354736328125 0.4596354166666667 0.266845703125 0.4596354166666667 0.266845703125 0.5940755208333334 0.354736328125 0.5940755208333334
29 0.544677734375 0.8349609375 0.4792480468750001 0.8349609375 0.4792480468750001 0.9632161458333334 0.544677734375 0.9632161458333334
7 0.755126953125 0.9114583333333334 0.6572265625 0.9114583333333334 0.6572265625 0.9996744791666666 0.755126953125 0.9996744791666666
26 0.49072265625000006 0.5397135416666667 0.413330078125 0.5397135416666666 0.41333007812500006 0.6614583333333334 0.4907226562500001 0.6614583333333335
19 0.26318359375 0.396484375 0.16772460937500006 0.396484375 0.16772460937500006 0.5052083333333334 0.26318359375 0.5052083333333334
22 0.4541015625 0.29980468750000006 0.365234375 0.29980468750000006 0.365234375 0.43717447916666674 0.4541015625 0.4371744791666668
8 0.52880859375 0.38736979166666674 0.429443359375 0.3873697916666667 0.429443359375 0.5130208333333334 0.52880859375 0.5130208333333335
32 0.28759765625000006 0.5208333333333334 0.19458007812500006 0.5208333333333334 0.19458007812500006 0.6097005208333334 0.2875976562500001 0.6097005208333334
23 0.2861328125000001 0.630859375 0.18920898437500006 0.630859375 0.18920898437500006 0.7659505208333334 0.2861328125000001 0.7659505208333334
10 0.3618164062500001 0.6744791666666666 0.2570800781250001 0.6744791666666666 0.2570800781250001 0.7978515625 0.3618164062500001 0.7978515625
19 0.3522949218750001 0.8108723958333334 0.23950195312500006 0.8108723958333334 0.23950195312500008 0.9641927083333334 0.3522949218750001 0.9641927083333334
6 0.4118652343750001 0.7568359375 0.3188476562500001 0.7568359375 0.3188476562500001 0.8909505208333334 0.4118652343750001 0.8909505208333334
14 0.4777832031250001 0.8466796875 0.3981933593750001 0.8466796875 0.3981933593750001 0.9847005208333334 0.4777832031250001 0.9847005208333334
24 0.693359375 0.8577473958333334 0.59033203125 0.8577473958333334 0.59033203125 0.9993489583333334 0.693359375 0.9993489583333334
28 0.656005859375 0.7633463541666666 0.562744140625 0.7633463541666666 0.562744140625 0.9065755208333334 0.656005859375 0.9065755208333334