4 0.2705078125 0.12304687500000004 0.182373046875 0.12304687500000004 0.182373046875 0.22460937500000003 0.2705078125 0.22460937500000008
22 0.13867187500000006 0.3811848958333333 0.05786132812500004 0.3811848958333333 0.05786132812500004 0.4954427083333333 0.13867187500000006 0.4954427083333333
2 0.314453125 0.3922526041666667 0.23022460937500006 0.3922526041666667 0.23022460937500006 0.5009765625 0.314453125 0.5009765625
26 0.11328125000000008 0.9098307291666666 0.014648437500000083 0.9098307291666666 0.014648437500000087 0.9996744791666666 0.11328125000000008 0.9996744791666666
14 0.47216796875000006 0.5299479166666667 0.39306640625 0.5299479166666666 0.39306640625000006 0.6409505208333334 0.4721679687500001 0.6409505208333335
29 0.50634765625 0.45084635416666674 0.424072265625 0.4508463541666667 0.424072265625 0.5520833333333334 0.50634765625 0.5520833333333335
28 0.581298828125 0.6666666666666666 0.4948730468750001 0.6666666666666666 0.4948730468750001 0.7864583333333334 0.581298828125 0.7864583333333334
10 0.61962890625 0.6210937500000001 0.529052734375 0.6210937500000001 0.529052734375 0.7213541666666666 0.61962890625 0.7213541666666666
1 0.6650390625 0.7034505208333334 0.582763671875 0.7034505208333334 0.582763671875 0.7972005208333334 0.6650390625 0.7972005208333334
26 0.588623046875 0.8121744791666666 0.506103515625 0.8121744791666666 0.506103515625 0.9264322916666666 0.588623046875 0.9264322916666666
32 0.66357421875 0.7815755208333334 0.581787109375 0.7815755208333334 0.581787109375 0.8841145833333334 0.66357421875 0.8841145833333334
11 0.635009765625 0.5462239583333335 0.55419921875 0.5462239583333335 0.55419921875 0.6204427083333335 0.635009765625 0.6204427083333335
11 0.56494140625 0.5006510416666669 0.491455078125 0.5006510416666669 0.49145507812500006 0.6149088541666669 0.56494140625 0.6149088541666669
27 0.62109375 0.4300130208333335 0.52978515625 0.4300130208333335 0.52978515625 0.5162760416666669 0.62109375 0.5162760416666669
24 0.55126953125 0.35839843750000017 0.467041015625 0.35839843750000017 0.467041015625 0.4381510416666668 0.55126953125 0.4381510416666668
19 0.5634765625 0.2727864583333334 0.486572265625 0.2727864583333334 0.486572265625 0.3675130208333335 0.5634765625 0.3675130208333335
30 0.62841796875 0.32389322916666674 0.54931640625 0.32389322916666674 0.54931640625 0.43164062500000017 0.62841796875 0.43164062500000017
4 0.54296875 0.20865885416666674 0.459716796875 0.20865885416666674 0.459716796875 0.29264322916666674 0.54296875 0.29264322916666674
25 0.723388671875 0.18424479166666677 0.6376953125 0.18424479166666674 0.6376953125 0.2962239583333334 0.723388671875 0.2962239583333335
3 0.688720703125 0.2965494791666668 0.614501953125 0.29654947916666674 0.614501953125 0.4055989583333335 0.688720703125 0.4055989583333335
20 0.7626953125 0.3043619791666668 0.679443359375 0.30436197916666674 0.679443359375 0.4173177083333335 0.7626953125 0.4173177083333335
28 0.790283203125 0.15462239583333345 0.70556640625 0.15462239583333345 0.70556640625 0.2688802083333335 0.790283203125 0.2688802083333335
16 0.774169921875 0.4397786458333335 0.686767578125 0.4397786458333335 0.686767578125 0.5247395833333335 0.774169921875 0.5247395833333335
7 0.769287109375 0.5224609375000001 0.679443359375 0.5224609375000001 0.679443359375 0.6344401041666669 0.769287109375 0.6344401041666669
10 0.826171875 0.5602213541666669 0.743896484375 0.5602213541666669 0.743896484375 0.6692708333333334 0.826171875 0.6692708333333334
12 0.88720703125 0.4908854166666668 0.80322265625 0.4908854166666668 0.80322265625 0.6009114583333335 0.88720703125 0.6009114583333335
31 0.05834960937500007 0.6982421875 6.413250449636408e-17 0.6982421875 6.94993038236822e-17 0.8151041666666666 0.05834960937500007 0.8151041666666666
29 0.3100585937500001 0.9215494791666666 0.2194824218750001 0.9215494791666666 0.2194824218750001 1 0.3100585937500001 1
30 0.056884765625000035 0.2747395833333333 2.5234421349618315e-17 0.2747395833333333 3.027233603849353e-17 0.3844401041666667 0.05688476562500004 0.3844401041666667
29 0.82861328125 0.6435546875000001 0.74072265625 0.6435546875000001 0.74072265625 0.7688802083333334 0.82861328125 0.7688802083333334