10 0.6106770833333334 0.13352272727272743 0.5546875 0.13352272727272743 0.5546875 0.31107954545454564 0.6106770833333334 0.3110795454545457
5 0.6414930555555556 0.27793560606060624 0.57421875 0.2779356060606062 0.57421875 0.45501893939393956 0.6414930555555556 0.4550189393939396
4 0.5818142361111112 0.297348484848485 0.5045572916666666 0.297348484848485 0.5045572916666666 0.4322916666666668 0.5818142361111112 0.4322916666666668
5 0.505859375 0.3390151515151516 0.4353298611111111 0.3390151515151516 0.4353298611111111 0.5151515151515154 0.505859375 0.5151515151515154
18 0.5651041666666666 0.4133522727272728 0.48828125 0.4133522727272728 0.48828125 0.5482954545454548 0.5651041666666666 0.5482954545454548
14 0.626953125 0.4554924242424244 0.5601128472222222 0.45549242424242437 0.5601128472222222 0.6273674242424244 0.626953125 0.6273674242424244
26 0.7076822916666666 0.23721590909090928 0.6243489583333334 0.23721590909090925 0.6243489583333334 0.3716856060606063 0.7076822916666666 0.3716856060606063
12 0.7745225694444444 0.21922348484848503 0.6948784722222222 0.219223484848485 0.6948784722222222 0.3513257575757578 0.7745225694444444 0.3513257575757578
13 0.77734375 0.09848484848484869 0.6948784722222222 0.09848484848484867 0.6948784722222222 0.2353219696969699 0.77734375 0.23532196969696992
3 0.8541666666666666 0.04876893939393961 0.7677951388888888 0.048768939393939593 0.7677951388888888 0.2391098484848487 0.8541666666666666 0.2391098484848487
29 0.9090711805555556 2.325785185312516e-16 0.8318142361111112 2.222571581975286e-16 0.8318142361111112 0.17187500000000025 0.9090711805555556 0.17187500000000028
3 0.8448350694444444 0.2547348484848487 0.7625868055555556 0.2547348484848487 0.7625868055555556 0.4498106060606063 0.8448350694444444 0.4498106060606063
30 0.7756076388888888 0.33475378787878807 0.6946614583333334 0.33475378787878807 0.6946614583333334 0.4862689393939396 0.7756076388888888 0.4862689393939396
26 0.7174479166666666 0.3844696969696972 0.6499565972222222 0.3844696969696972 0.6499565972222222 0.556818181818182 0.7174479166666666 0.556818181818182
12 0.6744791666666666 0.41193181818181834 0.6028645833333334 0.4119318181818183 0.6028645833333334 0.5951704545454548 0.6744791666666666 0.5951704545454548
27 0.5787760416666666 0.509943181818182 0.5013020833333334 0.509943181818182 0.5013020833333334 0.65719696969697 0.5787760416666666 0.65719696969697
8 0.5132378472222222 0.5468750000000002 0.4353298611111111 0.5468750000000002 0.4353298611111111 0.6922348484848487 0.5132378472222222 0.6922348484848487
24 0.4657118055555556 0.6571969696969698 0.3865017361111111 0.6571969696969697 0.3865017361111111 0.8139204545454547 0.4657118055555556 0.8139204545454548
16 0.4171006944444445 0.7324810606060607 0.3324652777777778 0.7324810606060606 0.33246527777777785 0.919034090909091 0.41710069444444453 0.9190340909090912
1 0.4661458333333333 0.7840909090909092 0.3854166666666667 0.7840909090909091 0.38541666666666674 0.9720643939393939 0.4661458333333333 0.9720643939393939
9 0.5054253472222222 0.8361742424242427 0.4270833333333333 0.8361742424242427 0.42708333333333337 0.9995265151515151 0.5054253472222222 0.9995265151515151
30 0.5362413194444444 0.6344696969696972 0.4555121527777778 0.6344696969696972 0.4555121527777778 0.806818181818182 0.5362413194444444 0.806818181818182
16 0.5896267361111112 0.622632575757576 0.5275607638888888 0.622632575757576 0.5275607638888888 0.7883522727272729 0.5896267361111112 0.7883522727272729
15 0.63671875 0.6051136363636366 0.572265625 0.6051136363636366 0.572265625 0.7722537878787881 0.63671875 0.7722537878787881
27 0.5713975694444444 0.7391098484848487 0.4891493055555556 0.7391098484848487 0.4891493055555556 0.9237689393939396 0.5713975694444444 0.9237689393939396
27 0.6310763888888888 0.7561553030303032 0.5705295138888888 0.7561553030303032 0.5705295138888888 0.9176136363636366 0.6310763888888888 0.9176136363636366
31 0.6391059027777778 0.888257575757576 0.5622829861111112 0.888257575757576 0.5622829861111112 0.9990530303030303 0.6391059027777778 0.9990530303030303
32 0.6868489583333334 0.8513257575757578 0.6254340277777778 0.8513257575757578 0.6254340277777778 0.9990530303030303 0.6868489583333334 0.9990530303030303
20 0.701171875 0.6354166666666669 0.6263020833333334 0.6354166666666669 0.6263020833333334 0.8191287878787881 0.701171875 0.8191287878787881
7 0.7330729166666666 0.5383522727272729 0.6538628472222222 0.5383522727272729 0.6538628472222222 0.7249053030303032 0.7330729166666666 0.7249053030303032
13 0.7795138888888888 0.4985795454545457 0.7026909722222222 0.4985795454545457 0.7026909722222222 0.6813446969696972 0.7795138888888888 0.6813446969696972
22 0.8324652777777778 0.41429924242424265 0.75 0.41429924242424265 0.75 0.603693181818182 0.8324652777777778 0.603693181818182
32 0.8802083333333334 0.4422348484848487 0.7977430555555556 0.4422348484848487 0.7977430555555556 0.644412878787879 0.8802083333333334 0.644412878787879
9 0.7892795138888888 0.7817234848484851 0.6955295138888888 0.7817234848484851 0.6955295138888888 0.9763257575757576 0.7892795138888888 0.9763257575757576
10 0.8298611111111112 0.6827651515151517 0.7369791666666666 0.6827651515151517 0.7369791666666666 0.8721590909090912 0.8298611111111112 0.8721590909090912
29 0.8626302083333334 0.5909090909090912 0.7660590277777778 0.5909090909090912 0.7660590277777778 0.7840909090909093 0.8626302083333334 0.7840909090909093
6 0.9366319444444444 0.6548295454545456 0.8454861111111112 0.6548295454545456 0.8454861111111112 0.8058712121212124 0.9366319444444444 0.8058712121212124
22 0.9379340277777778 0.5482954545454548 0.8485243055555556 0.5482954545454548 0.8485243055555556 0.6931818181818183 0.9379340277777778 0.6931818181818183
9 0.9900173611111112 0.5071022727272729 0.9168836805555556 0.5071022727272729 0.9168836805555556 0.697443181818182 0.9900173611111112 0.697443181818182
28 0.94921875 0.4015151515151517 0.8565538194444444 0.4015151515151517 0.8565538194444444 0.5800189393939396 0.94921875 0.5800189393939396
19 0.9943576388888888 0.6993371212121214 0.8921440972222222 0.6993371212121214 0.8921440972222222 0.916193181818182 0.9943576388888888 0.916193181818182
33 0.39279513888888895 0.8768939393939394 0.3094618055555556 0.8768939393939394 0.3094618055555556 0.9995265151515151 0.392795138888889 0.9995265151515151
19 1 0.5928030303030305 0.9539930555555556 0.5928030303030305 0.9539930555555556 0.7703598484848487 1 0.7703598484848487