32 0.30224609375 0.09602864583333337 0.21484375 0.09602864583333337 0.21484375 0.18847656250000003 0.30224609375 0.18847656250000008
17 0.388427734375 0.08496093750000006 0.293701171875 0.08496093750000004 0.293701171875 0.1819661458333334 0.388427734375 0.1819661458333334
8 0.37548828125 0.1565755208333334 0.283935546875 0.15657552083333337 0.283935546875 0.2600911458333334 0.37548828125 0.2600911458333334
1 0.28271484375 0.1686197916666667 0.194580078125 0.16861979166666666 0.194580078125 0.25911458333333337 0.28271484375 0.2591145833333334
21 0.35107421875 0.30631510416666674 0.265380859375 0.30631510416666674 0.265380859375 0.40234375 0.35107421875 0.40234375
31 0.27197265625 0.3411458333333333 0.18627929687500006 0.3411458333333333 0.18627929687500006 0.4674479166666667 0.27197265625 0.4674479166666667
31 0.35595703125 0.4052734375 0.28076171875 0.4052734375 0.28076171875 0.521484375 0.35595703125 0.521484375
21 0.42431640625 0.4485677083333333 0.331298828125 0.4485677083333333 0.331298828125 0.5660807291666666 0.42431640625 0.5660807291666666
0 0.494140625 0.29980468750000006 0.400390625 0.29980468750000006 0.400390625 0.42187500000000006 0.494140625 0.42187500000000017
17 0.92236328125 0.3050130208333335 0.8173828125 0.3050130208333335 0.8173828125 0.4368489583333335 0.92236328125 0.4368489583333335
18 0.5302734375 0.02636718750000008 0.44677734375 0.026367187500000073 0.44677734375 0.16015625000000008 0.5302734375 0.16015625000000008
12 0.46630859375 0.0520833333333334 0.379638671875 0.05208333333333339 0.379638671875 0.1555989583333334 0.46630859375 0.1555989583333334
32 0.56591796875 0.15787760416666674 0.47802734375 0.15787760416666674 0.47802734375 0.28092447916666674 0.56591796875 0.28092447916666674
29 0.46044921875 0.1341145833333334 0.368408203125 0.1341145833333334 0.368408203125 0.2483723958333334 0.46044921875 0.2483723958333334
15 0.568359375 0.26236979166666674 0.4794921875 0.26236979166666674 0.4794921875 0.3815104166666668 0.568359375 0.3815104166666668
2 0.425537109375 0.3444010416666667 0.33203125 0.3444010416666667 0.33203125 0.4596354166666667 0.425537109375 0.4596354166666667
4 0.493408203125 0.4739583333333334 0.402587890625 0.4739583333333333 0.402587890625 0.5800781250000001 0.493408203125 0.5800781250000001
0 0.42187500000000006 0.572265625 0.328857421875 0.572265625 0.32885742187500006 0.6852213541666666 0.4218750000000001 0.6852213541666666
1 0.33789062500000006 0.5390625 0.24414062500000006 0.5390625 0.24414062500000006 0.6695963541666666 0.3378906250000001 0.6695963541666666
20 0.305908203125 0.4671223958333333 0.20825195312500006 0.4671223958333333 0.20825195312500006 0.5817057291666666 0.305908203125 0.5817057291666666
14 0.266357421875 0.23535156250000003 0.180419921875 0.2353515625 0.18041992187500003 0.33040364583333337 0.266357421875 0.3304036458333334
24 0.36328125 0.22037760416666674 0.266845703125 0.22037760416666674 0.266845703125 0.32975260416666674 0.36328125 0.32975260416666674
13 0.864990234375 0.03906250000000013 0.76318359375 0.03906250000000012 0.76318359375 0.17545572916666682 0.864990234375 0.17545572916666682
5 0.961181640625 0.09472656250000015 0.87841796875 0.09472656250000015 0.87841796875 0.22558593750000014 0.961181640625 0.22558593750000014
22 0.91064453125 0.18717447916666682 0.8046875 0.18717447916666682 0.8046875 0.31347656250000017 0.91064453125 0.31347656250000017
33 0.995849609375 0.3499348958333335 0.8896484375 0.3499348958333335 0.8896484375 0.4798177083333335 0.995849609375 0.4798177083333335
30 0.999755859375 0.21419270833333348 0.91552734375 0.21419270833333348 0.91552734375 0.3180338541666668 0.999755859375 0.3180338541666668
30 0.4326171875 6.43617271231576e-17 0.355712890625 5.808302038924784e-17 0.355712890625 0.05664062500000006 0.4326171875 0.056640625000000076
30 0.505126953125 7.600225008380304e-17 0.42578125 6.952421932659453e-17 0.42578125 0.05240885416666674 0.505126953125 0.05240885416666674
30 0.790771484375 1.2208596427046776e-16 0.70458984375 1.1504982624802284e-16 0.70458984375 0.04101562500000012 0.790771484375 0.04101562500000013
30 0.9052734375 1.411014760931659e-16 0.822998046875 1.3438425650799896e-16 0.822998046875 0.10416666666666681 0.9052734375 0.10416666666666681
30 0.999755859375 0.01464843750000016 0.962158203125 0.014648437500000158 0.962158203125 0.11197916666666681 0.999755859375 0.11197916666666681
30 0.999755859375 0.08593750000000015 0.9267578125 0.08593750000000015 0.9267578125 0.22102864583333348 0.999755859375 0.22102864583333348
30 1 0.31933593750000017 0.958740234375 0.31933593750000017 0.958740234375 0.4182942708333335 1 0.4182942708333335
30 0.960693359375 1.5381834877962442e-16 0.92333984375 1.5076869122315398e-16 0.92333984375 0.00944010416666682 0.960693359375 0.009440104166666824