11 0.6098090277777778 0.030303030303030457 0.5531684027777778 0.03030303030303045 0.5531684027777778 0.14820075757575774 0.6098090277777778 0.14820075757575774
23 0.6762152777777778 0.0530303030303032 0.6228298611111112 0.05303030303030319 0.6228298611111112 0.18134469696969713 0.6762152777777778 0.18134469696969713
10 0.7348090277777778 0.13494318181818202 0.6833767361111112 0.134943181818182 0.6833767361111112 0.26183712121212144 0.7348090277777778 0.26183712121212144
1 0.84375 0.5388257575757578 0.7992621527777778 0.5388257575757578 0.7992621527777778 0.6581439393939396 0.84375 0.6581439393939396
19 0.8051215277777778 0.3072916666666669 0.7517361111111112 0.3072916666666669 0.7517361111111112 0.4294507575757578 0.8051215277777778 0.4294507575757578
28 0.6540798611111112 0.1851325757575759 0.6082899305555556 0.1851325757575759 0.6082899305555556 0.3025568181818184 0.6540798611111112 0.3025568181818184
33 0.7044270833333334 0.35748106060606083 0.6477864583333334 0.35748106060606083 0.6477864583333334 0.47395833333333354 0.7044270833333334 0.47395833333333354
33 0.5455729166666666 0.24763257575757586 0.4895833333333333 0.24763257575757586 0.4895833333333333 0.3612689393939395 0.5455729166666666 0.3612689393939395
32 0.5974392361111112 0.297348484848485 0.5412326388888888 0.297348484848485 0.5412326388888888 0.4024621212121213 0.5974392361111112 0.4024621212121213
11 0.5119357638888888 0.3219696969696971 0.453125 0.3219696969696971 0.453125 0.4360795454545456 0.5119357638888888 0.4360795454545456
14 0.55859375 0.33428030303030315 0.5110677083333334 0.33428030303030315 0.5110677083333334 0.4569128787878789 0.55859375 0.4569128787878789
0 0.5920138888888888 0.42613636363636376 0.5379774305555556 0.42613636363636376 0.5379774305555556 0.5402462121212124 0.5920138888888888 0.5402462121212124
1 0.4724392361111111 0.37736742424242437 0.4116753472222222 0.37736742424242437 0.4116753472222222 0.4900568181818184 0.4724392361111111 0.4900568181818184
25 0.5177951388888888 0.4275568181818183 0.4696180555555556 0.4275568181818183 0.4696180555555556 0.5615530303030305 0.5177951388888888 0.5615530303030305
15 0.5601128472222222 0.45075757575757586 0.501953125 0.45075757575757586 0.501953125 0.5729166666666669 0.5601128472222222 0.5729166666666669
7 0.6334635416666666 0.4824810606060608 0.5733506944444444 0.4824810606060607 0.5733506944444444 0.6003787878787881 0.6334635416666666 0.6003787878787881
31 0.6551649305555556 0.519412878787879 0.6076388888888888 0.519412878787879 0.6076388888888888 0.634943181818182 0.6551649305555556 0.634943181818182
31 0.556640625 0.6647727272727275 0.5030381944444444 0.6647727272727275 0.5030381944444444 0.7845643939393941 0.556640625 0.7845643939393941
7 0.5868055555555556 0.628787878787879 0.5327690972222222 0.628787878787879 0.5327690972222222 0.7410037878787881 0.5868055555555556 0.7410037878787881
5 0.7298177083333334 0.4375000000000002 0.6690538194444444 0.4375000000000002 0.6690538194444444 0.5544507575757578 0.7298177083333334 0.5544507575757578
16 0.763671875 0.49810606060606083 0.7046440972222222 0.49810606060606083 0.7046440972222222 0.6245265151515154 0.763671875 0.6245265151515154
22 0.7797309027777778 0.6155303030303032 0.7194010416666666 0.6155303030303032 0.7194010416666666 0.7267992424242427 0.7797309027777778 0.7267992424242427
3 0.8083767361111112 0.5340909090909093 0.7575954861111112 0.5340909090909093 0.7575954861111112 0.6605113636363639 0.8083767361111112 0.6605113636363639
3 0.3865017361111111 0.4625946969696971 0.326171875 0.4625946969696971 0.326171875 0.5823863636363636 0.3865017361111111 0.5823863636363636
9 0.4850260416666667 0.46117424242424254 0.4348958333333333 0.46117424242424254 0.4348958333333333 0.5871212121212124 0.4850260416666667 0.5871212121212124
14 0.4340277777777778 0.4237689393939395 0.3719618055555556 0.4237689393939395 0.3719618055555556 0.547348484848485 0.4340277777777778 0.5473484848484851
33 0.4583333333333333 0.4966856060606063 0.4032118055555556 0.4966856060606063 0.4032118055555556 0.6283143939393941 0.4583333333333333 0.6283143939393941
3 0.4303385416666667 0.584753787878788 0.3823784722222222 0.5847537878787878 0.3823784722222222 0.7073863636363638 0.4303385416666667 0.7073863636363639
30 0.4934895833333333 0.5615530303030305 0.4318576388888889 0.5615530303030305 0.4318576388888889 0.6841856060606063 0.4934895833333333 0.6841856060606063
2 0.5258246527777778 0.53219696969697 0.4769965277777778 0.53219696969697 0.4769965277777778 0.660037878787879 0.5258246527777778 0.660037878787879
27 0.5744357638888888 0.5392992424242427 0.517578125 0.5392992424242427 0.517578125 0.6500946969696972 0.5744357638888888 0.6500946969696972
29 0.5106336805555556 0.644412878787879 0.4602864583333333 0.644412878787879 0.4602864583333333 0.7660984848484851 0.5106336805555556 0.7660984848484851
23 0.5375434027777778 0.7874053030303032 0.4806857638888889 0.7874053030303032 0.4806857638888889 0.9010416666666669 0.5375434027777778 0.9010416666666669
28 0.5779079861111112 0.7589962121212124 0.5384114583333334 0.7589962121212124 0.5384114583333334 0.8835227272727275 0.5779079861111112 0.8835227272727275
17 0.6024305555555556 0.8920454545454548 0.5431857638888888 0.8920454545454548 0.5431857638888888 1 0.6024305555555556 1
13 0.7098524305555556 0.8669507575757578 0.6549479166666666 0.8669507575757578 0.6549479166666666 0.9607007575757578 0.7098524305555556 0.9607007575757578
9 0.6221788194444444 0.5795454545454548 0.5616319444444444 0.5795454545454548 0.5616319444444444 0.7031250000000002 0.6221788194444444 0.7031250000000002
25 0.4450954861111111 0.17992424242424254 0.3834635416666667 0.17992424242424254 0.3834635416666667 0.2732007575757577 0.4450954861111111 0.2732007575757577
19 0.482421875 0.20454545454545464 0.4357638888888889 0.20454545454545464 0.4357638888888889 0.31865530303030315 0.482421875 0.31865530303030315
16 0.5260416666666666 0.147253787878788 0.4685329861111111 0.14725378787878798 0.4685329861111111 0.250473484848485 0.5260416666666666 0.250473484848485
21 0.5737847222222222 0.13636363636363652 0.5193142361111112 0.13636363636363652 0.5193142361111112 0.23863636363636379 0.5737847222222222 0.23863636363636379
0 0.6540798611111112 0.28977272727272746 0.5959201388888888 0.2897727272727274 0.5959201388888888 0.42850378787878807 0.6540798611111112 0.42850378787878807
4 0.6916232638888888 0.23248106060606077 0.6388888888888888 0.23248106060606077 0.6388888888888888 0.37831439393939414 0.6916232638888888 0.37831439393939414
12 0.7443576388888888 0.25520833333333354 0.6879340277777778 0.25520833333333354 0.6879340277777778 0.38020833333333354 0.7443576388888888 0.38020833333333354
29 0.76953125 0.34138257575757597 0.7139756944444444 0.34138257575757597 0.7139756944444444 0.4696969696969699 0.76953125 0.4696969696969699
27 0.8270399305555556 0.40956439393939414 0.765625 0.40956439393939414 0.765625 0.5127840909090912 0.8270399305555556 0.5127840909090912
12 0.8927951388888888 0.47585227272727293 0.828125 0.47585227272727293 0.828125 0.5795454545454548 0.8927951388888888 0.5795454545454548
14 0.8849826388888888 0.3702651515151517 0.8226996527777778 0.3702651515151517 0.8226996527777778 0.5085227272727275 0.8849826388888888 0.5085227272727275
24 0.9928385416666666 0.33617424242424265 0.9307725694444444 0.33617424242424265 0.9307725694444444 0.4715909090909093 0.9928385416666666 0.4715909090909093
20 0.9911024305555556 0.4644886363636366 0.9210069444444444 0.4644886363636366 0.9210069444444444 0.5951704545454548 0.9911024305555556 0.5951704545454548
30 0.9396701388888888 0.5497159090909093 0.8754340277777778 0.5497159090909093 0.8754340277777778 0.65719696969697 0.9396701388888888 0.65719696969697
8 0.8927951388888888 0.5672348484848487 0.8346354166666666 0.5672348484848487 0.8346354166666666 0.6671401515151517 0.8927951388888888 0.6671401515151517
32 0.9292534722222222 0.6486742424242427 0.87109375 0.6486742424242427 0.87109375 0.747632575757576 0.9292534722222222 0.747632575757576
28 0.8802083333333334 0.6373106060606063 0.8211805555555556 0.6373106060606063 0.8211805555555556 0.7518939393939396 0.8802083333333334 0.7518939393939396
6 0.8307291666666666 0.6482007575757578 0.7703993055555556 0.6482007575757578 0.7703993055555556 0.759943181818182 0.8307291666666666 0.759943181818182
1 0.6746961805555556 0.4266098484848487 0.6134982638888888 0.4266098484848487 0.6134982638888888 0.5615530303030305 0.6746961805555556 0.5615530303030305
31 0.6167534722222222 0.3636363636363638 0.5631510416666666 0.36363636363636376 0.5631510416666666 0.49100378787878807 0.6167534722222222 0.49100378787878807
9 0.732421875 0.5378787878787881 0.6727430555555556 0.5378787878787881 0.6727430555555556 0.6638257575757578 0.732421875 0.6638257575757578
21 0.703125 0.10464015151515169 0.6501736111111112 0.10464015151515167 0.6501736111111112 0.23816287878787895 0.703125 0.23816287878787895
32 0.6265190972222222 0.1136363636363638 0.5709635416666666 0.1136363636363638 0.5709635416666666 0.24384469696969713 0.6265190972222222 0.24384469696969718
7 0.5926649305555556 0.20123106060606077 0.5327690972222222 0.20123106060606077 0.5327690972222222 0.3248106060606062 0.5926649305555556 0.3248106060606062
33 0.5112847222222222 1.291329745123653e-16 0.4552951388888889 1.2165288752893688e-16 0.4552951388888889 0.08948863636363649 0.5112847222222222 0.08948863636363649
10 0.6195746527777778 0.7026515151515154 0.5759548611111112 0.7026515151515154 0.5759548611111112 0.8271780303030305 0.6195746527777778 0.8271780303030305
3 0.6907552083333334 0.5587121212121214 0.634765625 0.5587121212121214 0.634765625 0.6870265151515154 0.6907552083333334 0.6870265151515154
6 0.7530381944444444 0.8248106060606063 0.6924913194444444 0.8248106060606063 0.6924913194444444 0.935132575757576 0.7530381944444444 0.935132575757576
12 0.7398003472222222 1.8937956657269202e-16 0.677734375 1.8108768720346516e-16 0.677734375 0.11505681818181837 0.7398003472222222 0.11505681818181837
26 0.8758680555555556 0.20454545454545475 0.8127170138888888 0.20454545454545475 0.8127170138888888 0.32954545454545475 0.8758680555555556 0.32954545454545475
24 0.8474392361111112 0.2613636363636366 0.7862413194444444 0.2613636363636366 0.7862413194444444 0.38494318181818205 0.8474392361111112 0.38494318181818205
13 0.8064236111111112 0.2059659090909093 0.7443576388888888 0.2059659090909093 0.7443576388888888 0.3252840909090911 0.8064236111111112 0.3252840909090911
8 0.7643229166666666 0.03929924242424262 0.7018229166666666 0.03929924242424261 0.7018229166666666 0.18087121212121232 0.7643229166666666 0.18087121212121235
11 0.6458333333333334 1.6551866894725945e-16 0.5930989583333334 1.5847347074193732e-16 0.5930989583333334 0.10227272727272743 0.6458333333333334 0.10227272727272743
27 0.6705729166666666 0.888257575757576 0.6117621527777778 0.888257575757576 0.6117621527777778 1 0.6705729166666666 1
30 0.6341145833333334 0.8077651515151517 0.5726996527777778 0.8077651515151517 0.5726996527777778 0.9285037878787881 0.6341145833333334 0.9285037878787881