29 0.70166015625 0.6656901041666669 0.552490234375 0.6656901041666669 0.552490234375 0.8385416666666666 0.70166015625 0.8385416666666666
30 0.55029296875 0.5917968750000001 0.421630859375 0.591796875 0.42163085937500006 0.7981770833333334 0.55029296875 0.7981770833333334
29 0.44628906250000006 0.580078125 0.322998046875 0.580078125 0.32299804687500006 0.787109375 0.4462890625000001 0.787109375
31 0.3493652343750001 0.6513671875 0.18872070312500006 0.6513671875 0.18872070312500006 0.841796875 0.3493652343750001 0.841796875
32 0.25219726562500006 0.5895182291666666 0.09448242187500006 0.5895182291666666 0.09448242187500007 0.7913411458333334 0.2521972656250001 0.7913411458333334
28 0.20190429687500006 0.4850260416666667 0.04638671875000004 0.4850260416666667 0.04638671875000005 0.6725260416666666 0.20190429687500006 0.6725260416666666
33 0.24926757812500006 0.3424479166666667 0.09350585937500003 0.3424479166666667 0.09350585937500004 0.5481770833333334 0.24926757812500006 0.5481770833333334
32 0.36621093750000006 0.458984375 0.22778320312500006 0.458984375 0.22778320312500006 0.6533203125 0.3662109375000001 0.6533203125
28 0.505615234375 0.41406250000000006 0.364501953125 0.4140625 0.36450195312500006 0.6263020833333334 0.505615234375 0.6263020833333335
27 0.62158203125 0.4254557291666668 0.474609375 0.4254557291666668 0.47460937500000006 0.6386718750000001 0.62158203125 0.6386718750000001
27 0.71435546875 0.2552083333333334 0.561279296875 0.2552083333333334 0.561279296875 0.4791666666666668 0.71435546875 0.4791666666666668
29 0.581298828125 0.23795572916666674 0.420654296875 0.23795572916666674 0.420654296875 0.4456380208333334 0.581298828125 0.4456380208333335
32 0.4501953125 0.1370442708333334 0.304443359375 0.13704427083333337 0.304443359375 0.2981770833333334 0.4501953125 0.2981770833333334
33 0.331787109375 0.15332031250000003 0.205078125 0.15332031250000003 0.20507812500000003 0.3564453125 0.331787109375 0.3564453125
33 0.454345703125 0.28613281250000006 0.296142578125 0.28613281250000006 0.296142578125 0.46191406250000006 0.454345703125 0.46191406250000017