25 0.228515625 0.09765625000000004 0.144775390625 0.09765625000000004 0.144775390625 0.21191406250000003 0.228515625 0.21191406250000008
7 0.305419921875 0.18391927083333337 0.224609375 0.18391927083333334 0.224609375 0.27246093750000006 0.305419921875 0.27246093750000006
16 0.3525390625 0.11848958333333338 0.26513671875 0.11848958333333337 0.26513671875 0.21647135416666674 0.3525390625 0.21647135416666674
30 0.378662109375 0.19694010416666674 0.301025390625 0.19694010416666674 0.301025390625 0.2893880208333334 0.378662109375 0.2893880208333334
3 0.380615234375 0.2835286458333334 0.30615234375 0.2835286458333334 0.30615234375 0.3909505208333333 0.380615234375 0.3909505208333333
21 0.29638671875 0.4283854166666667 0.23437500000000006 0.4283854166666667 0.23437500000000006 0.5452473958333334 0.29638671875 0.5452473958333334
19 0.422119140625 0.3929036458333333 0.3427734375 0.3929036458333333 0.3427734375 0.501953125 0.422119140625 0.501953125
23 0.10595703125000008 0.806640625 0.015380859375000073 0.806640625 0.01538085937500008 0.9296875 0.10595703125000008 0.9296875
18 0.47558593750000006 0.5559895833333334 0.410888671875 0.5559895833333334 0.41088867187500006 0.6627604166666667 0.4755859375000001 0.6627604166666669
19 0.48193359375 0.0579427083333334 0.3955078125 0.05794270833333339 0.3955078125 0.15917968750000008 0.48193359375 0.15917968750000008
9 0.564208984375 0.33691406250000017 0.489990234375 0.33691406250000017 0.489990234375 0.44335937500000017 0.564208984375 0.44335937500000017
1 0.61962890625 0.4397786458333335 0.543701171875 0.4397786458333335 0.543701171875 0.5498046875000001 0.61962890625 0.5498046875000001
8 0.655517578125 0.2786458333333334 0.56884765625 0.2786458333333334 0.56884765625 0.4039713541666668 0.655517578125 0.4039713541666668
29 0.62890625 0.19596354166666674 0.5556640625 0.19596354166666674 0.5556640625 0.31835937500000006 0.62890625 0.31835937500000006
27 0.77587890625 0.08235677083333345 0.673095703125 0.08235677083333344 0.673095703125 0.2148437500000001 0.77587890625 0.21484375000000014
3 0.59423828125 0.0026041666666667585 0.528076171875 0.0026041666666667533 0.528076171875 0.11263020833333343 0.59423828125 0.11263020833333344
20 0.2373046875 3.392494876544263e-17 0.17822265625 2.910130740161354e-17 0.17822265625 0.0748697916666667 0.2373046875 0.0748697916666667
32 0.665283203125 0.8056640625 0.587646484375 0.8056640625 0.587646484375 0.9293619791666666 0.665283203125 0.9293619791666666
9 0.4309082031250001 0.8981119791666666 0.3513183593750001 0.8981119791666666 0.3513183593750001 0.9892578125 0.4309082031250001 0.9892578125
9 0.3264160156250001 0.8671875 0.24243164062500006 0.8671875 0.24243164062500008 0.9996744791666666 0.3264160156250001 0.9996744791666666
29 0.22924804687500008 0.8831380208333334 0.13720703125000006 0.8831380208333334 0.13720703125000008 0.9817708333333334 0.2292480468750001 0.9817708333333334
22 0.709228515625 0.16731770833333345 0.624267578125 0.1673177083333334 0.624267578125 0.2685546875000001 0.709228515625 0.26855468750000017
4 0.7470703125 0.33984375000000017 0.658935546875 0.33984375000000017 0.658935546875 0.44921875000000017 0.7470703125 0.44921875000000017
10 0.737548828125 0.44238281250000017 0.64697265625 0.44238281250000017 0.64697265625 0.5559895833333335 0.737548828125 0.5559895833333335
28 0.6923828125 0.5214843750000001 0.604736328125 0.5214843750000001 0.604736328125 0.6425781250000001 0.6923828125 0.6425781250000001
25 0.514404296875 0.26529947916666674 0.432861328125 0.26529947916666674 0.432861328125 0.3597005208333334 0.514404296875 0.3597005208333335
14 0.44189453125 0.2493489583333334 0.363525390625 0.2493489583333334 0.363525390625 0.3600260416666667 0.44189453125 0.3600260416666667
30 0.4814453125 0.3909505208333334 0.4189453125 0.3909505208333333 0.4189453125 0.49576822916666674 0.4814453125 0.4957682291666668
15 0.5419921875 0.5016276041666669 0.460205078125 0.5016276041666669 0.46020507812500006 0.6119791666666669 0.5419921875 0.6119791666666669
11 0.681396484375 0.3776041666666668 0.596923828125 0.3776041666666668 0.596923828125 0.49121093750000017 0.681396484375 0.49121093750000017