13 0.20540364583333334 0.09960937500000001 0.08626302083333333 0.099609375 0.08626302083333336 0.17626953125 0.20540364583333334 0.17626953125
28 0.1588541666666667 0.22705078125 0.062174479166666706 0.22705078125 0.06217447916666671 0.2900390625 0.1588541666666667 0.2900390625
5 0.06412760416666673 0.30859375 5.038911308991714e-17 0.30859375 5.684721144479576e-17 0.3876953125 0.06412760416666673 0.3876953125
21 0.25358072916666674 0.267333984375 0.14876302083333337 0.267333984375 0.14876302083333337 0.3291015625 0.25358072916666674 0.3291015625
18 0.2945963541666667 0.208984375 0.1953125 0.208984375 0.19531250000000003 0.282470703125 0.29459635416666674 0.282470703125
29 0.31315104166666674 0.290771484375 0.2307942708333334 0.290771484375 0.2307942708333334 0.36962890625 0.31315104166666674 0.36962890625
24 0.3824869791666667 0.24414062500000003 0.27734375000000006 0.244140625 0.27734375000000006 0.300537109375 0.3824869791666667 0.300537109375
30 0.3824869791666667 0.2939453125 0.3069661458333334 0.2939453125 0.3069661458333334 0.376953125 0.3824869791666667 0.376953125
24 0.4814453125 0.06469726562500004 0.375 0.06469726562500003 0.375 0.13378906250000006 0.4814453125 0.13378906250000006
9 0.4899088541666667 0.16870117187500006 0.3919270833333333 0.16870117187500006 0.3919270833333333 0.22949218750000006 0.4899088541666667 0.22949218750000006
16 0.4462890625 0.21435546875000006 0.3720703125 0.21435546875000006 0.3720703125 0.276123046875 0.4462890625 0.276123046875
12 0.4446614583333333 0.278076171875 0.3694661458333333 0.278076171875 0.3694661458333333 0.354736328125 0.4446614583333333 0.354736328125
31 0.6158854166666666 0.11352539062500006 0.513671875 0.11352539062500006 0.513671875 0.17309570312500006 0.6158854166666666 0.17309570312500006
14 0.6357421875 0.16552734375000006 0.5533854166666666 0.16552734375000006 0.5533854166666666 0.23461914062500006 0.6357421875 0.23461914062500006
21 0.638671875 0.23242187500000006 0.5348307291666666 0.23242187500000006 0.5348307291666666 0.28344726562500006 0.638671875 0.2834472656250001
30 0.6555989583333334 0.27685546875000006 0.5504557291666666 0.27685546875 0.5504557291666666 0.34521484375000006 0.6555989583333334 0.3452148437500001
27 0.6002604166666669 0.723876953125 0.4869791666666668 0.723876953125 0.4869791666666668 0.8037109375 0.6002604166666669 0.8037109375
3 0.3626302083333335 0.808837890625 0.22786458333333348 0.808837890625 0.22786458333333348 0.890625 0.3626302083333335 0.890625
22 0.8496093750000001 0.847900390625 0.7119140625 0.847900390625 0.7119140625000001 0.947998046875 0.8496093750000003 0.947998046875
15 0.931640625 0.78125 0.7998046875 0.78125 0.7998046875 0.88427734375 0.931640625 0.88427734375
1 0.5706380208333335 0.47216796875 0.45800781250000017 0.47216796875 0.45800781250000017 0.556396484375 0.5706380208333335 0.556396484375
8 0.47135416666666674 0.4521484375 0.3541666666666667 0.4521484375 0.35416666666666674 0.5234375 0.4713541666666668 0.5234375
32 0.1575520833333334 0.34814453125 0.04915364583333339 0.34814453125 0.0491536458333334 0.41943359375 0.1575520833333334 0.41943359375
27 0.07096354166666671 0.22802734375 3.7233727552201426e-17 0.22802734375 4.263540858359682e-17 0.294189453125 0.07096354166666673 0.294189453125
13 0.11848958333333337 0.1572265625 0.003906250000000025 0.1572265625 0.003906250000000032 0.233154296875 0.11848958333333337 0.233154296875
19 0.22786458333333337 0.177490234375 0.1217447916666667 0.177490234375 0.1217447916666667 0.2421875 0.2278645833333334 0.2421875
9 0.4137369791666667 0.13476562500000006 0.3225911458333333 0.13476562500000006 0.3225911458333333 0.21850585937500006 0.4137369791666667 0.21850585937500006
25 0.5172526041666666 0.10864257812500004 0.412109375 0.10864257812500003 0.412109375 0.18164062500000006 0.5172526041666666 0.18164062500000006
1 0.7236328125 0.19946289062500006 0.6282552083333334 0.19946289062500006 0.6282552083333334 0.2871093750000001 0.7236328125 0.2871093750000001
21 0.7154947916666666 0.09643554687500006 0.6158854166666666 0.09643554687500006 0.6158854166666666 0.18481445312500006 0.7154947916666666 0.18481445312500006
17 0.7486979166666666 0.04956054687500006 0.6692708333333334 0.049560546875000056 0.6692708333333334 0.13159179687500006 0.7486979166666666 0.13159179687500006
3 0.5667317708333334 0.16186523437500006 0.4905598958333333 0.16186523437500006 0.4905598958333333 0.23120117187500006 0.5667317708333334 0.23120117187500006
33 0.5341796875 0.22753906250000006 0.4391276041666667 0.22753906250000006 0.4391276041666667 0.285400390625 0.5341796875 0.285400390625
25 0.560546875 0.2705078125 0.4508463541666667 0.2705078125 0.4508463541666667 0.341064453125 0.560546875 0.341064453125
27 0.5296223958333334 0.31298828125 0.421875 0.31298828125 0.421875 0.400390625 0.5296223958333334 0.400390625
7 0.5338541666666667 0.404296875 0.4134114583333333 0.404296875 0.4134114583333334 0.47900390625 0.5338541666666669 0.47900390625
29 0.4016927083333334 0.394287109375 0.3050130208333334 0.394287109375 0.3050130208333334 0.4814453125 0.4016927083333335 0.4814453125
16 0.2493489583333334 0.334228515625 0.14485677083333337 0.334228515625 0.1448567708333334 0.404541015625 0.2493489583333334 0.404541015625
20 0.16308593750000006 0.284423828125 0.06217447916666672 0.284423828125 0.06217447916666672 0.349365234375 0.16308593750000008 0.349365234375
26 0.9996744791666669 0.895751953125 0.8805338541666666 0.895751953125 0.8805338541666669 0.999755859375 0.999674479166667 0.999755859375
26 0.9996744791666666 0.73388671875 0.8805338541666666 0.73388671875 0.8805338541666666 0.810546875 0.9996744791666666 0.810546875
3 0.919596354166667 0.944580078125 0.7802734375000003 0.944580078125 0.7802734375000003 0.999755859375 0.919596354166667 0.999755859375