24 0.5342881944444444 0.13068181818181832 0.4563802083333333 0.1306818181818183 0.4563802083333333 0.2859848484848486 0.5342881944444444 0.2859848484848486
1 0.5427517361111112 0.25426136363636376 0.4735243055555556 0.25426136363636376 0.4735243055555556 0.4294507575757577 0.5427517361111112 0.4294507575757577
30 0.5993923611111112 0.08191287878787894 0.521484375 0.08191287878787892 0.521484375 0.23863636363636379 0.5993923611111112 0.23863636363636379
8 0.5763888888888888 1.4264351921886783e-16 0.4913194444444444 1.3127842581768975e-16 0.4913194444444444 0.1325757575757577 0.5763888888888888 0.13257575757575774
16 0.6519097222222222 0.024621212121212287 0.583984375 0.024621212121212276 0.583984375 0.19886363636363652 0.6519097222222222 0.19886363636363652
27 0.7052951388888888 0.0014204545454547246 0.6365017361111112 0.0014204545454547153 0.6365017361111112 0.14962121212121232 0.7052951388888888 0.14962121212121235
4 0.8287760416666666 0.31013257575757597 0.7491319444444444 0.31013257575757597 0.7491319444444444 0.4928977272727275 0.8287760416666666 0.4928977272727275
0 0.8977864583333334 0.5250946969696972 0.8318142361111112 0.5250946969696972 0.8318142361111112 0.6879734848484851 0.8977864583333334 0.6879734848484851
14 0.7261284722222222 0.35179924242424265 0.6497395833333334 0.35179924242424265 0.6497395833333334 0.5071022727272729 0.7261284722222222 0.5071022727272729
3 0.6421440972222222 0.39914772727272746 0.5590277777777778 0.3991477272727274 0.5590277777777778 0.5516098484848487 0.6421440972222222 0.5516098484848487
31 0.5138888888888888 0.49810606060606083 0.4557291666666667 0.49810606060606083 0.4557291666666667 0.6605113636363639 0.5138888888888888 0.6605113636363639
14 0.6380208333333334 0.5582386363636366 0.578125 0.5582386363636366 0.578125 0.7296401515151517 0.6380208333333334 0.7296401515151517
17 0.640625 0.7878787878787881 0.5588107638888888 0.7878787878787881 0.5588107638888888 0.9460227272727275 0.640625 0.9460227272727275
1 0.5926649305555556 0.6690340909090912 0.5130208333333334 0.6690340909090912 0.5130208333333334 0.8285984848484851 0.5926649305555556 0.8285984848484851
25 0.5850694444444444 0.5170454545454548 0.505859375 0.5170454545454548 0.505859375 0.6671401515151517 0.5850694444444444 0.6671401515151517
33 0.4769965277777778 0.3953598484848486 0.3951822916666667 0.3953598484848486 0.3951822916666667 0.5539772727272728 0.4769965277777778 0.5539772727272729
16 0.4917534722222222 0.24715909090909102 0.4123263888888889 0.24715909090909102 0.4123263888888889 0.4024621212121213 0.4917534722222222 0.4024621212121213
9 0.591796875 0.3016098484848486 0.5164930555555556 0.3016098484848486 0.5164930555555556 0.475378787878788 0.591796875 0.475378787878788
11 0.8650173611111112 0.4228219696969699 0.7819010416666666 0.4228219696969699 0.7819010416666666 0.5970643939393941 0.8650173611111112 0.5970643939393941
28 0.7703993055555556 0.4209280303030305 0.6827256944444444 0.4209280303030305 0.6827256944444444 0.6160037878787881 0.7703993055555556 0.6160037878787881
15 0.7747395833333334 0.2196969696969699 0.7000868055555556 0.21969696969696986 0.7000868055555556 0.3910984848484851 0.7747395833333334 0.3910984848484851
31 0.7196180555555556 0.11789772727272745 0.640625 0.11789772727272743 0.640625 0.27746212121212144 0.7196180555555556 0.27746212121212144
20 0.7647569444444444 0.02604166666666686 0.6916232638888888 0.026041666666666848 0.6916232638888888 0.20454545454545472 0.7647569444444444 0.20454545454545475
27 0.6493055555555556 0.17282196969696986 0.5713975694444444 0.17282196969696986 0.5713975694444444 0.3413825757575759 0.6493055555555556 0.34138257575757597
21 0.7102864583333334 0.2428977272727275 0.6276041666666666 0.2428977272727275 0.6276041666666666 0.3996212121212123 0.7102864583333334 0.3996212121212123
21 0.6716579861111112 0.7258522727272729 0.5965711805555556 0.7258522727272729 0.5965711805555556 0.8385416666666669 0.6716579861111112 0.8385416666666669