33 0.3921440972222222 0.3631628787878789 0.3426649305555556 0.3631628787878789 0.3426649305555556 0.4872159090909091 0.3921440972222222 0.4872159090909091
23 0.4516059027777778 0.23390151515151525 0.38671875 0.23390151515151525 0.38671875 0.3821022727272728 0.4516059027777778 0.3821022727272728
13 0.4921875 0.3560606060606062 0.4281684027777778 0.3560606060606062 0.4281684027777778 0.4725378787878789 0.4921875 0.4725378787878789
16 0.5177951388888888 0.2500000000000001 0.4602864583333333 0.2500000000000001 0.4602864583333333 0.3896780303030304 0.5177951388888888 0.3896780303030304
19 0.5533854166666666 0.3906250000000001 0.4919704861111111 0.3906250000000001 0.4919704861111111 0.5127840909090912 0.5533854166666666 0.5127840909090912
11 0.6163194444444444 0.7462121212121214 0.5726996527777778 0.7462121212121214 0.5726996527777778 0.87594696969697 0.6163194444444444 0.87594696969697
11 0.7532552083333334 0.7192234848484851 0.7042100694444444 0.7192234848484851 0.7042100694444444 0.8428030303030305 0.7532552083333334 0.8428030303030305
21 0.7341579861111112 0.5871212121212124 0.6759982638888888 0.5871212121212124 0.6759982638888888 0.7296401515151517 0.7341579861111112 0.7296401515151517
21 0.8168402777777778 0.700757575757576 0.7523871527777778 0.700757575757576 0.7523871527777778 0.8342803030303032 0.8168402777777778 0.8342803030303032
33 0.8478732638888888 0.7088068181818183 0.7823350694444444 0.7088068181818183 0.7823350694444444 0.8792613636363639 0.8478732638888888 0.8792613636363639
5 0.8333333333333334 0.8740530303030305 0.7845052083333334 0.8740530303030305 0.7845052083333334 0.9848484848484851 0.8333333333333334 0.9848484848484853
23 0.8932291666666666 0.7964015151515154 0.8344184027777778 0.7964015151515154 0.8344184027777778 0.9190340909090912 0.8932291666666666 0.9190340909090912
17 0.9715711805555556 0.872632575757576 0.90234375 0.872632575757576 0.90234375 0.9990530303030307 0.9715711805555556 0.9990530303030307
6 0.8752170138888888 0.5123106060606063 0.8020833333333334 0.5123106060606063 0.8020833333333334 0.650568181818182 0.8752170138888888 0.650568181818182
14 0.8203125 0.4204545454545457 0.7582465277777778 0.4204545454545457 0.7582465277777778 0.5544507575757578 0.8203125 0.5544507575757578
21 0.8370225694444444 0.2897727272727275 0.75390625 0.2897727272727275 0.75390625 0.4393939393939396 0.8370225694444444 0.4393939393939396
12 0.6447482638888888 0.2211174242424244 0.583984375 0.2211174242424244 0.583984375 0.3465909090909092 0.6447482638888888 0.3465909090909093
17 0.5447048611111112 0.0445075757575759 0.4932725694444444 0.04450757575757589 0.4932725694444444 0.1841856060606062 0.5447048611111112 0.18418560606060622
15 0.6519097222222222 0.12926136363636379 0.591796875 0.12926136363636379 0.591796875 0.213068181818182 0.6519097222222222 0.213068181818182
4 0.6512586805555556 0.026041666666666834 0.59375 0.026041666666666827 0.59375 0.125473484848485 0.6512586805555556 0.125473484848485
7 0.7098524305555556 0.01609848484848503 0.6484375 0.016098484848485025 0.6484375 0.12831439393939412 0.7098524305555556 0.12831439393939414
28 0.7078993055555556 0.11079545454545472 0.6490885416666666 0.11079545454545471 0.6490885416666666 0.20880681818181837 0.7078993055555556 0.2088068181818184
0 0.693359375 0.1964962121212123 0.6419270833333334 0.1964962121212123 0.6419270833333334 0.31770833333333354 0.693359375 0.31770833333333354
31 0.7432725694444444 0.1680871212121214 0.6937934027777778 0.16808712121212138 0.6937934027777778 0.2888257575757578 0.7432725694444444 0.2888257575757578
15 0.7649739583333334 0.06202651515151535 0.7083333333333334 0.06202651515151534 0.7083333333333334 0.17140151515151536 0.7649739583333334 0.17140151515151536
0 0.8118489583333334 0.1065340909090911 0.736328125 0.10653409090909109 0.736328125 0.24337121212121235 0.8118489583333334 0.24337121212121235
32 0.8038194444444444 0.20833333333333354 0.7469618055555556 0.20833333333333354 0.7469618055555556 0.331912878787879 0.8038194444444444 0.331912878787879
2 0.8530815972222222 0.014678030303030526 0.8003472222222222 0.014678030303030519 0.8003472222222222 0.1482007575757578 0.8530815972222222 0.1482007575757578
27 0.8695746527777778 0.13778409090909113 0.8127170138888888 0.13778409090909113 0.8127170138888888 0.2660984848484851 0.8695746527777778 0.2660984848484851
30 0.892578125 0.19981060606060627 0.8365885416666666 0.19981060606060627 0.8365885416666666 0.3219696969696972 0.892578125 0.3219696969696972
30 0.9346788194444444 0.11505681818181843 0.8706597222222222 0.11505681818181843 0.8706597222222222 0.2504734848484851 0.9346788194444444 0.2504734848484851
31 0.8984375 0.06060606060606084 0.8424479166666666 0.06060606060606082 0.8424479166666666 0.18702651515151536 0.8984375 0.18702651515151536
30 0.9861111111111112 0.027462121212121465 0.8980034722222222 0.027462121212121455 0.8980034722222222 0.18560606060606086 0.9861111111111112 0.18560606060606089
32 0.95703125 0.1998106060606063 0.90625 0.19981060606060627 0.90625 0.3290719696969699 0.95703125 0.3290719696969699
4 0.9715711805555556 0.31581439393939414 0.90234375 0.31581439393939414 0.90234375 0.4152462121212123 0.9715711805555556 0.4152462121212123
7 0.9965277777777778 0.20123106060606089 0.9490017361111112 0.20123106060606089 0.9490017361111112 0.3304924242424245 0.9965277777777778 0.3304924242424245
5 0.9997829861111112 0.1136363636363639 0.9396701388888888 0.11363636363636388 0.9396701388888888 0.22443181818181845 0.9997829861111112 0.22443181818181845
15 0.7940538194444444 2.0286111869398745e-16 0.7243923611111112 1.9355449884251254e-16 0.7243923611111112 0.0956439393939396 0.7940538194444444 0.09564393939393961
33 0.9021267361111112 2.33042399894565e-16 0.8422309027777778 2.2504044637740895e-16 0.8422309027777778 0.0729166666666669 0.9021267361111112 0.07291666666666691
32 0.9787326388888888 0.0009469696969699482 0.9019097222222222 0.0009469696969699379 0.9019097222222222 0.0767045454545457 0.9787326388888888 0.07670454545454572