14 0.3642578125 0.12231445312500003 0.2571614583333333 0.12231445312500003 0.2571614583333333 0.18896484375000003 0.3642578125 0.18896484375000006
27 0.6070963541666666 0.20166015625000006 0.5074869791666666 0.20166015625000006 0.5074869791666666 0.29223632812500006 0.6070963541666666 0.2922363281250001
7 0.720703125 0.19897460937500006 0.62890625 0.19897460937500006 0.62890625 0.2849121093750001 0.720703125 0.2849121093750001
8 0.7828776041666666 0.24267578125000006 0.708984375 0.24267578125000006 0.708984375 0.3286132812500001 0.7828776041666666 0.3286132812500001
1 0.8304036458333334 0.17382812500000006 0.7255859375 0.17382812500000006 0.7255859375 0.24682617187500006 0.8304036458333334 0.24682617187500006
25 0.27343750000000006 0.230712890625 0.15852864583333337 0.230712890625 0.15852864583333337 0.306396484375 0.27343750000000006 0.306396484375
9 0.3489583333333333 0.24145507812500003 0.2669270833333334 0.241455078125 0.2669270833333334 0.327392578125 0.3489583333333333 0.327392578125
16 0.4459635416666667 0.2783203125 0.3434244791666667 0.2783203125 0.3434244791666667 0.337158203125 0.4459635416666667 0.337158203125
12 0.5442708333333334 0.276611328125 0.4417317708333333 0.276611328125 0.4417317708333333 0.32861328125 0.5442708333333334 0.32861328125
13 0.26562500000000006 0.509033203125 0.1526692708333334 0.509033203125 0.15266927083333343 0.592529296875 0.26562500000000006 0.592529296875
15 0.4866536458333335 0.738525390625 0.37011718750000017 0.738525390625 0.37011718750000017 0.823486328125 0.4866536458333335 0.823486328125
23 0.4977213541666668 0.6708984375 0.38671875000000017 0.6708984375 0.38671875000000017 0.740478515625 0.4977213541666668 0.740478515625
18 0.6038411458333335 0.61767578125 0.4889322916666668 0.61767578125 0.4889322916666668 0.688232421875 0.6038411458333335 0.688232421875
27 0.47558593750000017 0.5888671875 0.37890625000000017 0.5888671875 0.37890625000000017 0.677978515625 0.47558593750000017 0.677978515625
13 0.3733723958333335 0.564208984375 0.2483723958333334 0.564208984375 0.2483723958333334 0.657470703125 0.3733723958333335 0.657470703125
28 0.48144531250000017 0.51123046875 0.3616536458333335 0.51123046875 0.3616536458333335 0.59619140625 0.48144531250000017 0.59619140625
5 0.6223958333333335 0.572509765625 0.5045572916666669 0.572509765625 0.5045572916666669 0.628662109375 0.6223958333333335 0.628662109375
20 0.5598958333333335 0.496826171875 0.4671223958333335 0.496826171875 0.4671223958333335 0.579345703125 0.5598958333333335 0.579345703125
32 0.6595052083333335 0.48901367187500006 0.5628255208333335 0.489013671875 0.5628255208333335 0.576416015625 0.6595052083333335 0.576416015625
16 0.6354166666666667 0.41894531250000006 0.5345052083333334 0.4189453125 0.5345052083333334 0.508056640625 0.6354166666666669 0.508056640625
21 0.5263671875000001 0.425537109375 0.4388020833333333 0.425537109375 0.4388020833333334 0.511962890625 0.5263671875000001 0.511962890625
19 0.3951822916666668 0.455810546875 0.28613281250000006 0.455810546875 0.28613281250000006 0.54638671875 0.3951822916666668 0.54638671875
18 0.45019531250000006 0.394287109375 0.3447265625 0.394287109375 0.34472656250000006 0.484619140625 0.45019531250000017 0.484619140625
29 0.5833333333333334 0.374755859375 0.4736328125 0.374755859375 0.4736328125 0.435302734375 0.5833333333333334 0.435302734375
24 0.4866536458333333 0.32421875 0.3916015625 0.32421875 0.3916015625 0.413818359375 0.4866536458333333 0.413818359375
30 0.5911458333333334 0.319091796875 0.4807942708333333 0.319091796875 0.4807942708333333 0.380615234375 0.5911458333333334 0.380615234375
29 0.7376302083333334 0.2961425781250001 0.6227213541666666 0.2961425781250001 0.6227213541666666 0.3757324218750001 0.7376302083333334 0.3757324218750001
9 0.3313802083333334 0.311279296875 0.20865885416666674 0.311279296875 0.20865885416666674 0.392578125 0.3313802083333334 0.392578125
24 0.1848958333333334 0.255615234375 0.0836588541666667 0.255615234375 0.08365885416666673 0.345947265625 0.1848958333333334 0.345947265625
3 0.3619791666666667 0.17675781250000003 0.24739583333333334 0.1767578125 0.24739583333333337 0.24462890625000003 0.3619791666666667 0.24462890625000006
31 0.2532552083333333 0.1376953125 0.1588541666666667 0.1376953125 0.1588541666666667 0.224609375 0.2532552083333333 0.224609375
21 0.2607421875 0.05493164062500002 0.13541666666666666 0.054931640625000014 0.13541666666666669 0.140380859375 0.2607421875 0.140380859375
17 0.16536458333333334 0.02294921875000001 0.04296875 0.022949218750000007 0.04296875000000001 0.10986328125000001 0.16536458333333334 0.10986328125000003
0 0.3616536458333333 0.006835937500000028 0.23697916666666666 0.0068359375000000226 0.23697916666666666 0.09228515625000003 0.3616536458333333 0.09228515625000003
25 0.5152994791666666 0.18530273437500006 0.4306640625 0.18530273437500006 0.4306640625 0.27294921875 0.5152994791666666 0.27294921875
33 0.4449869791666667 0.19995117187500006 0.3548177083333333 0.19995117187500006 0.3548177083333333 0.277587890625 0.4449869791666667 0.277587890625
21 0.4440104166666667 0.12231445312500003 0.359375 0.12231445312500003 0.359375 0.20947265625000006 0.4440104166666667 0.20947265625000006
30 0.5296223958333334 0.10595703125000004 0.4410807291666667 0.10595703125000003 0.4410807291666667 0.19775390625000006 0.5296223958333334 0.19775390625000006
1 0.4270833333333333 0.058349609375000035 0.3141276041666667 0.05834960937500003 0.3141276041666667 0.13281250000000006 0.4270833333333333 0.13281250000000006
29 0.6057942708333334 0.0004882812500000503 0.4889322916666667 0.0004882812500000449 0.4889322916666667 0.05639648437500005 0.6057942708333334 0.056396484375000056