21 0.310302734375 0.28808593750000006 0.230224609375 0.28808593750000006 0.23022460937500003 0.3912760416666667 0.310302734375 0.3912760416666667
18 0.16796875000000006 0.6917317708333334 0.07885742187500006 0.6917317708333334 0.07885742187500007 0.7939453125 0.16796875000000006 0.7939453125
16 0.62939453125 0.16634114583333345 0.570556640625 0.16634114583333345 0.570556640625 0.2688802083333334 0.62939453125 0.2688802083333334
28 0.76123046875 0.3248697916666668 0.687744140625 0.3248697916666668 0.687744140625 0.44140625000000017 0.76123046875 0.44140625000000017
33 0.72705078125 0.48437500000000017 0.64208984375 0.48437500000000017 0.64208984375 0.5758463541666669 0.72705078125 0.5758463541666669
26 0.696044921875 0.5634765625000001 0.611083984375 0.5634765625000001 0.611083984375 0.6712239583333334 0.696044921875 0.6712239583333334
14 0.14892578125000003 0.2333984375 0.07812500000000003 0.2333984375 0.07812500000000003 0.3359375 0.14892578125000006 0.3359375
16 0.379150390625 0.25260416666666674 0.305419921875 0.25260416666666674 0.305419921875 0.3603515625 0.379150390625 0.3603515625
27 0.410400390625 0.4772135416666667 0.330810546875 0.4772135416666667 0.330810546875 0.58984375 0.410400390625 0.58984375
9 0.49169921875 0.43945312500000006 0.41259765625 0.439453125 0.41259765625 0.5472005208333334 0.49169921875 0.5472005208333335
15 0.509765625 0.3743489583333334 0.430419921875 0.3743489583333333 0.430419921875 0.4612630208333334 0.509765625 0.4612630208333335
29 0.437255859375 0.3557942708333333 0.358642578125 0.3557942708333333 0.358642578125 0.4713541666666667 0.437255859375 0.4713541666666667
3 0.561279296875 0.4723307291666668 0.485107421875 0.4723307291666668 0.485107421875 0.5507812500000001 0.561279296875 0.5507812500000001
9 0.568115234375 0.5400390625000001 0.48583984375 0.5400390625000001 0.48583984375000006 0.6142578125000001 0.568115234375 0.6142578125000001
13 0.46679687500000006 0.5572916666666667 0.381103515625 0.5572916666666666 0.38110351562500006 0.6627604166666667 0.4667968750000001 0.6627604166666669
13 0.4916992187500001 0.6803385416666666 0.4035644531250001 0.6803385416666666 0.4035644531250001 0.7854817708333334 0.4916992187500001 0.7854817708333334
7 0.627685546875 0.4410807291666668 0.558349609375 0.4410807291666668 0.558349609375 0.5524088541666669 0.627685546875 0.5524088541666669
24 0.64990234375 0.26953125000000006 0.56982421875 0.26953125000000006 0.56982421875 0.3655598958333335 0.64990234375 0.3655598958333335
5 0.634033203125 0.3385416666666668 0.55126953125 0.3385416666666668 0.55126953125 0.4576822916666668 0.634033203125 0.4576822916666668
23 0.698486328125 0.37695312500000017 0.613525390625 0.37695312500000017 0.613525390625 0.48046875000000017 0.698486328125 0.48046875000000017
8 0.582763671875 0.25260416666666674 0.506591796875 0.25260416666666674 0.506591796875 0.3694661458333335 0.582763671875 0.3694661458333335
19 0.543212890625 0.2229817708333334 0.463623046875 0.2229817708333334 0.463623046875 0.3385416666666668 0.543212890625 0.3385416666666668
3 0.52490234375 0.16113281250000008 0.446044921875 0.16113281250000008 0.446044921875 0.26920572916666674 0.52490234375 0.26920572916666674
9 0.451904296875 0.1585286458333334 0.375732421875 0.1585286458333334 0.375732421875 0.27539062500000006 0.451904296875 0.27539062500000006
25 0.4296875 0.08300781250000007 0.349609375 0.08300781250000006 0.349609375 0.1790364583333334 0.4296875 0.1790364583333334
30 0.37939453125 0.13769531250000006 0.29345703125 0.13769531250000003 0.29345703125 0.2639973958333334 0.37939453125 0.2639973958333334