28 0.29736328125 0.20345052083333337 0.210693359375 0.20345052083333334 0.210693359375 0.29492187500000006 0.29736328125 0.29492187500000006
20 0.3818359375 0.29557291666666674 0.294677734375 0.29557291666666674 0.294677734375 0.3860677083333333 0.3818359375 0.3860677083333333
3 0.3427734375 0.3776041666666667 0.26806640625 0.3776041666666667 0.26806640625 0.4524739583333333 0.3427734375 0.4524739583333333
30 0.337890625 0.4410807291666667 0.250732421875 0.4410807291666667 0.250732421875 0.5553385416666666 0.337890625 0.5553385416666666
4 0.21020507812500006 0.494140625 0.13354492187500006 0.494140625 0.13354492187500006 0.599609375 0.21020507812500006 0.599609375
19 0.26806640625 0.4964192708333333 0.19287109375000006 0.4964192708333333 0.19287109375000006 0.6018880208333334 0.26806640625 0.6018880208333334
24 0.31103515625000006 0.54296875 0.24487304687500006 0.54296875 0.24487304687500006 0.6529947916666666 0.3110351562500001 0.6529947916666666
16 0.459228515625 0.31933593750000006 0.381591796875 0.31933593750000006 0.381591796875 0.43164062500000006 0.459228515625 0.43164062500000017
10 0.5625 0.31835937500000006 0.497314453125 0.31835937500000006 0.497314453125 0.41406250000000017 0.5625 0.41406250000000017
7 0.521484375 0.3675130208333334 0.450439453125 0.3675130208333333 0.450439453125 0.47851562500000006 0.521484375 0.47851562500000017
27 0.39257812500000006 0.4973958333333333 0.308349609375 0.4973958333333333 0.30834960937500006 0.6083984375 0.3925781250000001 0.6083984375
29 0.3671875000000001 0.6318359375 0.2832031250000001 0.6318359375 0.2832031250000001 0.75390625 0.3671875000000001 0.75390625
11 0.46899414062500006 0.5179036458333334 0.393798828125 0.5179036458333334 0.39379882812500006 0.6289062500000001 0.4689941406250001 0.6289062500000001
10 0.52587890625 0.5712890625000001 0.44189453125 0.5712890625 0.44189453125000006 0.6888020833333334 0.52587890625 0.6888020833333334
14 0.4125976562500001 0.7109375 0.3271484375000001 0.7109375 0.3271484375000001 0.8317057291666666 0.4125976562500001 0.8317057291666666
1 0.586181640625 0.5517578125000001 0.52001953125 0.5517578125000001 0.52001953125 0.6549479166666669 0.586181640625 0.6549479166666669
32 0.6455078125 0.5885416666666669 0.57861328125 0.5885416666666669 0.57861328125 0.6920572916666666 0.6455078125 0.6920572916666666
26 0.640625 0.6969401041666666 0.568115234375 0.6969401041666666 0.568115234375 0.7962239583333334 0.640625 0.7962239583333334
2 0.24682617187500008 0.8577473958333334 0.15551757812500006 0.8577473958333334 0.15551757812500008 0.9827473958333334 0.2468261718750001 0.9827473958333334
28 0.54833984375 0.6471354166666669 0.4645996093750001 0.6471354166666669 0.4645996093750001 0.7526041666666666 0.54833984375 0.7526041666666666
11 0.43066406250000006 0.5882161458333334 0.347412109375 0.5882161458333334 0.34741210937500006 0.6969401041666666 0.4306640625000001 0.6969401041666666
25 0.28564453125 0.28027343750000006 0.20654296875 0.2802734375 0.20654296875000003 0.3870442708333333 0.28564453125 0.3870442708333333
12 0.545654296875 0.21386718750000008 0.474609375 0.21386718750000008 0.474609375 0.32910156250000006 0.545654296875 0.32910156250000006
29 0.62890625 0.35644531250000017 0.554443359375 0.35644531250000017 0.554443359375 0.4410807291666668 0.62890625 0.4410807291666668