27 0.812255859375 0.20182291666666677 0.625 0.20182291666666674 0.625 0.4388020833333335 0.812255859375 0.4388020833333335
31 0.611572265625 0.5016276041666667 0.4443359375 0.5016276041666666 0.44433593750000006 0.7408854166666666 0.611572265625 0.7408854166666666
32 0.4699707031250001 0.6927083333333334 0.3105468750000001 0.6927083333333334 0.3105468750000001 0.8606770833333334 0.4699707031250001 0.8606770833333334
32 0.47314453125000006 0.5065104166666667 0.338134765625 0.5065104166666666 0.33813476562500006 0.7145182291666666 0.4731445312500001 0.7145182291666666
29 0.49072265625 0.36002604166666674 0.320556640625 0.3600260416666667 0.320556640625 0.5227864583333334 0.49072265625 0.5227864583333335
28 0.5244140625 0.20996093750000008 0.351806640625 0.20996093750000008 0.351806640625 0.40429687500000006 0.5244140625 0.40429687500000017
28 0.466552734375 0.025716145833333395 0.302978515625 0.02571614583333338 0.302978515625 0.2425130208333334 0.466552734375 0.2425130208333334
33 0.337158203125 0.25585937500000006 0.206787109375 0.255859375 0.20678710937500003 0.4632161458333333 0.337158203125 0.4632161458333333
33 0.22827148437500003 0.29231770833333337 0.09130859375000003 0.2923177083333333 0.09130859375000004 0.4778645833333333 0.22827148437500006 0.4778645833333333
30 0.20922851562500006 0.4645182291666667 0.05932617187500004 0.4645182291666667 0.059326171875000056 0.6800130208333334 0.20922851562500006 0.6800130208333334
32 0.31933593750000006 0.4716796875 0.17504882812500006 0.4716796875 0.17504882812500006 0.6917317708333334 0.3193359375000001 0.6917317708333334
33 0.2541503906250001 0.7340494791666666 0.09228515625000006 0.7340494791666666 0.09228515625000007 0.9059244791666666 0.2541503906250001 0.9059244791666666