3 0.5426432291666666 0.08496093750000004 0.3287760416666667 0.08496093750000003 0.3287760416666667 0.23657226562500006 0.5426432291666666 0.23657226562500006
2 0.7021484375 5.381748629065517e-17 0.4697265625 4.314368484300856e-17 0.4697265625 0.17041015625000006 0.7021484375 0.17041015625000006
4 0.7444661458333334 0.11523437500000006 0.5286458333333334 0.11523437500000006 0.5286458333333334 0.28076171875000006 0.7444661458333334 0.2807617187500001
8 0.8870442708333334 0.19506835937500006 0.6650390625 0.19506835937500006 0.6650390625 0.3598632812500001 0.8870442708333334 0.3598632812500001
3 0.7311197916666666 0.29394531250000006 0.5690104166666666 0.2939453125 0.5690104166666666 0.44384765625000006 0.7311197916666666 0.4438476562500001
1 0.8121744791666666 0.42456054687500006 0.5924479166666666 0.424560546875 0.5924479166666667 0.55126953125 0.8121744791666666 0.55126953125
6 0.61328125 0.21289062500000006 0.4248046875 0.21289062500000006 0.4248046875 0.36499023437500006 0.61328125 0.3649902343750001
8 0.5270182291666667 0.304931640625 0.32421875000000006 0.304931640625 0.32421875000000006 0.47412109375 0.5270182291666669 0.47412109375
5 0.5475260416666669 0.51513671875 0.37792968750000017 0.51513671875 0.37792968750000017 0.673095703125 0.5475260416666669 0.673095703125
1 0.3802083333333335 0.55224609375 0.1536458333333334 0.55224609375 0.15364583333333343 0.693359375 0.3802083333333335 0.693359375
7 0.5947265625000001 0.71630859375 0.35839843750000017 0.71630859375 0.35839843750000017 0.897705078125 0.5947265625000001 0.897705078125
0 0.6884765625 0.6416015625 0.43750000000000017 0.6416015625 0.43750000000000017 0.8369140625 0.6884765625 0.8369140625
0 0.8421223958333334 0.605712890625 0.6054687500000001 0.605712890625 0.6054687500000001 0.78173828125 0.8421223958333334 0.78173828125
8 0.4407552083333333 0.19287109375000003 0.2552083333333333 0.19287109375 0.25520833333333337 0.353271484375 0.4407552083333333 0.353271484375