0 0.15576171875 0.0016276041666666854 0.073974609375 0.0016276041666666789 0.073974609375 0.09440104166666669 0.15576171875 0.0944010416666667
20 0.298095703125 0.20214843750000003 0.217529296875 0.2021484375 0.217529296875 0.30110677083333337 0.298095703125 0.3011067708333334
31 0.352294921875 0.2571614583333334 0.275146484375 0.2571614583333334 0.275146484375 0.3597005208333333 0.352294921875 0.3597005208333333
2 0.396484375 0.31705729166666674 0.326904296875 0.31705729166666674 0.326904296875 0.4248046875 0.396484375 0.4248046875
23 0.503173828125 0.2473958333333334 0.42529296875 0.2473958333333334 0.42529296875 0.34570312500000006 0.503173828125 0.34570312500000017
33 0.567138671875 0.27734375000000006 0.49560546875 0.27734375000000006 0.49560546875 0.3902994791666668 0.567138671875 0.3902994791666668
25 0.513671875 0.3186848958333334 0.44970703125 0.3186848958333334 0.44970703125 0.42089843750000006 0.513671875 0.42089843750000017
14 0.472900390625 0.3509114583333334 0.39794921875 0.3509114583333333 0.39794921875 0.4612630208333334 0.472900390625 0.4612630208333335
17 0.438720703125 0.3990885416666667 0.363525390625 0.3990885416666667 0.363525390625 0.5061848958333334 0.438720703125 0.5061848958333334
13 0.294677734375 0.3287760416666667 0.21752929687500006 0.3287760416666667 0.21752929687500006 0.4342447916666667 0.294677734375 0.4342447916666667
4 0.3681640625 0.3922526041666667 0.296142578125 0.3922526041666667 0.296142578125 0.4772135416666667 0.3681640625 0.4772135416666667
22 0.23461914062500006 0.435546875 0.17822265625000006 0.435546875 0.17822265625000006 0.529296875 0.23461914062500006 0.529296875
33 0.2802734375 0.4345703125 0.22534179687500006 0.4345703125 0.22534179687500006 0.529296875 0.2802734375 0.529296875
17 0.34326171875 0.4485677083333333 0.273681640625 0.4485677083333333 0.273681640625 0.5520833333333334 0.34326171875 0.5520833333333334
5 0.39453125 0.4694010416666667 0.336181640625 0.4694010416666667 0.336181640625 0.5660807291666666 0.39453125 0.5660807291666666
0 0.25170898437500006 0.5572916666666666 0.17333984375000006 0.5572916666666666 0.17333984375000006 0.666015625 0.2517089843750001 0.666015625
27 0.30615234375000006 0.5224609375 0.24145507812500006 0.5224609375 0.24145507812500006 0.6259765625 0.3061523437500001 0.6259765625
30 0.36328125000000006 0.544921875 0.28515625 0.544921875 0.28515625000000006 0.6484375 0.3632812500000001 0.6484375
18 0.624267578125 0.2444661458333334 0.544189453125 0.2444661458333334 0.544189453125 0.35449218750000017 0.624267578125 0.35449218750000017
15 0.631103515625 0.3421223958333335 0.549560546875 0.3421223958333335 0.549560546875 0.45214843750000017 0.631103515625 0.45214843750000017
6 0.3542480468750001 0.6276041666666666 0.2766113281250001 0.6276041666666666 0.2766113281250001 0.7200520833333334 0.3542480468750001 0.7200520833333334
6 0.2792968750000001 0.6686197916666666 0.22045898437500006 0.6686197916666666 0.22045898437500006 0.7643229166666666 0.2792968750000001 0.7643229166666666
2 0.40820312500000006 0.576171875 0.32666015625 0.576171875 0.32666015625000006 0.6884765625 0.4082031250000001 0.6884765625
30 0.4663085937500001 0.6236979166666667 0.3886718750000001 0.6236979166666666 0.3886718750000001 0.7353515625 0.4663085937500001 0.7353515625
28 0.3671875000000001 0.7099609375 0.2912597656250001 0.7099609375 0.2912597656250001 0.7916666666666666 0.3671875000000001 0.7916666666666666
7 0.4648437500000001 0.7392578125 0.3840332031250001 0.7392578125 0.3840332031250001 0.8297526041666666 0.4648437500000001 0.8297526041666666
11 0.2878417968750001 0.9150390625 0.1953125000000001 0.9150390625 0.1953125000000001 0.9996744791666666 0.2878417968750001 0.9996744791666666
33 0.54150390625 0.5494791666666669 0.476806640625 0.5494791666666669 0.47680664062500006 0.6614583333333335 0.54150390625 0.6614583333333335
22 0.5830078125 0.6591796875000001 0.502197265625 0.6591796875000001 0.502197265625 0.7506510416666666 0.5830078125 0.7506510416666666
16 0.854248046875 0.08723958333333347 0.767578125 0.08723958333333344 0.767578125 0.19401041666666682 0.854248046875 0.19401041666666682
13 0.906005859375 0.17415364583333348 0.835693359375 0.17415364583333348 0.835693359375 0.28515625000000017 0.906005859375 0.28515625000000017
23 0.991943359375 0.22233072916666682 0.885986328125 0.22233072916666682 0.885986328125 0.3440755208333335 0.991943359375 0.3440755208333335
28 0.99951171875 0.29492187500000017 0.930419921875 0.29492187500000017 0.930419921875 0.4134114583333335 0.99951171875 0.4134114583333335
27 0.94775390625 0.004882812500000147 0.8515625 0.004882812500000139 0.8515625 0.12434895833333348 0.94775390625 0.12434895833333348
9 0.999755859375 1.5798422086656773e-16 0.935302734375 1.5272206665148146e-16 0.935302734375 0.10319010416666681 0.999755859375 0.10319010416666681
33 0.86669921875 0.24804687500000014 0.776123046875 0.24804687500000014 0.776123046875 0.35644531250000017 0.86669921875 0.35644531250000017
26 0.77294921875 0.21940104166666682 0.6845703125 0.21940104166666682 0.6845703125 0.3333333333333335 0.77294921875 0.3333333333333335
0 0.0498046875 4.066210075293946e-18 0 0 2.436736184826887e-18 0.053059895833333336 0.0498046875 0.053059895833333336