10 0.85107421875 0.5657552083333335 0.77294921875 0.5657552083333335 0.77294921875 0.6871744791666666 0.85107421875 0.6871744791666666
27 0.78466796875 0.6214192708333335 0.68505859375 0.6214192708333335 0.68505859375 0.7467447916666666 0.78466796875 0.7467447916666666
33 0.69140625 0.685546875 0.61181640625 0.685546875 0.61181640625 0.806640625 0.69140625 0.806640625
1 0.635009765625 0.7096354166666666 0.528076171875 0.7096354166666666 0.528076171875 0.8404947916666666 0.635009765625 0.8404947916666666
10 0.50048828125 0.6344401041666667 0.4248046875000001 0.6344401041666666 0.4248046875000001 0.7545572916666666 0.50048828125 0.7545572916666666
9 0.548828125 0.5729166666666669 0.473388671875 0.5729166666666669 0.47338867187500006 0.6920572916666666 0.548828125 0.6920572916666666
2 0.63037109375 0.5865885416666669 0.538818359375 0.5865885416666669 0.538818359375 0.6901041666666666 0.63037109375 0.6901041666666666
0 0.68408203125 0.5403645833333335 0.606689453125 0.5403645833333335 0.606689453125 0.6555989583333335 0.68408203125 0.6555989583333335
19 0.74560546875 0.5345052083333335 0.66650390625 0.5345052083333335 0.66650390625 0.6549479166666669 0.74560546875 0.6549479166666669
11 0.8134765625 0.4772135416666668 0.719482421875 0.4772135416666668 0.719482421875 0.5813802083333335 0.8134765625 0.5813802083333335
31 0.745849609375 0.4156901041666668 0.660888671875 0.4156901041666668 0.660888671875 0.5393880208333335 0.745849609375 0.5393880208333335
30 0.631591796875 0.43554687500000017 0.539794921875 0.43554687500000017 0.539794921875 0.5660807291666669 0.631591796875 0.5660807291666669
22 0.673583984375 0.3538411458333335 0.57861328125 0.3538411458333335 0.57861328125 0.4801432291666668 0.673583984375 0.4801432291666668
17 0.736572265625 0.3072916666666668 0.645751953125 0.30729166666666674 0.645751953125 0.3971354166666668 0.736572265625 0.3971354166666668
3 0.58203125 0.31803385416666674 0.48828125 0.31803385416666674 0.48828125 0.4300130208333335 0.58203125 0.4300130208333335
12 0.512451171875 0.34440104166666674 0.418212890625 0.3444010416666667 0.418212890625 0.46940104166666674 0.512451171875 0.4694010416666668
23 0.478759765625 0.41015625000000006 0.3876953125 0.41015625 0.3876953125 0.5345052083333334 0.478759765625 0.5345052083333335
29 0.403564453125 0.4033203125 0.32177734375 0.4033203125 0.32177734375 0.5257161458333334 0.403564453125 0.5257161458333334
2 0.47290039062500006 0.5084635416666667 0.37841796875 0.5084635416666666 0.37841796875000006 0.6175130208333334 0.4729003906250001 0.6175130208333335
9 0.34765625 0.4462890625 0.256103515625 0.4462890625 0.256103515625 0.5543619791666666 0.34765625 0.5543619791666666
12 0.30786132812500006 0.541015625 0.22558593750000006 0.541015625 0.22558593750000006 0.6598307291666666 0.3078613281250001 0.6598307291666666
3 0.38745117187500006 0.548828125 0.287841796875 0.548828125 0.28784179687500006 0.6673177083333334 0.3874511718750001 0.6673177083333334
15 0.43945312500000006 0.6015625 0.36181640625 0.6015625 0.36181640625000006 0.7272135416666666 0.4394531250000001 0.7272135416666666
28 0.3044433593750001 0.64453125 0.21020507812500006 0.64453125 0.21020507812500006 0.7451171875 0.3044433593750001 0.7451171875
12 0.24365234375000006 0.4908854166666667 0.15917968750000006 0.4908854166666667 0.15917968750000006 0.6214192708333334 0.24365234375000006 0.6214192708333334
24 0.496826171875 0.23893229166666674 0.39990234375 0.23893229166666674 0.39990234375 0.3733723958333334 0.496826171875 0.3733723958333335