33 0.61962890625 0.4117838541666668 0.55078125 0.4117838541666668 0.55078125 0.5286458333333335 0.61962890625 0.5286458333333335
22 0.8232421875 0.3704427083333335 0.73974609375 0.3704427083333335 0.73974609375 0.45898437500000017 0.8232421875 0.45898437500000017
0 0.28320312500000006 0.5113932291666666 0.22290039062500006 0.5113932291666666 0.22290039062500006 0.6061197916666666 0.2832031250000001 0.6061197916666666
31 0.28076171875 0.21875000000000003 0.1875 0.21875 0.18750000000000003 0.33235677083333337 0.28076171875 0.3323567708333334
32 0.45556640625 0.3225911458333334 0.369384765625 0.3225911458333334 0.369384765625 0.4446614583333334 0.45556640625 0.4446614583333335
27 0.625244140625 0.5559895833333335 0.545654296875 0.5559895833333335 0.545654296875 0.67578125 0.625244140625 0.67578125
11 0.3789062500000001 0.7578125 0.3007812500000001 0.7578125 0.3007812500000001 0.8746744791666666 0.3789062500000001 0.8746744791666666
15 0.46337890625 0.49316406250000006 0.376708984375 0.4931640625 0.376708984375 0.6005859375000001 0.46337890625 0.6005859375000001
0 0.4248046875000001 0.7350260416666666 0.3474121093750001 0.7350260416666666 0.3474121093750001 0.8466796875 0.4248046875000001 0.8466796875
8 0.169677734375 2.132767049296335e-17 0.091552734375 1.4949301747404214e-17 0.091552734375 0.09570312500000001 0.169677734375 0.09570312500000004
20 0.5263671875 7.959008250318002e-17 0.448486328125 7.323164615995078e-17 0.448486328125 0.10123697916666674 0.5263671875 0.10123697916666674
19 0.03979492187500001 0.057291666666666664 5.2621542150862836e-18 0.057291666666666664 1.0404714016193334e-17 0.16927083333333334 0.039794921875000014 0.16927083333333334
8 0.16845703125000003 0.21940104166666666 0.08178710937500003 0.21940104166666666 0.08178710937500003 0.3108723958333333 0.16845703125000006 0.3108723958333333
21 0.24951171875 0.1354166666666667 0.1748046875 0.1354166666666667 0.1748046875 0.2281901041666667 0.24951171875 0.22819010416666674
24 0.309814453125 0.06510416666666671 0.244384765625 0.0651041666666667 0.244384765625 0.1907552083333334 0.309814453125 0.1907552083333334
20 0.370361328125 0.043945312500000056 0.301025390625 0.043945312500000056 0.301025390625 0.1692708333333334 0.370361328125 0.1692708333333334
14 0.07519531250000001 0.14778645833333334 0.008789062500000014 0.14778645833333334 0.008789062500000019 0.24934895833333334 0.07519531250000003 0.24934895833333334
17 0.07861328125000003 0.2705078125 2.4845739504185802e-17 0.2705078125 2.8882050975984944e-17 0.3583984375 0.07861328125000003 0.3583984375
30 0.845947265625 0.5130208333333335 0.76806640625 0.5130208333333335 0.76806640625 0.6236979166666669 0.845947265625 0.6236979166666669
30 0.694091796875 0.4759114583333335 0.60791015625 0.4759114583333335 0.60791015625 0.5999348958333335 0.694091796875 0.5999348958333335
2 0.7548828125 0.5364583333333335 0.666259765625 0.5364583333333335 0.666259765625 0.6422526041666669 0.7548828125 0.6422526041666669
22 0.5302734375 0.49511718750000017 0.459716796875 0.49511718750000017 0.45971679687500006 0.6083984375000001 0.5302734375 0.6083984375000001
10 0.494384765625 0.41764322916666674 0.416015625 0.4176432291666667 0.416015625 0.5299479166666667 0.494384765625 0.5299479166666669
12 0.43579101562500006 0.587890625 0.376220703125 0.587890625 0.37622070312500006 0.689453125 0.4357910156250001 0.689453125
31 0.391357421875 0.5042317708333334 0.307861328125 0.5042317708333334 0.307861328125 0.5817057291666666 0.391357421875 0.5817057291666666
1 0.36743164062500006 0.5680338541666666 0.3017578125 0.5680338541666666 0.30175781250000006 0.6741536458333334 0.3674316406250001 0.6741536458333334
31 0.3952636718750001 0.6741536458333334 0.3107910156250001 0.6741536458333334 0.3107910156250001 0.7513020833333334 0.3952636718750001 0.7513020833333334
6 0.4670410156250001 0.8522135416666666 0.3813476562500001 0.8522135416666666 0.3813476562500001 0.9501953125 0.4670410156250001 0.9501953125
28 0.551025390625 0.7591145833333334 0.4631347656250001 0.7591145833333334 0.4631347656250001 0.8720703125 0.551025390625 0.8720703125
7 0.673583984375 0.6132812500000001 0.5927734375 0.6132812500000001 0.5927734375 0.7412109375 0.673583984375 0.7412109375
6 0.548828125 0.6712239583333334 0.4516601562500001 0.6712239583333334 0.4516601562500001 0.7626953125 0.548828125 0.7626953125
13 0.59326171875 0.23730468750000008 0.5087890625 0.23730468750000008 0.5087890625 0.33072916666666674 0.59326171875 0.33072916666666674
33 0.73046875 0.1572265625000001 0.660888671875 0.1572265625000001 0.660888671875 0.2877604166666668 0.73046875 0.2877604166666668
15 0.98388671875 0.0009765625000001546 0.908447265625 0.0009765625000001483 0.908447265625 0.11848958333333348 0.98388671875 0.11848958333333348