19 0.79345703125 0.4440104166666668 0.689208984375 0.4440104166666668 0.689208984375 0.5693359375000001 0.79345703125 0.5693359375000001
29 0.560302734375 0.6562500000000001 0.4521484375000001 0.65625 0.4521484375000001 0.779296875 0.560302734375 0.779296875
23 0.4406738281250001 0.7350260416666666 0.3364257812500001 0.7350260416666666 0.3364257812500001 0.8831380208333334 0.4406738281250001 0.8831380208333334
8 0.458740234375 0.4378255208333334 0.38916015625 0.4378255208333333 0.38916015625 0.5660807291666667 0.458740234375 0.5660807291666669
33 0.343017578125 0.21093750000000008 0.2529296875 0.21093750000000008 0.2529296875 0.3466796875 0.343017578125 0.3466796875
1 0.392578125 0.349609375 0.29150390625 0.349609375 0.29150390625 0.4967447916666667 0.392578125 0.4967447916666667
26 0.50830078125 0.24772135416666674 0.423095703125 0.24772135416666674 0.423095703125 0.3938802083333334 0.50830078125 0.3938802083333335
22 0.53515625 0.47656250000000017 0.46484375 0.47656250000000017 0.46484375 0.6038411458333335 0.53515625 0.6038411458333335
5 0.40039062500000006 0.5416666666666666 0.29541015625 0.5416666666666666 0.29541015625000006 0.6774088541666666 0.4003906250000001 0.6774088541666666
6 0.23730468750000006 0.4954427083333333 0.13647460937500006 0.4954427083333333 0.13647460937500006 0.5966796875 0.23730468750000006 0.5966796875
14 0.908447265625 0.5279947916666669 0.789306640625 0.5279947916666669 0.789306640625 0.6647135416666669 0.908447265625 0.6647135416666669
15 0.8642578125 0.2750651041666668 0.76953125 0.2750651041666668 0.76953125 0.40429687500000017 0.8642578125 0.40429687500000017
31 0.87060546875 0.15104166666666682 0.7939453125 0.15104166666666682 0.7939453125 0.27539062500000017 0.87060546875 0.27539062500000017
18 0.3767089843750001 0.6708984375 0.2695312500000001 0.6708984375 0.2695312500000001 0.8108723958333334 0.3767089843750001 0.8108723958333334
22 0.865966796875 0.015625000000000135 0.762451171875 0.015625000000000125 0.762451171875 0.12630208333333345 0.865966796875 0.12630208333333348
7 0.999755859375 0.03645833333333349 0.90576171875 0.03645833333333348 0.90576171875 0.16080729166666682 0.999755859375 0.16080729166666682
2 0.963623046875 0.09635416666666681 0.857666015625 0.09635416666666681 0.857666015625 0.23437500000000014 0.963623046875 0.23437500000000014
31 0.9990234375 0.3538411458333335 0.876708984375 0.3538411458333335 0.876708984375 0.49902343750000017 0.9990234375 0.49902343750000017
31 0.98486328125 0.49023437500000017 0.872802734375 0.49023437500000017 0.872802734375 0.6132812500000001 0.98486328125 0.6132812500000001
32 0.881591796875 0.6865234375 0.7783203125 0.6865234375 0.7783203125 0.8411458333333334 0.881591796875 0.8411458333333334
32 0.193359375 0.17317708333333334 0.09692382812500003 0.17317708333333334 0.09692382812500003 0.2994791666666667 0.193359375 0.2994791666666667
27 0.73828125 0.24348958333333345 0.64501953125 0.2434895833333334 0.64501953125 0.38671875000000017 0.73828125 0.38671875000000017
32 0.22875976562500006 0.6129557291666666 0.13647460937500006 0.6129557291666666 0.13647460937500006 0.7529296875 0.22875976562500006 0.7529296875
27 0.2807617187500001 0.6822916666666666 0.18530273437500006 0.6822916666666666 0.18530273437500006 0.8255208333333334 0.2807617187500001 0.8255208333333334
31 0.263427734375 0.24446614583333337 0.164794921875 0.24446614583333334 0.16479492187500003 0.3697916666666667 0.263427734375 0.3697916666666667
31 0.998291015625 0.3590494791666668 0.88134765625 0.3590494791666668 0.88134765625 0.4905598958333335 0.998291015625 0.4905598958333335
10 0.899658203125 0.39257812500000017 0.78857421875 0.39257812500000017 0.78857421875 0.5211588541666669 0.899658203125 0.5211588541666669
21 0.32177734375 0.4420572916666667 0.22851562500000006 0.4420572916666667 0.22851562500000006 0.5872395833333334 0.32177734375 0.5872395833333334
0 0.41845703125 0.2278645833333334 0.3388671875 0.2278645833333334 0.3388671875 0.3717447916666667 0.41845703125 0.3717447916666667
30 0.5107421875 0.14355468750000008 0.41357421875 0.14355468750000008 0.41357421875 0.25000000000000006 0.5107421875 0.25000000000000006
31 0.999755859375 0.3567708333333335 0.8798828125 0.3567708333333335 0.8798828125 0.48437500000000017 0.999755859375 0.48437500000000017