25 0.305908203125 0.19108072916666674 0.23486328125 0.19108072916666674 0.23486328125 0.2815755208333334 0.305908203125 0.2815755208333334
24 0.524169921875 0.685546875 0.4489746093750001 0.685546875 0.4489746093750001 0.7613932291666666 0.524169921875 0.7613932291666666
3 0.583984375 0.8714192708333334 0.50732421875 0.8714192708333334 0.50732421875 0.97265625 0.583984375 0.97265625
5 0.4548339843750001 0.8544921875 0.3764648437500001 0.8544921875 0.3764648437500001 0.9410807291666666 0.4548339843750001 0.9410807291666666
16 0.20507812500000006 0.7506510416666666 0.12133789062500006 0.7506510416666666 0.12133789062500007 0.8330078125 0.20507812500000006 0.8330078125
7 0.3193359375000001 0.7044270833333334 0.2521972656250001 0.7044270833333334 0.2521972656250001 0.806640625 0.3193359375000001 0.806640625
17 0.2956542968750001 0.7737630208333334 0.21752929687500006 0.7737630208333334 0.21752929687500006 0.8707682291666666 0.2956542968750001 0.8707682291666666
20 0.27734375 0.05989583333333337 0.22265625 0.05989583333333337 0.22265625 0.1617838541666667 0.27734375 0.1617838541666667
19 0.32958984375 0.10677083333333337 0.257568359375 0.10677083333333337 0.257568359375 0.21582031250000008 0.32958984375 0.21582031250000008
15 0.373779296875 0.12890625000000006 0.312744140625 0.12890625000000003 0.312744140625 0.23339843750000008 0.373779296875 0.23339843750000008
25 0.447998046875 0.11979166666666674 0.36962890625 0.11979166666666674 0.36962890625 0.22753906250000008 0.447998046875 0.22753906250000008
3 0.39013671875 0.056640625000000056 0.316650390625 0.056640625000000056 0.316650390625 0.13671875000000006 0.39013671875 0.13671875000000008
18 0.482421875 0.06542968750000007 0.4248046875 0.06542968750000007 0.4248046875 0.17382812500000008 0.482421875 0.17382812500000008
3 0.65478515625 1.0037957813323684e-16 0.57470703125 9.384175016903872e-17 0.57470703125 0.10058593750000011 0.65478515625 0.10058593750000011
10 0.673095703125 0.049804687500000104 0.593505859375 0.04980468750000009 0.593505859375 0.15462239583333345 0.673095703125 0.15462239583333345
18 0.2985839843750001 0.646484375 0.21411132812500006 0.646484375 0.21411132812500006 0.7434895833333334 0.2985839843750001 0.7434895833333334
29 0.3603515625000001 0.78125 0.2712402343750001 0.78125 0.2712402343750001 0.892578125 0.3603515625000001 0.892578125
25 0.3791503906250001 0.8896484375 0.3063964843750001 0.8896484375 0.3063964843750001 0.9993489583333334 0.3791503906250001 0.9993489583333334
32 0.3784179687500001 0.6350911458333334 0.3017578125000001 0.6350911458333334 0.3017578125000001 0.7353515625 0.3784179687500001 0.7353515625
16 0.3964843750000001 0.70703125 0.3161621093750001 0.70703125 0.3161621093750001 0.8151041666666666 0.3964843750000001 0.8151041666666666
26 0.4335937500000001 0.7477213541666666 0.3608398437500001 0.7477213541666666 0.3608398437500001 0.8551432291666666 0.4335937500000001 0.8551432291666666
21 0.3239746093750001 0.8626302083333334 0.24731445312500006 0.8626302083333334 0.24731445312500008 0.9710286458333334 0.3239746093750001 0.9710286458333334
32 0.727783203125 0.2815755208333334 0.646484375 0.2815755208333334 0.646484375 0.3919270833333335 0.727783203125 0.3919270833333335
32 0.1523437500000001 0.9156901041666666 0.06640625000000008 0.9156901041666666 0.06640625000000008 0.9996744791666666 0.1523437500000001 0.9996744791666666
32 0.2260742187500001 0.9332682291666666 0.1591796875000001 0.9332682291666666 0.1591796875000001 0.9996744791666666 0.2260742187500001 0.9996744791666666
32 0.2941894531250001 0.96484375 0.2309570312500001 0.96484375 0.2309570312500001 1 0.2941894531250001 1
16 0.34692382812500006 0.5764973958333334 0.280517578125 0.5764973958333334 0.28051757812500006 0.66796875 0.3469238281250001 0.66796875
33 0.33154296875 4.921310135245467e-17 0.271240234375 4.4289797976976223e-17 0.271240234375 0.03417968750000005 0.33154296875 0.034179687500000056
33 0.45361328125 6.812895116350346e-17 0.380859375 6.218909526920153e-17 0.380859375 0.07421875000000007 0.45361328125 0.07421875000000007
33 0.593017578125 9.150965909644366e-17 0.52783203125 8.618770767436775e-17 0.52783203125 0.0644531250000001 0.593017578125 0.0644531250000001
33 0.70849609375 1.1066469773545093e-16 0.64697265625 1.0564173234832311e-16 0.64697265625 0.07226562500000011 0.70849609375 0.07226562500000011
33 0.781005859375 1.2090995253300528e-16 0.699951171875 1.1429239495948767e-16 0.699951171875 0.08723958333333344 0.781005859375 0.08723958333333344