33 0.53271484375 0.10156250000000007 0.455322265625 0.10156250000000007 0.455322265625 0.1848958333333334 0.53271484375 0.1848958333333334
10 0.460205078125 0.2288411458333334 0.378173828125 0.2288411458333334 0.378173828125 0.31738281250000006 0.460205078125 0.31738281250000006
33 0.478515625 0.3264973958333334 0.39697265625 0.3264973958333334 0.39697265625 0.4339192708333334 0.478515625 0.4339192708333335
23 0.718505859375 0.4020182291666668 0.637939453125 0.4020182291666668 0.637939453125 0.4947916666666668 0.718505859375 0.4947916666666668
25 0.51220703125 0.49869791666666674 0.441162109375 0.4986979166666667 0.44116210937500006 0.6155598958333334 0.51220703125 0.6155598958333335
7 0.580810546875 0.5270182291666669 0.508056640625 0.5270182291666669 0.508056640625 0.6354166666666669 0.580810546875 0.6354166666666669
8 0.670654296875 0.5930989583333335 0.577392578125 0.5930989583333335 0.577392578125 0.70703125 0.670654296875 0.70703125
6 0.73583984375 0.5247395833333335 0.6513671875 0.5247395833333335 0.6513671875 0.6396484375000001 0.73583984375 0.6396484375000001
27 0.660400390625 0.4703776041666668 0.579833984375 0.4703776041666668 0.579833984375 0.5901692708333335 0.660400390625 0.5901692708333335
16 0.698974609375 0.7568359375 0.624755859375 0.7568359375 0.624755859375 0.875 0.698974609375 0.875
31 0.509033203125 0.6969401041666666 0.4458007812500001 0.6969401041666666 0.4458007812500001 0.8024088541666666 0.509033203125 0.8024088541666666
1 0.4421386718750001 0.6741536458333334 0.3647460937500001 0.6741536458333334 0.3647460937500001 0.7887369791666666 0.4421386718750001 0.7887369791666666
14 0.42871093750000006 0.58984375 0.3466796875 0.58984375 0.34667968750000006 0.6744791666666666 0.4287109375000001 0.6744791666666666
20 0.3603515625000001 0.6865234375 0.3081054687500001 0.6865234375 0.3081054687500001 0.791015625 0.3603515625000001 0.791015625
30 0.2980957031250001 0.6520182291666666 0.22070312500000006 0.6520182291666666 0.22070312500000006 0.751953125 0.2980957031250001 0.751953125
24 0.2800292968750001 0.8209635416666666 0.20483398437500006 0.8209635416666666 0.20483398437500008 0.9358723958333334 0.2800292968750001 0.9358723958333334
2 0.4824218750000001 0.8450520833333334 0.4001464843750001 0.8450520833333334 0.4001464843750001 0.9576822916666666 0.4824218750000001 0.9576822916666666
4 0.389404296875 0.4638671875 0.31591796875 0.4638671875 0.31591796875 0.5745442708333334 0.389404296875 0.5745442708333334
11 0.465087890625 0.4251302083333334 0.383544921875 0.4251302083333333 0.383544921875 0.5335286458333334 0.465087890625 0.5335286458333335
20 0.5517578125 0.3255208333333334 0.483642578125 0.3255208333333334 0.483642578125 0.4495442708333335 0.5517578125 0.4495442708333335
4 0.64306640625 0.29687500000000006 0.579833984375 0.29687500000000006 0.579833984375 0.41406250000000017 0.64306640625 0.41406250000000017
5 0.831298828125 0.3317057291666668 0.741943359375 0.3317057291666668 0.741943359375 0.45800781250000017 0.831298828125 0.45800781250000017
29 0.794189453125 0.4651692708333335 0.7001953125 0.4651692708333335 0.7001953125 0.5797526041666669 0.794189453125 0.5797526041666669
11 0.5673828125 0.8020833333333334 0.4924316406250001 0.8020833333333334 0.4924316406250001 0.9127604166666666 0.5673828125 0.9127604166666666
26 0.3161621093750001 0.8818359375 0.24584960937500006 0.8818359375 0.24584960937500008 0.990234375 0.3161621093750001 0.990234375
0 0.3784179687500001 0.8935546875 0.3056640625000001 0.8935546875 0.3056640625000001 0.9957682291666666 0.3784179687500001 0.9957682291666666
3 0.4130859375000001 0.7926432291666666 0.3269042968750001 0.7926432291666666 0.3269042968750001 0.8916015625 0.4130859375000001 0.8916015625
4 0.70849609375 0.1972656250000001 0.653076171875 0.19726562500000008 0.653076171875 0.3098958333333334 0.70849609375 0.3098958333333335
33 0.046142578125000076 0.7737630208333334 7.106898050715964e-17 0.7737630208333334 7.652547564496217e-17 0.892578125 0.04614257812500008 0.892578125