6 0.671142578125 0.2923177083333334 0.5859375 0.2923177083333334 0.5859375 0.3792317708333335 0.671142578125 0.3792317708333335
20 0.416748046875 0.3365885416666667 0.316162109375 0.3365885416666667 0.316162109375 0.4651692708333333 0.416748046875 0.4651692708333333
23 0.367919921875 0.4547526041666667 0.271484375 0.4547526041666667 0.271484375 0.5777994791666666 0.367919921875 0.5777994791666666
33 0.33154296875000006 0.5432942708333334 0.23486328125000006 0.5432942708333334 0.23486328125000006 0.6774088541666666 0.3315429687500001 0.6774088541666666
26 0.50634765625 0.4222005208333334 0.408203125 0.4222005208333333 0.408203125 0.5319010416666667 0.50634765625 0.5319010416666669
21 0.515625 0.35742187500000006 0.431884765625 0.357421875 0.431884765625 0.45279947916666674 0.515625 0.4527994791666668
16 0.57177734375 0.3548177083333335 0.501708984375 0.3548177083333335 0.501708984375 0.47070312500000017 0.57177734375 0.47070312500000017
14 0.62255859375 0.39746093750000017 0.553955078125 0.39746093750000017 0.553955078125 0.5136718750000001 0.62255859375 0.5136718750000001
23 0.74609375 0.3229166666666668 0.65234375 0.32291666666666674 0.65234375 0.4342447916666668 0.74609375 0.4342447916666668
5 0.783203125 0.6005859375000001 0.686767578125 0.6005859375000001 0.686767578125 0.7314453125 0.783203125 0.7314453125
15 0.41284179687500006 0.5032552083333334 0.314697265625 0.5032552083333334 0.31469726562500006 0.6350911458333334 0.4128417968750001 0.6350911458333334
18 0.4484863281250001 0.6142578125 0.3654785156250001 0.6142578125 0.3654785156250001 0.7194010416666666 0.4484863281250001 0.7194010416666666
9 0.4775390625000001 0.6985677083333334 0.3835449218750001 0.6985677083333334 0.3835449218750001 0.8274739583333334 0.4775390625000001 0.8274739583333334
8 0.507568359375 0.7815755208333334 0.4365234375000001 0.7815755208333334 0.4365234375000001 0.9010416666666666 0.507568359375 0.9010416666666666
28 0.4423828125000001 0.8059895833333334 0.3576660156250001 0.8059895833333334 0.3576660156250001 0.9091796875 0.4423828125000001 0.9091796875
33 0.7900390625 0.25976562500000017 0.689697265625 0.25976562500000017 0.689697265625 0.3863932291666668 0.7900390625 0.3863932291666668
13 0.69384765625 0.3987630208333335 0.61083984375 0.3987630208333335 0.61083984375 0.4895833333333335 0.69384765625 0.4895833333333335
27 0.697021484375 0.5266927083333335 0.605712890625 0.5266927083333335 0.605712890625 0.6341145833333335 0.697021484375 0.6341145833333335
20 0.801513671875 0.4557291666666668 0.718017578125 0.4557291666666668 0.718017578125 0.5891927083333335 0.801513671875 0.5891927083333335
27 0.75634765625 0.4163411458333335 0.675048828125 0.4163411458333335 0.675048828125 0.5419921875000001 0.75634765625 0.5419921875000001
28 0.547607421875 0.5192057291666667 0.449462890625 0.5192057291666666 0.44946289062500006 0.6373697916666667 0.547607421875 0.6373697916666669
10 0.43212890625 0.4088541666666667 0.347900390625 0.4088541666666667 0.347900390625 0.5345052083333334 0.43212890625 0.5345052083333334
32 0.52392578125 0.6051432291666667 0.4326171875000001 0.6051432291666666 0.4326171875000001 0.705078125 0.52392578125 0.705078125
32 0.569091796875 0.46484375000000017 0.48193359375 0.46484375000000017 0.48193359375 0.5667317708333335 0.569091796875 0.5667317708333335
30 0.5634765625 0.1956380208333334 0.497802734375 0.1956380208333334 0.497802734375 0.30826822916666674 0.5634765625 0.30826822916666674
4 0.4794921875 0.48502604166666674 0.3818359375 0.4850260416666667 0.3818359375 0.5940755208333334 0.4794921875 0.5940755208333335
13 0.6474609375 0.6123046875000001 0.55859375 0.6123046875000001 0.55859375 0.7408854166666666 0.6474609375 0.7408854166666666
18 0.810302734375 0.18847656250000014 0.710693359375 0.18847656250000014 0.710693359375 0.3196614583333335 0.810302734375 0.3196614583333335
33 0.08789062500000007 0.6341145833333334 5.824247960788682e-17 0.6341145833333334 6.410260589286928e-17 0.76171875 0.08789062500000008 0.76171875
18 0.03784179687500006 0.6741536458333334 6.192000783774826e-17 0.6741536458333334 6.804922155418398e-17 0.8076171875 0.03784179687500007 0.8076171875
18 0.09936523437500008 0.7633463541666666 7.011222519532577e-17 0.7633463541666666 7.583780776458157e-17 0.8880208333333334 0.09936523437500008 0.8880208333333334
18 0.99951171875 0.11360677083333348 0.939208984375 0.11360677083333348 0.939208984375 0.21289062500000014 0.99951171875 0.21289062500000014
18 0.99951171875 0.20279947916666682 0.9443359375 0.20279947916666682 0.9443359375 0.3033854166666668 0.99951171875 0.3033854166666668