8 0.455322265625 0.12272135416666674 0.359375 0.12272135416666674 0.359375 0.24804687500000008 0.455322265625 0.24804687500000008
26 0.66259765625 0.7083333333333334 0.59130859375 0.7083333333333334 0.59130859375 0.828125 0.66259765625 0.828125
11 0.51611328125 0.38053385416666674 0.43017578125 0.3805338541666667 0.43017578125 0.5055338541666667 0.51611328125 0.5055338541666669
5 0.23779296875000006 0.4143880208333333 0.15991210937500006 0.4143880208333333 0.15991210937500006 0.5305989583333334 0.23779296875000006 0.5305989583333334
16 0.35400390625 0.4352213541666667 0.266357421875 0.4352213541666667 0.266357421875 0.5247395833333334 0.35400390625 0.5247395833333334
29 0.38305664062500006 0.5188802083333334 0.29443359375 0.5188802083333334 0.29443359375000006 0.6048177083333334 0.3830566406250001 0.6048177083333334
25 0.371826171875 0.26074218750000006 0.283447265625 0.26074218750000006 0.283447265625 0.38671875 0.371826171875 0.38671875
7 0.4228515625 0.3388671875 0.33154296875 0.3388671875 0.33154296875 0.4654947916666667 0.4228515625 0.4654947916666667
27 0.461669921875 0.43261718750000006 0.36474609375 0.4326171875 0.36474609375 0.5439453125000001 0.461669921875 0.5439453125000001
1 0.511474609375 0.5699869791666667 0.4482421875 0.5699869791666666 0.44824218750000006 0.6920572916666666 0.511474609375 0.6920572916666666
6 0.6171875 0.28906250000000006 0.521240234375 0.28906250000000006 0.521240234375 0.41113281250000017 0.6171875 0.41113281250000017
14 0.72412109375 0.20149739583333345 0.62939453125 0.2014973958333334 0.62939453125 0.3310546875000001 0.72412109375 0.33105468750000017
24 0.81103515625 0.2679036458333335 0.709228515625 0.2679036458333335 0.709228515625 0.39648437500000017 0.81103515625 0.39648437500000017
28 0.662841796875 0.4488932291666668 0.58740234375 0.4488932291666668 0.58740234375 0.5719401041666669 0.662841796875 0.5719401041666669
4 0.617431640625 0.2005208333333334 0.525146484375 0.2005208333333334 0.525146484375 0.31835937500000006 0.617431640625 0.31835937500000006
3 0.614013671875 0.3815104166666668 0.518798828125 0.3815104166666668 0.518798828125 0.5065104166666669 0.614013671875 0.5065104166666669
31 0.56689453125 0.7213541666666666 0.4804687500000001 0.7213541666666666 0.4804687500000001 0.853515625 0.56689453125 0.853515625
11 0.4980468750000001 0.6871744791666666 0.4106445312500001 0.6871744791666666 0.4106445312500001 0.8212890625 0.4980468750000001 0.8212890625
4 0.709716796875 0.3098958333333334 0.613525390625 0.3098958333333334 0.613525390625 0.44140625000000017 0.709716796875 0.44140625000000017
2 0.695556640625 0.10384114583333344 0.5908203125 0.10384114583333344 0.5908203125 0.22688802083333345 0.695556640625 0.22688802083333348
30 0.657470703125 0.5888671875000001 0.572998046875 0.5888671875000001 0.572998046875 0.6722005208333334 0.657470703125 0.6722005208333334