17 0.48828125 0.010742187500000071 0.404296875 0.010742187500000064 0.404296875 0.13183593750000008 0.48828125 0.13183593750000008
31 0.703857421875 0.1796875000000001 0.628173828125 0.17968750000000008 0.628173828125 0.2617187500000001 0.703857421875 0.26171875000000017
27 0.17236328125000006 0.4755859375 0.08178710937500006 0.4755859375 0.08178710937500006 0.5940755208333334 0.17236328125000006 0.5940755208333334
6 0.48925781250000006 0.5527343750000001 0.40625 0.552734375 0.40625000000000006 0.6673177083333334 0.4892578125000001 0.6673177083333334
14 0.35595703125 0.4609375 0.282958984375 0.4609375 0.282958984375 0.5703125 0.35595703125 0.5703125
15 0.3125 0.400390625 0.22827148437500006 0.400390625 0.22827148437500006 0.482421875 0.3125 0.482421875
31 0.22460937500000003 0.2138671875 0.151611328125 0.2138671875 0.15161132812500003 0.3203125 0.22460937500000006 0.3203125
5 0.259033203125 0.13216145833333337 0.170654296875 0.13216145833333337 0.170654296875 0.24609375000000003 0.259033203125 0.24609375000000008
29 0.28955078125 0.05761718750000005 0.208740234375 0.057617187500000035 0.208740234375 0.18001302083333337 0.28955078125 0.1800130208333334
7 0.858154296875 0.0543619791666668 0.767333984375 0.054361979166666796 0.767333984375 0.18619791666666682 0.858154296875 0.18619791666666682
27 0.26635742187500006 0.5423177083333334 0.17675781250000006 0.5423177083333334 0.17675781250000006 0.6438802083333334 0.2663574218750001 0.6438802083333334
7 0.23461914062500006 0.4059244791666667 0.15283203125000006 0.4059244791666667 0.15283203125000006 0.5126953125 0.23461914062500006 0.5126953125
7 0.2509765625 0.31087239583333337 0.15551757812500006 0.3108723958333333 0.15551757812500006 0.4186197916666667 0.2509765625 0.4186197916666667
6 0.307373046875 0.26790364583333337 0.21875 0.2679036458333333 0.21875000000000003 0.380859375 0.307373046875 0.380859375
6 0.461181640625 0.3264973958333334 0.38134765625 0.3264973958333334 0.38134765625 0.43164062500000006 0.461181640625 0.43164062500000017
17 0.4970703125 0.2434895833333334 0.40576171875 0.2434895833333334 0.40576171875 0.36002604166666674 0.4970703125 0.3600260416666668
2 0.52001953125 0.09863281250000007 0.459228515625 0.09863281250000007 0.459228515625 0.21582031250000008 0.52001953125 0.21582031250000008
19 0.558349609375 0.17936197916666674 0.47509765625 0.17936197916666674 0.47509765625 0.27799479166666674 0.558349609375 0.27799479166666674
2 0.958984375 0.08691406250000015 0.86083984375 0.08691406250000015 0.86083984375 0.22298177083333348 0.958984375 0.22298177083333348
31 0.875244140625 0.16438802083333345 0.7822265625 0.16438802083333345 0.7822265625 0.2652994791666668 0.875244140625 0.2652994791666668
23 0.265380859375 0.4752604166666667 0.17529296875000006 0.4752604166666667 0.17529296875000006 0.5729166666666666 0.265380859375 0.5729166666666666
18 0.12109375000000004 0.3824869791666667 0.026855468750000035 0.3824869791666667 0.026855468750000038 0.4833984375 0.12109375000000006 0.4833984375
28 0.4431152343750001 0.7854817708333334 0.3547363281250001 0.7854817708333334 0.3547363281250001 0.8929036458333334 0.4431152343750001 0.8929036458333334
0 0.999755859375 0.17545572916666682 0.904296875 0.17545572916666682 0.904296875 0.3108723958333335 0.999755859375 0.3108723958333335
18 0.38818359375 0.28971354166666674 0.298828125 0.28971354166666674 0.298828125 0.4029947916666667 0.38818359375 0.4029947916666667
0 0.40283203125 0.3850911458333333 0.31982421875 0.3850911458333333 0.31982421875 0.486328125 0.40283203125 0.486328125
30 0.797607421875 0.1090494791666668 0.703369140625 0.10904947916666678 0.703369140625 0.22428385416666682 0.797607421875 0.22428385416666682
32 0.43310546875 0.4850260416666667 0.3486328125 0.4850260416666667 0.3486328125 0.6022135416666666 0.43310546875 0.6022135416666666
32 0.367919921875 0.21549479166666674 0.282958984375 0.21549479166666674 0.282958984375 0.32779947916666674 0.367919921875 0.32779947916666674
21 0.4208984375 0.09342447916666674 0.340576171875 0.09342447916666674 0.340576171875 0.20800781250000008 0.4208984375 0.20800781250000008
31 0.444580078125 0.17740885416666674 0.353759765625 0.17740885416666674 0.353759765625 0.29589843750000006 0.444580078125 0.29589843750000006
22 0.37158203125 0.11425781250000006 0.2880859375 0.11425781250000004 0.2880859375 0.23697916666666674 0.37158203125 0.23697916666666674
16 0.31884765625 0.16861979166666674 0.241455078125 0.16861979166666674 0.241455078125 0.2825520833333334 0.31884765625 0.2825520833333334
32 0.05761718750000002 0.22005208333333334 2.0211455962490497e-17 0.22005208333333334 2.533906646185014e-17 0.3317057291666667 0.05761718750000003 0.3317057291666667
31 0.999755859375 0.4456380208333335 0.9169921875 0.4456380208333335 0.9169921875 0.5693359375000001 0.999755859375 0.5693359375000001
33 0.99951171875 0.36035156250000017 0.9736328125 0.36035156250000017 0.9736328125 0.4469401041666668 0.99951171875 0.4469401041666668
11 0.832763671875 0.6119791666666669 0.745849609375 0.6119791666666669 0.745849609375 0.70703125 0.832763671875 0.70703125
10 0.999755859375 0.23111979166666682 0.959228515625 0.23111979166666682 0.959228515625 0.33398437500000017 0.999755859375 0.33398437500000017