11 0.557861328125 0.06608072916666675 0.489990234375 0.06608072916666674 0.489990234375 0.16601562500000008 0.557861328125 0.16601562500000008
2 0.510009765625 0.16992187500000008 0.447509765625 0.16992187500000008 0.447509765625 0.27018229166666674 0.510009765625 0.27018229166666674
28 0.896484375 0.6539713541666669 0.808837890625 0.6539713541666669 0.808837890625 0.7457682291666666 0.896484375 0.7457682291666666
27 0.578369140625 0.29166666666666674 0.502685546875 0.29166666666666674 0.502685546875 0.3854166666666668 0.578369140625 0.3854166666666668
4 0.78076171875 0.3557942708333335 0.71044921875 0.3557942708333335 0.71044921875 0.4329427083333335 0.78076171875 0.4329427083333335
19 0.694091796875 0.2981770833333334 0.623046875 0.2981770833333334 0.623046875 0.40136718750000017 0.694091796875 0.40136718750000017
33 0.47998046875 0.2698567708333334 0.408935546875 0.2698567708333334 0.408935546875 0.34765625000000006 0.47998046875 0.34765625000000017
9 0.462646484375 0.4817708333333334 0.398681640625 0.4817708333333333 0.398681640625 0.5504557291666667 0.462646484375 0.5504557291666669
14 0.525634765625 0.5029296875000001 0.459228515625 0.5029296875000001 0.459228515625 0.5712890625000001 0.525634765625 0.5712890625000001
8 0.5107421875 0.5983072916666667 0.439697265625 0.5983072916666666 0.43969726562500006 0.6868489583333334 0.5107421875 0.6868489583333334
10 0.28857421875 0.4860026041666667 0.21997070312500006 0.4860026041666667 0.21997070312500006 0.5589192708333334 0.28857421875 0.5589192708333334
29 0.26416015625 0.3704427083333333 0.18603515625000006 0.3704427083333333 0.18603515625000006 0.4674479166666667 0.26416015625 0.4674479166666667
4 0.3798828125 0.29296875000000006 0.302490234375 0.29296875000000006 0.302490234375 0.3844401041666667 0.3798828125 0.3844401041666667
26 0.368896484375 0.3684895833333333 0.293212890625 0.3684895833333333 0.293212890625 0.4622395833333333 0.368896484375 0.4622395833333333
11 0.343017578125 0.4557291666666667 0.286865234375 0.4557291666666667 0.286865234375 0.5494791666666666 0.343017578125 0.5494791666666666
28 0.35864257812500006 0.5553385416666666 0.285888671875 0.5553385416666666 0.28588867187500006 0.6363932291666666 0.3586425781250001 0.6363932291666666
30 0.65478515625 0.39453125000000017 0.590087890625 0.39453125000000017 0.590087890625 0.4967447916666668 0.65478515625 0.4967447916666668
30 0.62255859375 0.4671223958333335 0.5458984375 0.4671223958333335 0.5458984375 0.5631510416666669 0.62255859375 0.5631510416666669
12 0.562744140625 0.21842447916666674 0.482177734375 0.21842447916666674 0.482177734375 0.2932942708333334 0.562744140625 0.2932942708333334
27 0.588623046875 0.3863932291666668 0.516845703125 0.3863932291666668 0.516845703125 0.4654947916666668 0.588623046875 0.4654947916666668
10 0.7255859375 0.49023437500000017 0.66015625 0.49023437500000017 0.66015625 0.5891927083333335 0.7255859375 0.5891927083333335
25 0.576904296875 0.7464192708333334 0.5048828125 0.7464192708333334 0.5048828125 0.8170572916666666 0.576904296875 0.8170572916666666
3 0.4980468750000001 0.7255859375 0.4262695312500001 0.7255859375 0.4262695312500001 0.8076171875 0.4980468750000001 0.8076171875
12 0.3901367187500001 0.6529947916666666 0.3269042968750001 0.6529947916666666 0.3269042968750001 0.7509765625 0.3901367187500001 0.7509765625
19 0.4643554687500001 0.8125 0.4152832031250001 0.8125 0.4152832031250001 0.91796875 0.4643554687500001 0.91796875
15 0.521728515625 0.7916666666666666 0.4567871093750001 0.7916666666666666 0.4567871093750001 0.8968098958333334 0.521728515625 0.8968098958333334
22 0.39892578125 0.4977213541666667 0.33251953125 0.4977213541666667 0.33251953125 0.5735677083333334 0.39892578125 0.5735677083333334
20 0.4145507812500001 0.8043619791666666 0.3371582031250001 0.8043619791666666 0.3371582031250001 0.9104817708333334 0.4145507812500001 0.9104817708333334
25 0.4934082031250001 0.9013671875 0.4174804687500001 0.9013671875 0.4174804687500001 0.9934895833333334 0.4934082031250001 0.9934895833333334
18 0.58544921875 0.6477864583333335 0.515869140625 0.6477864583333335 0.515869140625 0.7526041666666666 0.58544921875 0.7526041666666666
29 0.42724609375000006 0.5807291666666666 0.355224609375 0.5807291666666666 0.35522460937500006 0.6578776041666666 0.4272460937500001 0.6578776041666666
24 0.31103515625 0.27506510416666674 0.245849609375 0.27506510416666674 0.24584960937500003 0.373046875 0.31103515625 0.373046875
13 0.52099609375 0.34863281250000006 0.451171875 0.3486328125 0.451171875 0.45605468750000006 0.52099609375 0.45605468750000017
3 0.685791015625 0.4586588541666668 0.61865234375 0.4586588541666668 0.61865234375 0.5608723958333335 0.685791015625 0.5608723958333335
1 0.72412109375 0.3844401041666668 0.656982421875 0.3844401041666668 0.656982421875 0.4827473958333335 0.72412109375 0.4827473958333335
9 0.6328125 0.25488281250000006 0.579833984375 0.25488281250000006 0.579833984375 0.3531901041666668 0.6328125 0.3531901041666668