3 0.7337239583333334 0.32177734375000006 0.5250651041666666 0.32177734375 0.5250651041666667 0.47290039062500006 0.7337239583333334 0.4729003906250001
17 0.9104817708333334 0.4707031250000001 0.7535807291666666 0.4707031250000001 0.7535807291666666 0.6044921875 0.9104817708333334 0.6044921875
27 0.3294270833333334 0.52099609375 0.1282552083333334 0.52099609375 0.12825520833333343 0.662353515625 0.3294270833333334 0.662353515625
9 0.443359375 0.18066406250000003 0.23079427083333334 0.1806640625 0.23079427083333337 0.319091796875 0.443359375 0.319091796875
10 0.2076822916666667 0.127197265625 0.028971354166666685 0.127197265625 0.0289713541666667 0.279296875 0.20768229166666674 0.279296875
2 0.4222005208333333 0.2939453125 0.2415364583333334 0.2939453125 0.2415364583333334 0.44677734375 0.4222005208333333 0.44677734375
0 0.36197916666666674 0.4169921875 0.15787760416666674 0.4169921875 0.15787760416666674 0.560546875 0.3619791666666668 0.560546875
31 0.5940755208333335 0.499267578125 0.38867187500000017 0.499267578125 0.38867187500000017 0.644775390625 0.5940755208333335 0.644775390625
11 0.5283203125000001 0.60400390625 0.31608072916666674 0.60400390625 0.3160807291666668 0.73974609375 0.5283203125000001 0.73974609375
10 0.4313151041666668 0.69140625 0.2630208333333335 0.69140625 0.2630208333333335 0.853759765625 0.4313151041666668 0.853759765625
12 0.6080729166666666 0.26611328125000006 0.3854166666666667 0.26611328125 0.3854166666666667 0.42822265625000006 0.6080729166666666 0.4282226562500001
30 0.6061197916666667 0.40136718750000006 0.3938802083333333 0.4013671875 0.3938802083333334 0.544189453125 0.6061197916666669 0.544189453125
22 0.8258463541666666 0.3867187500000001 0.6142578125 0.3867187500000001 0.6142578125000001 0.541015625 0.8258463541666666 0.541015625
2 0.51953125 3.958575102712636e-17 0.3424479166666667 3.1453330876538465e-17 0.3424479166666667 0.08642578125000004 0.51953125 0.08642578125000006
2 0.1953125 1.1525911647248648e-17 0.0556640625 5.112661197612241e-18 0.0556640625 0.04956054687500001 0.1953125 0.049560546875000014
2 0.09700520833333336 0.03344726562500001 5.4614782383850054e-18 0.033447265625 1.5407747000991276e-17 0.1552734375 0.09700520833333337 0.1552734375
2 0.08138020833333338 0.196044921875 3.201143814177489e-17 0.196044921875 4.175838288108244e-17 0.3154296875 0.08138020833333338 0.3154296875
2 0.076171875 3.498136608892586e-18 0 0 4.165872086943309e-18 0.05102539062500001 0.076171875 0.051025390625000014