22 0.305908203125 0.13313802083333337 0.229248046875 0.13313802083333337 0.229248046875 0.25000000000000006 0.305908203125 0.25000000000000006
21 0.40673828125 0.08170572916666673 0.337158203125 0.08170572916666673 0.337158203125 0.1995442708333334 0.40673828125 0.1995442708333334
6 0.4003906250000001 0.671875 0.3276367187500001 0.671875 0.3276367187500001 0.7887369791666666 0.4003906250000001 0.7887369791666666
8 0.37841796875 0.4596354166666667 0.3056640625 0.4596354166666667 0.3056640625 0.5745442708333334 0.37841796875 0.5745442708333334
2 0.5224609375 0.10579427083333341 0.432373046875 0.10579427083333341 0.432373046875 0.21875000000000008 0.5224609375 0.21875000000000008
12 0.793701171875 0.5895182291666669 0.6904296875 0.5895182291666669 0.6904296875 0.6975911458333334 0.793701171875 0.6975911458333334
0 0.798583984375 0.4563802083333335 0.69287109375 0.4563802083333335 0.69287109375 0.5940755208333335 0.798583984375 0.5940755208333335
31 0.7021484375 0.4977213541666668 0.6015625 0.4977213541666668 0.6015625 0.6083984375000001 0.7021484375 0.6083984375000001
10 0.61669921875 0.49316406250000017 0.517333984375 0.49316406250000017 0.517333984375 0.6210937500000001 0.61669921875 0.6210937500000001
31 0.538330078125 0.3932291666666668 0.4609375 0.3932291666666668 0.4609375 0.5299479166666669 0.538330078125 0.5299479166666669
11 0.57177734375 0.2962239583333334 0.485107421875 0.2962239583333334 0.485107421875 0.4280598958333335 0.57177734375 0.4280598958333335
30 0.641357421875 0.2024739583333334 0.5390625 0.2024739583333334 0.5390625 0.3274739583333334 0.641357421875 0.3274739583333334
1 0.54150390625 0.2102864583333334 0.44580078125 0.2102864583333334 0.44580078125 0.32096354166666674 0.54150390625 0.32096354166666674
31 0.41796875 0.20605468750000008 0.322998046875 0.20605468750000008 0.322998046875 0.3470052083333333 0.41796875 0.3470052083333333
28 0.529052734375 0.6800130208333334 0.4274902343750001 0.6800130208333334 0.4274902343750001 0.8001302083333334 0.529052734375 0.8001302083333334
6 0.49755859375000006 0.5709635416666667 0.40966796875 0.5709635416666666 0.40966796875000006 0.7018229166666666 0.4975585937500001 0.7018229166666666
0 0.40698242187500006 0.56640625 0.33251953125 0.56640625 0.33251953125000006 0.6826171875 0.4069824218750001 0.6826171875
19 0.434326171875 0.390625 0.3369140625 0.390625 0.3369140625 0.5078125 0.434326171875 0.5078125
14 0.481201171875 0.4583333333333334 0.3828125 0.4583333333333333 0.3828125 0.5865885416666667 0.481201171875 0.5865885416666669
32 0.3068847656250001 0.630859375 0.21118164062500006 0.630859375 0.21118164062500006 0.7643229166666666 0.3068847656250001 0.7643229166666666
14 0.25830078125000006 0.5091145833333334 0.16699218750000006 0.5091145833333334 0.16699218750000006 0.6064453125 0.2583007812500001 0.6064453125
15 0.3203125 0.4609375 0.24609375000000006 0.4609375 0.24609375000000006 0.5719401041666666 0.3203125 0.5719401041666666
27 0.269287109375 0.421875 0.16943359375000006 0.421875 0.16943359375000006 0.5218098958333334 0.269287109375 0.5218098958333334
7 0.297607421875 0.3580729166666667 0.20434570312500006 0.3580729166666667 0.20434570312500006 0.4580078125 0.297607421875 0.4580078125