33 0.341796875 0.1575520833333334 0.218505859375 0.15755208333333337 0.21850585937500003 0.3346354166666667 0.341796875 0.3346354166666667
9 0.598388671875 0.1054687500000001 0.477294921875 0.10546875000000007 0.477294921875 0.23697916666666674 0.598388671875 0.23697916666666674
26 0.84326171875 0.04069010416666679 0.702392578125 0.040690104166666775 0.702392578125 0.23632812500000014 0.84326171875 0.23632812500000014
23 0.578369140625 0.3567708333333335 0.45458984375 0.3567708333333335 0.45458984375 0.4811197916666668 0.578369140625 0.4811197916666668
8 0.38623046875 0.3235677083333334 0.276123046875 0.3235677083333334 0.276123046875 0.4518229166666667 0.38623046875 0.4518229166666667
20 0.477294921875 0.3694661458333334 0.372802734375 0.3694661458333333 0.372802734375 0.5364583333333334 0.477294921875 0.5364583333333335
28 0.70068359375 0.3134765625000001 0.5634765625 0.31347656250000006 0.5634765625 0.5201822916666669 0.70068359375 0.5201822916666669
6 0.810546875 0.3518880208333335 0.6689453125 0.3518880208333335 0.6689453125 0.5302734375000001 0.810546875 0.5302734375000001
25 0.5849609375 0.20865885416666674 0.46484375 0.20865885416666674 0.46484375 0.3453776041666668 0.5849609375 0.3453776041666668
13 0.3037109375 0.3772786458333333 0.21459960937500006 0.3772786458333333 0.21459960937500006 0.5384114583333334 0.3037109375 0.5384114583333334
16 0.23120117187500006 0.4114583333333333 0.10693359375000003 0.4114583333333333 0.10693359375000004 0.5615234375 0.23120117187500006 0.5615234375
28 0.28295898437500006 0.5068359375 0.15991210937500006 0.5068359375 0.15991210937500006 0.6783854166666666 0.2829589843750001 0.6783854166666666
14 0.524658203125 0.5371093750000001 0.392333984375 0.537109375 0.39233398437500006 0.7210286458333334 0.524658203125 0.7210286458333334
21 0.603515625 0.5507812500000001 0.47509765625 0.5507812500000001 0.47509765625000006 0.7386067708333334 0.603515625 0.7386067708333334
16 0.734130859375 0.5673828125000001 0.591796875 0.5673828125000001 0.591796875 0.7568359375 0.734130859375 0.7568359375
10 0.9619140625 0.6728515625000001 0.81201171875 0.6728515625 0.81201171875 0.8014322916666669 0.9619140625 0.801432291666667
27 0.894287109375 0.4514973958333335 0.764892578125 0.4514973958333335 0.764892578125 0.6344401041666669 0.894287109375 0.6344401041666669
29 0.4567871093750001 0.6764322916666666 0.3459472656250001 0.6764322916666666 0.3459472656250001 0.8483072916666666 0.4567871093750001 0.8483072916666666
32 0.585205078125 0.7776692708333334 0.4450683593750001 0.7776692708333334 0.4450683593750001 0.9869791666666666 0.585205078125 0.9869791666666666
7 0.40625 0.4254557291666667 0.283935546875 0.4254557291666667 0.283935546875 0.5559895833333334 0.40625 0.5559895833333334
33 0.485107421875 0.2561848958333334 0.3662109375 0.2561848958333334 0.3662109375 0.37988281250000006 0.485107421875 0.37988281250000017
32 0.806396484375 0.5022786458333335 0.669921875 0.5022786458333335 0.669921875 0.6832682291666666 0.806396484375 0.6832682291666666
4 0.2792968750000001 0.916015625 0.1809082031250001 0.916015625 0.1809082031250001 1 0.2792968750000001 1
13 0.8681640625 0.24869791666666682 0.724609375 0.24869791666666682 0.724609375 0.4195963541666668 0.8681640625 0.4195963541666668