12 0.392578125 0.03255208333333339 0.316650390625 0.03255208333333339 0.316650390625 0.1451822916666667 0.392578125 0.14518229166666674
30 0.494140625 0.09440104166666674 0.414306640625 0.09440104166666674 0.414306640625 0.1975911458333334 0.494140625 0.1975911458333334
28 0.513916015625 0.2014973958333334 0.432373046875 0.2014973958333334 0.432373046875 0.3089192708333334 0.513916015625 0.3089192708333334
14 0.60986328125 0.35156250000000017 0.538818359375 0.35156250000000017 0.538818359375 0.4654947916666668 0.60986328125 0.4654947916666668
25 0.731201171875 0.4147135416666668 0.64599609375 0.4147135416666668 0.64599609375 0.5315755208333335 0.731201171875 0.5315755208333335
15 0.22558593750000006 0.5963541666666666 0.13549804687500006 0.5963541666666666 0.13549804687500006 0.7132161458333334 0.22558593750000006 0.7132161458333334
24 0.15625000000000006 0.6949869791666666 0.06079101562500007 0.6949869791666666 0.06079101562500007 0.7991536458333334 0.15625000000000006 0.7991536458333334
13 0.10913085937500008 0.7737630208333334 0.02148437500000007 0.7737630208333334 0.021484375000000076 0.8873697916666666 0.10913085937500008 0.8873697916666666
5 0.2729492187500001 0.6614583333333334 0.19140625000000006 0.6614583333333334 0.19140625000000006 0.7561848958333334 0.2729492187500001 0.7561848958333334
13 0.2814941406250001 0.7620442708333334 0.18823242187500006 0.7620442708333334 0.18823242187500006 0.8707682291666666 0.2814941406250001 0.8707682291666666
13 0.47851562500000006 0.49218750000000006 0.4033203125 0.4921875 0.40332031250000006 0.6061197916666667 0.4785156250000001 0.6061197916666669
19 0.884033203125 0.07552083333333347 0.818359375 0.07552083333333347 0.818359375 0.18717447916666682 0.884033203125 0.18717447916666682
24 0.4460449218750001 0.8063151041666666 0.3520507812500001 0.8063151041666666 0.3520507812500001 0.9095052083333334 0.4460449218750001 0.9095052083333334
18 0.42724609375000006 0.5963541666666666 0.359130859375 0.5963541666666666 0.35913085937500006 0.6985677083333334 0.4272460937500001 0.6985677083333334
18 0.54052734375 0.8138020833333334 0.4670410156250001 0.8138020833333334 0.4670410156250001 0.9326171875 0.54052734375 0.9326171875
27 0.83984375 0.4567057291666668 0.744384765625 0.4567057291666668 0.744384765625 0.5725911458333335 0.83984375 0.5725911458333335
9 0.633544921875 0.06608072916666677 0.552978515625 0.06608072916666675 0.552978515625 0.13769531250000008 0.633544921875 0.1376953125000001
26 0.20043945312500008 0.8232421875 0.13232421875000006 0.8232421875 0.13232421875000008 0.9388020833333334 0.2004394531250001 0.9388020833333334
20 0.2949218750000001 0.8935546875 0.21118164062500006 0.8935546875 0.21118164062500008 0.9986979166666666 0.2949218750000001 0.9986979166666666
10 0.32080078125 0.25292968750000006 0.244384765625 0.25292968750000006 0.24438476562500003 0.3717447916666667 0.32080078125 0.3717447916666667
4 0.3798828125 0.19824218750000008 0.29150390625 0.19824218750000008 0.29150390625 0.31315104166666674 0.3798828125 0.31315104166666674
27 0.73193359375 0.10904947916666678 0.660888671875 0.10904947916666678 0.660888671875 0.22591145833333345 0.73193359375 0.22591145833333348
29 0.609130859375 0.15722656250000008 0.526123046875 0.15722656250000008 0.526123046875 0.2405598958333334 0.609130859375 0.2405598958333334
11 0.533447265625 0.6025390625000001 0.4521484375 0.6025390625 0.45214843750000006 0.7151692708333334 0.533447265625 0.7151692708333334
3 0.3522949218750001 0.68359375 0.2758789062500001 0.68359375 0.2758789062500001 0.7991536458333334 0.3522949218750001 0.7991536458333334
28 0.73681640625 0.3212890625000001 0.64599609375 0.32128906250000006 0.64599609375 0.4339192708333335 0.73681640625 0.4339192708333335
30 0.80908203125 0.35156250000000017 0.72314453125 0.35156250000000017 0.72314453125 0.4654947916666668 0.80908203125 0.4654947916666668
4 0.875244140625 0.2991536458333335 0.795654296875 0.2991536458333335 0.795654296875 0.4244791666666668 0.875244140625 0.4244791666666668
1 0.9169921875 0.19531250000000014 0.8271484375 0.19531250000000014 0.8271484375 0.2867838541666668 0.9169921875 0.2867838541666668
11 0.857177734375 0.008138020833333466 0.76806640625 0.008138020833333459 0.76806640625 0.1051432291666668 0.857177734375 0.10514322916666681
14 0.3720703125000001 0.8525390625 0.2836914062500001 0.8525390625 0.2836914062500001 0.9609375 0.3720703125000001 0.9609375