10 0.355712890625 0.33007812500000006 0.272705078125 0.33007812500000006 0.272705078125 0.4368489583333333 0.355712890625 0.4368489583333333
17 0.35498046875 0.46875 0.271484375 0.46875 0.271484375 0.5592447916666666 0.35498046875 0.5592447916666666
24 0.399169921875 0.2805989583333334 0.310791015625 0.2805989583333334 0.310791015625 0.3802083333333333 0.399169921875 0.3802083333333333
3 0.5048828125 0.20996093750000008 0.41650390625 0.20996093750000008 0.41650390625 0.30761718750000006 0.5048828125 0.30761718750000006
27 0.478759765625 0.2786458333333334 0.395263671875 0.2786458333333334 0.395263671875 0.38736979166666674 0.478759765625 0.3873697916666668
33 0.533935546875 0.2835286458333334 0.483642578125 0.2835286458333334 0.483642578125 0.3841145833333335 0.533935546875 0.3841145833333335
9 0.515380859375 0.37369791666666674 0.4521484375 0.3736979166666667 0.4521484375 0.48242187500000006 0.515380859375 0.48242187500000017
31 0.454345703125 0.42187500000000006 0.38818359375 0.421875 0.38818359375 0.5292968750000001 0.454345703125 0.5292968750000001
11 0.522216796875 0.47330729166666674 0.439208984375 0.4733072916666667 0.439208984375 0.5628255208333334 0.522216796875 0.5628255208333335
9 0.41552734375 0.3736979166666667 0.3330078125 0.3736979166666667 0.3330078125 0.4847005208333333 0.41552734375 0.4847005208333333
12 0.507080078125 0.6953125 0.4301757812500001 0.6953125 0.4301757812500001 0.7776692708333334 0.507080078125 0.7776692708333334
30 0.53662109375 0.5960286458333335 0.4833984375 0.5960286458333335 0.48339843750000006 0.6982421875 0.53662109375 0.6982421875
2 0.587890625 0.736328125 0.5068359375 0.736328125 0.5068359375 0.8440755208333334 0.587890625 0.8440755208333334
2 0.632080078125 0.8157552083333334 0.5478515625 0.8157552083333334 0.5478515625 0.935546875 0.632080078125 0.935546875
0 0.661865234375 0.7522786458333334 0.574951171875 0.7522786458333334 0.574951171875 0.8684895833333334 0.661865234375 0.8684895833333334
19 0.750732421875 0.7379557291666666 0.659423828125 0.7379557291666666 0.659423828125 0.8466796875 0.750732421875 0.8466796875
12 0.682861328125 0.6188151041666669 0.5947265625 0.6188151041666669 0.5947265625 0.724609375 0.682861328125 0.724609375
23 0.623779296875 0.6601562500000001 0.53857421875 0.6601562500000001 0.53857421875 0.7789713541666666 0.623779296875 0.7789713541666666
28 0.7958984375 0.5550130208333335 0.71875 0.5550130208333335 0.71875 0.6647135416666669 0.7958984375 0.6647135416666669
12 0.73095703125 0.5507812500000001 0.643798828125 0.5507812500000001 0.643798828125 0.6569010416666669 0.73095703125 0.6569010416666669
29 0.71435546875 0.47265625000000017 0.62841796875 0.47265625000000017 0.62841796875 0.5826822916666669 0.71435546875 0.5826822916666669
3 0.805419921875 0.4293619791666668 0.71875 0.4293619791666668 0.71875 0.5084635416666669 0.805419921875 0.5084635416666669
1 0.673095703125 0.3766276041666668 0.599365234375 0.3766276041666668 0.599365234375 0.48828125000000017 0.673095703125 0.48828125000000017
15 0.729248046875 0.3014322916666668 0.6513671875 0.30143229166666674 0.6513671875 0.4147135416666668 0.729248046875 0.4147135416666668
10 0.704345703125 0.21126302083333345 0.6201171875 0.2112630208333334 0.6201171875 0.3167317708333334 0.704345703125 0.3167317708333335
10 0.6591796875 0.2454427083333334 0.569091796875 0.2454427083333334 0.569091796875 0.3580729166666668 0.6591796875 0.3580729166666668