31 0.2861328125 0.22656250000000003 0.199462890625 0.2265625 0.19946289062500003 0.3277994791666667 0.2861328125 0.32779947916666674
8 0.32177734375 0.13313802083333337 0.256103515625 0.13313802083333337 0.256103515625 0.2395833333333334 0.32177734375 0.2395833333333334
27 0.4113769531250001 0.6350911458333334 0.3237304687500001 0.6350911458333334 0.3237304687500001 0.7529296875 0.4113769531250001 0.7529296875
26 0.263427734375 0.4137369791666667 0.18920898437500006 0.4137369791666667 0.18920898437500006 0.5250651041666666 0.263427734375 0.5250651041666666
16 0.421630859375 0.3001302083333334 0.335693359375 0.3001302083333334 0.335693359375 0.3919270833333333 0.421630859375 0.3919270833333333
2 0.494140625 0.3401692708333334 0.408935546875 0.3401692708333333 0.408935546875 0.44531250000000006 0.494140625 0.44531250000000017
14 0.598876953125 0.4964192708333335 0.517578125 0.4964192708333335 0.517578125 0.5891927083333335 0.598876953125 0.5891927083333335
25 0.53125 0.5742187500000001 0.453857421875 0.5742187500000001 0.45385742187500006 0.6660156250000001 0.53125 0.6660156250000001
29 0.41455078125000006 0.5543619791666666 0.326171875 0.5543619791666666 0.32617187500000006 0.6448567708333334 0.4145507812500001 0.6448567708333334
0 0.17919921875000006 0.4765625 0.11206054687500006 0.4765625 0.11206054687500006 0.5755208333333334 0.17919921875000006 0.5755208333333334
33 0.19262695312500006 0.6510416666666666 0.10083007812500006 0.6510416666666666 0.10083007812500006 0.7353515625 0.19262695312500006 0.7353515625
6 0.2893066406250001 0.7662760416666666 0.20092773437500006 0.7662760416666666 0.20092773437500006 0.8831380208333334 0.2893066406250001 0.8831380208333334
7 0.6484375 0.6591796875000001 0.56396484375 0.6591796875000001 0.56396484375 0.7877604166666666 0.6484375 0.7877604166666666
24 0.517822265625 0.44628906250000017 0.463134765625 0.44628906250000017 0.463134765625 0.5514322916666669 0.517822265625 0.5514322916666669
28 0.569091796875 0.32128906250000006 0.4765625 0.32128906250000006 0.4765625 0.4274088541666668 0.569091796875 0.4274088541666668
20 0.4326171875 0.4661458333333333 0.3388671875 0.4661458333333333 0.3388671875 0.5504557291666666 0.4326171875 0.5504557291666666
1 0.3005371093750001 0.6751302083333334 0.21582031250000006 0.6751302083333334 0.21582031250000006 0.779296875 0.3005371093750001 0.779296875
3 0.259521484375 0.5237630208333334 0.17407226562500006 0.5237630208333334 0.17407226562500006 0.59765625 0.259521484375 0.59765625
4 0.4926757812500001 0.6930338541666666 0.4152832031250001 0.6930338541666666 0.4152832031250001 0.7897135416666666 0.4926757812500001 0.7897135416666666
11 0.4633789062500001 0.7600911458333334 0.3742675781250001 0.7600911458333334 0.3742675781250001 0.8600260416666666 0.4633789062500001 0.8600260416666666
30 0.7099609375 0.5533854166666669 0.652099609375 0.5533854166666669 0.652099609375 0.6669921875 0.7099609375 0.6669921875
11 0.336669921875 0.3274739583333334 0.25537109375 0.3274739583333334 0.25537109375 0.4306640625 0.336669921875 0.4306640625
5 0.265869140625 0.07454427083333337 0.185302734375 0.07454427083333337 0.185302734375 0.1754557291666667 0.265869140625 0.17545572916666674
4 0.17749023437500003 0.23307291666666666 0.10180664062500003 0.23307291666666666 0.10180664062500003 0.31640625 0.17749023437500006 0.31640625