33 0.48974609375 0.4055989583333334 0.400634765625 0.4055989583333333 0.400634765625 0.5068359375000001 0.48974609375 0.5068359375000001
30 0.54296875 0.6744791666666666 0.4455566406250001 0.6744791666666666 0.4455566406250001 0.8219401041666666 0.54296875 0.8219401041666666
20 0.580078125 0.47460937500000017 0.50732421875 0.47460937500000017 0.50732421875 0.6038411458333335 0.580078125 0.6038411458333335
18 0.636474609375 0.7268880208333334 0.530517578125 0.7268880208333334 0.530517578125 0.8697916666666666 0.636474609375 0.8697916666666666
16 0.5 0.5113932291666667 0.40380859375 0.5113932291666666 0.40380859375000006 0.6074218750000001 0.5 0.6074218750000001
25 0.4250488281250001 0.640625 0.3215332031250001 0.640625 0.3215332031250001 0.759765625 0.4250488281250001 0.759765625
29 0.52685546875 0.7978515625 0.4177246093750001 0.7978515625 0.4177246093750001 0.9495442708333334 0.52685546875 0.9495442708333334
26 0.3789062500000001 0.7750651041666666 0.2709960937500001 0.7750651041666666 0.2709960937500001 0.8922526041666666 0.3789062500000001 0.8922526041666666
15 0.2817382812500001 0.6875 0.17626953125000006 0.6875 0.17626953125000006 0.8196614583333334 0.2817382812500001 0.8196614583333334
22 0.22192382812500008 0.7721354166666666 0.13696289062500006 0.7721354166666666 0.13696289062500008 0.9114583333333334 0.2219238281250001 0.9114583333333334
17 0.4086914062500001 0.8697916666666666 0.3112792968750001 0.8697916666666666 0.3112792968750001 0.9993489583333334 0.4086914062500001 0.9993489583333334
31 0.703857421875 0.7887369791666666 0.594970703125 0.7887369791666666 0.594970703125 0.9381510416666666 0.703857421875 0.9381510416666666
28 0.871826171875 0.008138020833333467 0.758056640625 0.008138020833333459 0.758056640625 0.16406250000000014 0.871826171875 0.16406250000000014
33 0.599609375 0.018880208333333422 0.51123046875 0.018880208333333415 0.51123046875 0.13444010416666677 0.599609375 0.13444010416666677
25 0.2907714843750001 0.8818359375 0.17456054687500006 0.8818359375 0.17456054687500008 0.9993489583333334 0.2907714843750001 0.9993489583333334
29 0.4829101562500001 0.931640625 0.3852539062500001 0.931640625 0.3852539062500001 0.9996744791666666 0.4829101562500001 0.9996744791666666
17 0.57373046875 0.9544270833333334 0.4809570312500001 0.9544270833333334 0.4809570312500001 0.9993489583333334 0.57373046875 0.9993489583333334
29 0.675537109375 0.9449869791666666 0.581298828125 0.9449869791666666 0.581298828125 0.9993489583333334 0.675537109375 0.9993489583333334
33 0.8115234375 1.2595285032246298e-16 0.731201171875 1.19395089955935e-16 0.731201171875 0.05761718750000012 0.8115234375 0.05761718750000013
33 0.895751953125 1.388690470322202e-16 0.80517578125 1.3147412576783758e-16 0.80517578125 0.0514322916666668 0.895751953125 0.05143229166666682
33 0.550048828125 8.43539266600195e-17 0.483154296875 7.88924484216345e-17 0.483154296875 0.04524739583333342 0.550048828125 0.045247395833333426
17 0.1579589843750001 0.921875 0.03955078125000008 0.921875 0.03955078125000009 0.9993489583333334 0.1579589843750001 0.9993489583333334
17 0.3596191406250001 0.9505208333333334 0.2583007812500001 0.9505208333333334 0.2583007812500001 0.9996744791666666 0.3596191406250001 0.9996744791666666