33 0.758056640625 0.43652343750000017 0.672607421875 0.43652343750000017 0.672607421875 0.5725911458333335 0.758056640625 0.5725911458333335
19 0.629638671875 0.28873697916666674 0.542724609375 0.28873697916666674 0.542724609375 0.4117838541666668 0.629638671875 0.4117838541666668
33 0.47607421875 0.13964843750000008 0.38916015625 0.13964843750000008 0.38916015625 0.2669270833333334 0.47607421875 0.2669270833333334
17 0.44140625 0.3369140625 0.375732421875 0.3369140625 0.375732421875 0.4495442708333333 0.44140625 0.4495442708333333
22 0.37841796875 0.4000651041666667 0.3095703125 0.4000651041666667 0.3095703125 0.5104166666666666 0.37841796875 0.5104166666666666
2 0.3232421875 0.4680989583333333 0.22851562500000006 0.4680989583333333 0.22851562500000006 0.5660807291666666 0.3232421875 0.5660807291666666
12 0.31469726562500006 0.5709635416666666 0.23413085937500006 0.5709635416666666 0.23413085937500006 0.6471354166666666 0.3146972656250001 0.6471354166666666
30 0.501220703125 0.45865885416666674 0.412109375 0.4586588541666667 0.412109375 0.5797526041666667 0.501220703125 0.5797526041666669
2 0.44213867187500006 0.490234375 0.36083984375 0.490234375 0.36083984375000006 0.6165364583333334 0.4421386718750001 0.6165364583333334
27 0.576904296875 0.33886718750000017 0.49560546875 0.33886718750000017 0.49560546875 0.4612630208333335 0.576904296875 0.4612630208333335
23 0.3579101562500001 0.6520182291666666 0.2639160156250001 0.6520182291666666 0.2639160156250001 0.7552083333333334 0.3579101562500001 0.7552083333333334
31 0.528076171875 0.38834635416666674 0.445068359375 0.3883463541666667 0.445068359375 0.5000000000000001 0.528076171875 0.5000000000000001
0 0.58642578125 0.46093750000000017 0.49853515625 0.46093750000000017 0.49853515625 0.5725911458333335 0.58642578125 0.5725911458333335
10 0.53515625 0.5709635416666669 0.477294921875 0.5709635416666669 0.47729492187500006 0.6868489583333334 0.53515625 0.6868489583333334
29 0.539794921875 0.7265625 0.4489746093750001 0.7265625 0.4489746093750001 0.8424479166666666 0.539794921875 0.8424479166666666
33 0.4824218750000001 0.7893880208333334 0.3908691406250001 0.7893880208333334 0.3908691406250001 0.9010416666666666 0.4824218750000001 0.9010416666666666
12 0.4279785156250001 0.6888020833333334 0.3388671875000001 0.6888020833333334 0.3388671875000001 0.8180338541666666 0.4279785156250001 0.8180338541666666
24 0.3830566406250001 0.7841796875 0.2961425781250001 0.7841796875 0.2961425781250001 0.9251302083333334 0.3830566406250001 0.9251302083333334
9 0.37670898437500006 0.5520833333333334 0.3095703125 0.5520833333333334 0.30957031250000006 0.6722005208333334 0.3767089843750001 0.6722005208333334
3 0.23510742187500006 0.5572916666666666 0.17187500000000006 0.5572916666666666 0.17187500000000006 0.66796875 0.23510742187500006 0.66796875
1 0.65234375 0.3850911458333335 0.565673828125 0.3850911458333335 0.565673828125 0.5000000000000001 0.65234375 0.5000000000000001
11 0.529541015625 0.2581380208333334 0.441162109375 0.2581380208333334 0.441162109375 0.35611979166666674 0.529541015625 0.3561197916666668