27 0.769775390625 0.26757812500000017 0.7001953125 0.26757812500000017 0.7001953125 0.3717447916666668 0.769775390625 0.3717447916666668
33 0.300537109375 0.4020182291666667 0.24658203125000006 0.4020182291666667 0.24658203125000006 0.4915364583333333 0.300537109375 0.4915364583333333
16 0.99658203125 0.3694661458333335 0.9326171875 0.3694661458333335 0.9326171875 0.4654947916666668 0.99658203125 0.4654947916666668
26 0.20507812500000006 0.4440104166666667 0.14184570312500006 0.4440104166666667 0.14184570312500006 0.5250651041666666 0.20507812500000006 0.5250651041666666
20 0.36669921875 0.4264322916666667 0.293212890625 0.4264322916666667 0.293212890625 0.5211588541666666 0.36669921875 0.5211588541666666
32 0.22314453125000006 0.3831380208333333 0.15673828125000006 0.3831380208333333 0.15673828125000006 0.4641927083333333 0.22314453125000006 0.4641927083333333
13 0.08276367187500003 0.328125 0.022949218750000028 0.328125 0.02294921875000003 0.4127604166666667 0.08276367187500003 0.4127604166666667
27 0.202392578125 0.197265625 0.11938476562500003 0.197265625 0.11938476562500003 0.2877604166666667 0.202392578125 0.2877604166666667
16 0.24414062500000003 0.24348958333333337 0.1708984375 0.24348958333333334 0.17089843750000003 0.31835937500000006 0.24414062500000006 0.31835937500000006
28 0.22827148437500006 0.3238932291666667 0.15283203125000006 0.3238932291666667 0.15283203125000006 0.4020182291666667 0.22827148437500006 0.4020182291666667
14 0.16503906250000006 0.359375 0.10473632812500003 0.359375 0.10473632812500003 0.4361979166666667 0.16503906250000006 0.4361979166666667
28 0.11010742187500004 0.3645833333333333 0.05712890625000003 0.3645833333333333 0.057128906250000035 0.4544270833333333 0.11010742187500006 0.4544270833333333
8 0.15551757812500006 0.4244791666666667 0.09252929687500003 0.4244791666666667 0.09252929687500004 0.5071614583333334 0.15551757812500006 0.5071614583333334
21 0.21948242187500006 0.5247395833333334 0.14770507812500006 0.5247395833333334 0.14770507812500006 0.6064453125 0.21948242187500006 0.6064453125
30 0.18945312500000006 0.6087239583333334 0.11059570312500006 0.6087239583333334 0.11059570312500006 0.6969401041666666 0.18945312500000006 0.6969401041666666
13 0.20141601562500006 0.6832682291666666 0.12695312500000006 0.6832682291666666 0.12695312500000006 0.7532552083333334 0.20141601562500006 0.7532552083333334
5 0.18432617187500006 0.7477213541666666 0.10620117187500006 0.7477213541666666 0.10620117187500007 0.8538411458333334 0.18432617187500006 0.8538411458333334
27 0.2968750000000001 0.7945963541666666 0.21508789062500006 0.7945963541666666 0.21508789062500008 0.9104817708333334 0.2968750000000001 0.9104817708333334
23 0.3747558593750001 0.6217447916666666 0.2966308593750001 0.6217447916666666 0.2966308593750001 0.7076822916666666 0.3747558593750001 0.7076822916666666
6 0.3132324218750001 0.6500651041666666 0.23657226562500006 0.6500651041666666 0.23657226562500006 0.7486979166666666 0.3132324218750001 0.7486979166666666
32 0.32763671875000006 0.5791015625 0.25146484375 0.5791015625 0.25146484375000006 0.6676432291666666 0.3276367187500001 0.6676432291666666
4 0.38696289062500006 0.5208333333333334 0.30810546875 0.5208333333333334 0.30810546875000006 0.6256510416666666 0.3869628906250001 0.6256510416666666
23 0.426025390625 0.4440104166666667 0.36572265625 0.4440104166666667 0.36572265625 0.5491536458333334 0.426025390625 0.5491536458333334
15 0.32373046875 0.4791666666666667 0.25439453125 0.4791666666666667 0.25439453125 0.5729166666666666 0.32373046875 0.5729166666666666
18 0.260498046875 0.4632161458333333 0.19091796875000006 0.4632161458333333 0.19091796875000006 0.5628255208333334 0.260498046875 0.5628255208333334
10 0.331787109375 0.3430989583333333 0.25732421875 0.3430989583333333 0.25732421875 0.4274088541666667 0.331787109375 0.4274088541666667
33 0.836181640625 0.020833333333333464 0.75146484375 0.020833333333333454 0.75146484375 0.12923177083333345 0.836181640625 0.12923177083333348
1 0.783935546875 0.14420572916666677 0.6962890625 0.14420572916666677 0.6962890625 0.25683593750000017 0.783935546875 0.25683593750000017
6 0.724609375 0.11621093750000011 0.641845703125 0.11621093750000011 0.641845703125 0.20670572916666677 0.724609375 0.20670572916666682
11 0.68798828125 0.2955729166666668 0.611328125 0.29557291666666674 0.611328125 0.3997395833333335 0.68798828125 0.3997395833333335
4 0.726318359375 0.3444010416666668 0.644775390625 0.3444010416666668 0.644775390625 0.4537760416666668 0.726318359375 0.4537760416666668
7 0.69775390625 0.5195312500000001 0.614013671875 0.5195312500000001 0.614013671875 0.6113281250000001 0.69775390625 0.6113281250000001
30 0.7412109375 0.6380208333333335 0.660888671875 0.6380208333333335 0.660888671875 0.7242838541666666 0.7412109375 0.7242838541666666
14 0.8232421875 0.5071614583333335 0.739990234375 0.5071614583333335 0.739990234375 0.6165364583333335 0.8232421875 0.6165364583333335
28 0.951904296875 0.5224609375000001 0.855712890625 0.5224609375000001 0.855712890625 0.6253255208333335 0.951904296875 0.6253255208333335
24 0.874755859375 0.4488932291666668 0.781982421875 0.4488932291666668 0.781982421875 0.5478515625000001 0.874755859375 0.5478515625000001
25 0.78857421875 0.41796875000000017 0.708251953125 0.41796875000000017 0.708251953125 0.5237630208333335 0.78857421875 0.5237630208333335
2 0.957763671875 0.4309895833333335 0.867431640625 0.4309895833333335 0.867431640625 0.5351562500000001 0.957763671875 0.5351562500000001
11 0.999755859375 0.25488281250000017 0.917724609375 0.25488281250000017 0.917724609375 0.3658854166666668 0.999755859375 0.3658854166666668
26 0.95947265625 0.17252604166666682 0.88134765625 0.17252604166666682 0.88134765625 0.25585937500000017 0.95947265625 0.25585937500000017
3 0.89697265625 0.13183593750000014 0.82373046875 0.13183593750000014 0.82373046875 0.23567708333333348 0.89697265625 0.23567708333333348
29 0.827880859375 0.28906250000000017 0.760498046875 0.28906250000000017 0.760498046875 0.39746093750000017 0.827880859375 0.39746093750000017
20 0.881591796875 0.33105468750000017 0.81884765625 0.33105468750000017 0.81884765625 0.43652343750000017 0.881591796875 0.43652343750000017
0 0.945068359375 0.06705729166666681 0.858642578125 0.06705729166666681 0.858642578125 0.15625000000000014 0.945068359375 0.15625000000000014
0 0.045654296875000035 0.3746744791666667 3.44132926225245e-17 0.3746744791666667 3.844960409432364e-17 0.4625651041666667 0.04565429687500004 0.4625651041666667