33 0.593994140625 0.026367187500000087 0.501708984375 0.026367187500000083 0.501708984375 0.16569010416666677 0.593994140625 0.16569010416666677
31 0.599853515625 0.25683593750000006 0.509765625 0.25683593750000006 0.509765625 0.35644531250000017 0.599853515625 0.35644531250000017
18 0.519775390625 0.15136718750000008 0.448974609375 0.15136718750000008 0.448974609375 0.2747395833333334 0.519775390625 0.2747395833333334
16 0.57373046875 0.32779947916666674 0.48291015625 0.32779947916666674 0.48291015625 0.4231770833333335 0.57373046875 0.4231770833333335
22 0.54345703125 0.41699218750000017 0.476318359375 0.41699218750000017 0.476318359375 0.5270182291666669 0.54345703125 0.5270182291666669
32 0.485595703125 0.28385416666666674 0.411865234375 0.28385416666666674 0.411865234375 0.4036458333333334 0.485595703125 0.4036458333333335
20 0.62841796875 0.5188802083333335 0.535400390625 0.5188802083333335 0.535400390625 0.6201171875000001 0.62841796875 0.6201171875000001
32 0.742919921875 0.5960286458333335 0.644287109375 0.5960286458333335 0.644287109375 0.697265625 0.742919921875 0.697265625
0 0.614990234375 0.6490885416666669 0.54736328125 0.6490885416666669 0.54736328125 0.7613932291666666 0.614990234375 0.7613932291666666
25 0.53466796875 0.6702473958333334 0.4443359375000001 0.6702473958333334 0.4443359375000001 0.796875 0.53466796875 0.796875
26 0.534423828125 0.5423177083333335 0.45751953125 0.5423177083333335 0.45751953125000006 0.6634114583333335 0.534423828125 0.6634114583333335
21 0.48095703125 0.43164062500000006 0.400634765625 0.431640625 0.400634765625 0.5065104166666667 0.48095703125 0.5065104166666669
5 0.409423828125 0.31640625000000006 0.32275390625 0.31640625000000006 0.32275390625 0.4270833333333333 0.409423828125 0.4270833333333333
17 0.22387695312500006 0.3776041666666667 0.14184570312500006 0.3776041666666667 0.14184570312500006 0.4596354166666667 0.22387695312500006 0.4596354166666667
29 0.31982421875 0.32128906250000006 0.24047851562500006 0.32128906250000006 0.24047851562500006 0.4388020833333333 0.31982421875 0.4388020833333333
30 0.18798828125000006 0.5166015625 0.10644531250000006 0.5166015625 0.10644531250000006 0.623046875 0.18798828125000006 0.623046875
8 0.2578125000000001 0.6165364583333334 0.17138671875000006 0.6165364583333334 0.17138671875000006 0.7291666666666666 0.2578125000000001 0.7291666666666666
22 0.29833984375000006 0.5224609375 0.21069335937500006 0.5224609375 0.21069335937500006 0.6220703125 0.2983398437500001 0.6220703125
21 0.37036132812500006 0.5358072916666666 0.30517578125 0.5358072916666666 0.30517578125000006 0.638671875 0.3703613281250001 0.638671875
19 0.4030761718750001 0.7698567708333334 0.3391113281250001 0.7698567708333334 0.3391113281250001 0.8870442708333334 0.4030761718750001 0.8870442708333334
1 0.4670410156250001 0.7649739583333334 0.3957519531250001 0.7649739583333334 0.3957519531250001 0.8841145833333334 0.4670410156250001 0.8841145833333334