9 0.51220703125 0.35253906250000006 0.419189453125 0.3525390625 0.419189453125 0.47070312500000006 0.51220703125 0.47070312500000017
23 0.54052734375 0.29589843750000006 0.452880859375 0.29589843750000006 0.452880859375 0.38867187500000006 0.54052734375 0.38867187500000017
26 0.558837890625 0.6393229166666669 0.4821777343750001 0.6393229166666669 0.4821777343750001 0.724609375 0.558837890625 0.724609375
20 0.699462890625 0.1835937500000001 0.604248046875 0.18359375000000008 0.604248046875 0.3033854166666668 0.699462890625 0.3033854166666668
28 0.5966796875 0.2141927083333334 0.517578125 0.2141927083333334 0.517578125 0.3440755208333335 0.5966796875 0.3440755208333335
15 0.47265625 0.18847656250000008 0.389404296875 0.18847656250000008 0.389404296875 0.31998697916666674 0.47265625 0.31998697916666674
4 0.405029296875 0.3444010416666667 0.3056640625 0.3444010416666667 0.3056640625 0.4635416666666667 0.405029296875 0.4635416666666667
30 0.431640625 0.4241536458333333 0.3466796875 0.4241536458333333 0.3466796875 0.5481770833333334 0.431640625 0.5481770833333334
25 0.4853515625 0.4358723958333334 0.40234375 0.4358723958333333 0.40234375 0.5742187500000001 0.4853515625 0.5742187500000001
10 0.627685546875 0.3294270833333334 0.532470703125 0.3294270833333334 0.532470703125 0.4554036458333335 0.627685546875 0.4554036458333335
12 0.640625 0.4254557291666668 0.546875 0.4254557291666668 0.546875 0.5540364583333335 0.640625 0.5540364583333335
11 0.70458984375 0.45019531250000017 0.620849609375 0.45019531250000017 0.620849609375 0.5817057291666669 0.70458984375 0.5817057291666669
29 0.58642578125 0.5208333333333335 0.501708984375 0.5208333333333335 0.501708984375 0.6503906250000001 0.58642578125 0.6503906250000001
27 0.525390625 0.5130208333333334 0.444580078125 0.5130208333333334 0.44458007812500006 0.6393229166666667 0.525390625 0.6393229166666669
8 0.6689453125 0.6448567708333335 0.579345703125 0.6448567708333335 0.579345703125 0.7766927083333334 0.6689453125 0.7766927083333334
5 0.751953125 0.6839192708333334 0.657958984375 0.6839192708333334 0.657958984375 0.8203125 0.751953125 0.8203125
30 0.56298828125 0.712890625 0.4562988281250001 0.712890625 0.4562988281250001 0.8421223958333334 0.56298828125 0.8421223958333334
15 0.4819335937500001 0.6363932291666667 0.4042968750000001 0.6363932291666666 0.4042968750000001 0.7630208333333334 0.4819335937500001 0.7630208333333334
14 0.42944335937500006 0.5345052083333334 0.34033203125 0.5345052083333334 0.34033203125000006 0.6393229166666666 0.4294433593750001 0.6393229166666666
28 0.3342285156250001 0.6123046875 0.23046875000000006 0.6123046875 0.23046875000000006 0.7259114583333334 0.3342285156250001 0.7259114583333334
33 0.28125000000000006 0.4889322916666667 0.19165039062500006 0.4889322916666667 0.19165039062500006 0.6266276041666666 0.2812500000000001 0.6266276041666666
4 0.360595703125 0.4524739583333333 0.27587890625 0.4524739583333333 0.27587890625 0.5865885416666666 0.360595703125 0.5865885416666666
3 0.38232421875 0.2386067708333334 0.30712890625 0.2386067708333334 0.30712890625 0.3649088541666667 0.38232421875 0.3649088541666667