0 0.3546006944444444 0.13068181818181826 0.2810329861111111 0.13068181818181823 0.2810329861111111 0.25615530303030315 0.3546006944444444 0.25615530303030315
26 0.6751302083333334 0.488162878787879 0.5963541666666666 0.488162878787879 0.5963541666666666 0.6477272727272729 0.6751302083333334 0.6477272727272729
26 0.4140625 0.5037878787878789 0.3428819444444444 0.5037878787878788 0.3428819444444444 0.6671401515151516 0.4140625 0.6671401515151517
23 0.4765625 0.21117424242424254 0.404296875 0.21117424242424254 0.404296875 0.34138257575757586 0.4765625 0.34138257575757586
27 0.474609375 0.4313446969696971 0.4157986111111111 0.4313446969696971 0.4157986111111111 0.5918560606060608 0.474609375 0.5918560606060608
6 0.4867621527777778 0.6178977272727275 0.4273003472222222 0.6178977272727275 0.4273003472222222 0.7769886363636366 0.4867621527777778 0.7769886363636366
22 0.5705295138888888 0.6373106060606063 0.50390625 0.6373106060606063 0.50390625 0.8091856060606063 0.5705295138888888 0.8091856060606063
16 0.4173177083333333 0.7196969696969698 0.3461371527777778 0.7196969696969697 0.3461371527777778 0.8371212121212123 0.4173177083333333 0.8371212121212124
19 0.3253038194444444 0.6264204545454546 0.24153645833333334 0.6264204545454546 0.24153645833333334 0.7911931818181818 0.3253038194444444 0.7911931818181818
33 0.5245225694444444 0.20691287878787892 0.4680989583333333 0.2069128787878789 0.4680989583333333 0.36363636363636376 0.5245225694444444 0.36363636363636376
28 0.3654513888888889 0.26988636363636376 0.2912326388888889 0.26988636363636376 0.2912326388888889 0.3787878787878789 0.3654513888888889 0.3787878787878789
8 0.07638888888888894 0.7878787878787878 0.0028211805555555993 0.7878787878787878 0.0028211805555556045 0.9635416666666666 0.07638888888888894 0.9635416666666666
11 0.17013888888888895 0.5804924242424242 0.0883246527777778 0.5804924242424242 0.08832465277777782 0.6993371212121212 0.17013888888888895 0.6993371212121212
2 0.2289496527777778 0.4384469696969697 0.169921875 0.4384469696969697 0.16992187500000003 0.5833333333333334 0.2289496527777778 0.5833333333333334
18 0.3042534722222222 0.4062500000000001 0.22547743055555555 0.4062500000000001 0.22547743055555555 0.5696022727272727 0.3042534722222222 0.5696022727272727
4 0.3509114583333333 0.5331439393939394 0.2747395833333333 0.5331439393939394 0.2747395833333333 0.6908143939393939 0.3509114583333333 0.6908143939393939
29 0.4331597222222222 0.3603219696969698 0.3684895833333333 0.3603219696969698 0.3684895833333333 0.5307765151515152 0.4331597222222222 0.5307765151515154
10 0.3661024305555556 0.37831439393939403 0.3109809027777778 0.37831439393939403 0.3109809027777778 0.5151515151515151 0.3661024305555556 0.5151515151515151
2 0.580078125 0.3016098484848486 0.5101996527777778 0.3016098484848486 0.5101996527777778 0.459753787878788 0.580078125 0.459753787878788
21 0.7204861111111112 0.6761363636363639 0.6360677083333334 0.6761363636363639 0.6360677083333334 0.853693181818182 0.7204861111111112 0.853693181818182
32 0.5321180555555556 0.4772727272727274 0.4598524305555556 0.4772727272727274 0.4598524305555556 0.6335227272727275 0.5321180555555556 0.6335227272727275