5 0.827880859375 0.1324869791666668 0.70849609375 0.13248697916666677 0.70849609375 0.2923177083333335 0.827880859375 0.2923177083333335
20 0.544677734375 0.3893229166666668 0.47412109375 0.3893229166666668 0.47412109375 0.5061848958333335 0.544677734375 0.5061848958333335
7 0.6044921875 0.4514973958333335 0.531005859375 0.4514973958333335 0.531005859375 0.5651041666666669 0.6044921875 0.5651041666666669
1 0.4775390625 0.40397135416666674 0.3955078125 0.4039713541666667 0.3955078125 0.5009765625000001 0.4775390625 0.5009765625000001
29 0.494140625 0.19824218750000008 0.402587890625 0.19824218750000008 0.402587890625 0.3225911458333334 0.494140625 0.3225911458333334
16 0.426513671875 0.22656250000000008 0.3427734375 0.22656250000000008 0.3427734375 0.3434244791666667 0.426513671875 0.3434244791666667
25 0.25 0.22786458333333337 0.15771484375 0.22786458333333334 0.15771484375000003 0.3434244791666667 0.25 0.3434244791666667
14 0.17431640625000003 0.20475260416666666 0.09863281250000003 0.20475260416666666 0.09863281250000003 0.3245442708333333 0.17431640625000006 0.3245442708333333
28 0.192138671875 0.028320312500000024 0.089111328125 0.028320312500000017 0.08911132812500001 0.15592447916666669 0.192138671875 0.1559244791666667
12 0.908447265625 0.20996093750000014 0.808837890625 0.20996093750000014 0.808837890625 0.3528645833333335 0.908447265625 0.3528645833333335
31 0.679931640625 0.6614583333333335 0.578857421875 0.6614583333333335 0.578857421875 0.794921875 0.679931640625 0.794921875
14 0.47143554687500006 0.5091145833333334 0.378173828125 0.5091145833333334 0.37817382812500006 0.6302083333333334 0.4714355468750001 0.6302083333333335
26 0.35009765625000006 0.5133463541666666 0.26318359375 0.5133463541666666 0.26318359375000006 0.6080729166666666 0.3500976562500001 0.6080729166666666
5 0.40527343750000006 0.5794270833333334 0.32373046875 0.5794270833333334 0.32373046875000006 0.6764322916666666 0.4052734375000001 0.6764322916666666
26 0.08935546875000003 0.2529296875 0.0002441406250000232 0.2529296875 0.0002441406250000277 0.3509114583333333 0.08935546875000003 0.3509114583333333
15 0.11328125000000004 0.4029947916666667 0.015136718750000038 0.4029947916666667 0.015136718750000043 0.5211588541666666 0.11328125000000006 0.5211588541666666
24 0.15942382812500006 0.4860026041666667 0.07250976562500006 0.4860026041666667 0.07250976562500006 0.5514322916666666 0.15942382812500006 0.5514322916666666
16 0.19018554687500006 0.5680338541666666 0.09692382812500006 0.5680338541666666 0.09692382812500006 0.6565755208333334 0.19018554687500006 0.6565755208333334
9 0.28930664062500006 0.587890625 0.20263671875000006 0.587890625 0.20263671875000006 0.6920572916666666 0.2893066406250001 0.6920572916666666
26 0.3674316406250001 0.7307942708333334 0.2978515625000001 0.7307942708333334 0.2978515625000001 0.84765625 0.3674316406250001 0.84765625
21 0.4067382812500001 0.8388671875 0.3127441406250001 0.8388671875 0.3127441406250001 0.947265625 0.4067382812500001 0.947265625
25 0.4711914062500001 0.724609375 0.3625488281250001 0.724609375 0.3625488281250001 0.8668619791666666 0.4711914062500001 0.8668619791666666
31 0.344482421875 0.392578125 0.2529296875 0.392578125 0.2529296875 0.5052083333333334 0.344482421875 0.5052083333333334
28 0.26025390625 0.4020182291666667 0.19555664062500006 0.4020182291666667 0.19555664062500006 0.513671875 0.26025390625 0.513671875
30 0.20898437500000006 0.3138020833333333 0.12622070312500006 0.3138020833333333 0.12622070312500006 0.4358723958333333 0.20898437500000006 0.4358723958333333
30 0.280029296875 0.1227213541666667 0.207275390625 0.1227213541666667 0.207275390625 0.2457682291666667 0.280029296875 0.24576822916666674
27 0.336669921875 0.20768229166666674 0.263916015625 0.20768229166666674 0.263916015625 0.3216145833333334 0.336669921875 0.3216145833333334
8 0.323974609375 0.3138020833333334 0.23706054687500006 0.3138020833333334 0.23706054687500006 0.4202473958333333 0.323974609375 0.4202473958333333
24 0.397216796875 0.4420572916666667 0.3095703125 0.4420572916666667 0.3095703125 0.5598958333333334 0.397216796875 0.5598958333333334
11 0.407470703125 0.32128906250000006 0.3134765625 0.32128906250000006 0.3134765625 0.431640625 0.407470703125 0.431640625
18 0.5302734375 0.5511067708333334 0.4443359375 0.5511067708333334 0.44433593750000006 0.6826171875 0.5302734375 0.6826171875
28 0.8837890625 0.024739583333333467 0.759765625 0.024739583333333454 0.759765625 0.18391927083333348 0.8837890625 0.18391927083333348
32 0.4848632812500001 0.8313802083333334 0.3964843750000001 0.8313802083333334 0.3964843750000001 0.9807942708333334 0.4848632812500001 0.9807942708333334
13 0.25000000000000006 0.4996744791666667 0.15209960937500006 0.4996744791666667 0.15209960937500006 0.6103515625 0.2500000000000001 0.6103515625
13 0.4233398437500001 0.6656901041666666 0.3237304687500001 0.6656901041666666 0.3237304687500001 0.763671875 0.4233398437500001 0.763671875
3 0.5595703125 0.7893880208333334 0.4726562500000001 0.7893880208333334 0.4726562500000001 0.9189453125 0.5595703125 0.9189453125
2 0.573974609375 0.9401041666666666 0.4895019531250001 0.9401041666666666 0.4895019531250001 0.9996744791666666 0.573974609375 0.9996744791666666
2 0.999755859375 0.4915364583333335 0.9482421875 0.4915364583333335 0.9482421875 0.6197916666666669 0.999755859375 0.6197916666666669
10 0.79345703125 1.2188664024716904e-16 0.699462890625 1.1421266535016818e-16 0.699462890625 0.10644531250000012 0.79345703125 0.10644531250000015