14 0.601318359375 0.3255208333333334 0.49951171875 0.3255208333333334 0.49951171875 0.4348958333333335 0.601318359375 0.4348958333333335
15 0.54931640625 0.4397786458333335 0.463134765625 0.4397786458333335 0.463134765625 0.5712890625000001 0.54931640625 0.5712890625000001
23 0.673828125 0.4690755208333335 0.55615234375 0.4690755208333335 0.55615234375 0.6123046875000001 0.673828125 0.6123046875000001
7 0.619384765625 0.5572916666666669 0.51123046875 0.5572916666666669 0.51123046875 0.6878255208333334 0.619384765625 0.6878255208333334
27 0.733642578125 0.4303385416666668 0.62548828125 0.4303385416666668 0.62548828125 0.5735677083333335 0.733642578125 0.5735677083333335
32 0.3759765625 0.4567057291666667 0.270263671875 0.4567057291666667 0.270263671875 0.58203125 0.3759765625 0.58203125
32 0.580810546875 0.17089843750000008 0.486083984375 0.17089843750000008 0.486083984375 0.3216145833333334 0.580810546875 0.3216145833333334
18 0.67041015625 0.78125 0.5517578125 0.78125 0.5517578125 0.9462890625 0.67041015625 0.9462890625
27 0.739501953125 0.6455078125000001 0.61865234375 0.6455078125000001 0.61865234375 0.7662760416666666 0.739501953125 0.7662760416666666
31 0.4438476562500001 0.6959635416666666 0.3349609375000001 0.6959635416666666 0.3349609375000001 0.8232421875 0.4438476562500001 0.8232421875
5 0.3569335937500001 0.685546875 0.2529296875000001 0.685546875 0.2529296875000001 0.8268229166666666 0.3569335937500001 0.8268229166666666
29 0.2800292968750001 0.6634114583333334 0.16967773437500006 0.6634114583333334 0.16967773437500006 0.8180338541666666 0.2800292968750001 0.8180338541666666
17 0.35864257812500006 0.5634765625 0.24877929687500006 0.5634765625 0.24877929687500006 0.6712239583333334 0.3586425781250001 0.6712239583333334
22 0.28564453125000006 0.4934895833333333 0.18237304687500006 0.4934895833333333 0.18237304687500006 0.6393229166666666 0.2856445312500001 0.6393229166666666
21 0.251220703125 0.4150390625 0.13623046875000006 0.4150390625 0.13623046875000006 0.56640625 0.251220703125 0.56640625
8 0.14501953125000006 0.3671875 0.029296875000000035 0.3671875 0.02929687500000004 0.4912109375 0.14501953125000006 0.4912109375
2 0.19726562500000003 0.24153645833333334 0.08715820312500003 0.24153645833333334 0.08715820312500003 0.3811848958333333 0.19726562500000006 0.3811848958333333
3 0.143798828125 0.10481770833333336 0.018798828125000007 0.10481770833333333 0.018798828125000014 0.2568359375 0.143798828125 0.2568359375
19 0.2509765625 0.1510416666666667 0.138671875 0.1510416666666667 0.138671875 0.29687500000000006 0.2509765625 0.29687500000000006
17 0.3310546875 0.2122395833333334 0.240966796875 0.2122395833333334 0.24096679687500003 0.3561197916666667 0.3310546875 0.3561197916666667
6 0.429443359375 0.2229817708333334 0.320556640625 0.2229817708333334 0.320556640625 0.3453776041666667 0.429443359375 0.3453776041666667
0 0.50048828125 0.27311197916666674 0.403564453125 0.27311197916666674 0.403564453125 0.42187500000000006 0.50048828125 0.42187500000000017
18 0.444580078125 0.3707682291666667 0.325439453125 0.3707682291666667 0.325439453125 0.5052083333333334 0.444580078125 0.5052083333333334
31 0.319091796875 0.3470052083333333 0.19995117187500006 0.3470052083333333 0.19995117187500006 0.4840494791666667 0.319091796875 0.4840494791666667
28 0.861083984375 0.0029296875000001305 0.73974609375 0.00292968750000012 0.73974609375 0.13997395833333345 0.861083984375 0.13997395833333348
6 0.620849609375 0.029296875000000094 0.510009765625 0.029296875000000083 0.510009765625 0.19628906250000008 0.620849609375 0.19628906250000008
7 0.529052734375 0.5953776041666667 0.418701171875 0.5953776041666666 0.41870117187500006 0.7314453125 0.529052734375 0.7314453125
6 0.45849609375000006 0.5240885416666667 0.342041015625 0.5240885416666666 0.34204101562500006 0.6608072916666667 0.4584960937500001 0.6608072916666669
32 0.07690429687500003 0.21126302083333334 1.940419366813067e-17 0.21126302083333334 2.607158224747295e-17 0.3564453125 0.07690429687500003 0.3564453125