3 0.33154296875 0.22981770833333337 0.2255859375 0.22981770833333334 0.22558593750000003 0.357421875 0.33154296875 0.357421875
33 0.3178710937500001 0.6272786458333334 0.23461914062500006 0.6272786458333334 0.23461914062500006 0.7669270833333334 0.3178710937500001 0.7669270833333334
29 0.3879394531250001 0.6643880208333334 0.3085937500000001 0.6643880208333334 0.3085937500000001 0.7942708333333334 0.3879394531250001 0.7942708333333334
10 0.502685546875 0.5732421875000001 0.399658203125 0.5732421875 0.39965820312500006 0.7096354166666666 0.502685546875 0.7096354166666666
4 0.44531250000000006 0.5279947916666666 0.33642578125 0.5279947916666666 0.33642578125000006 0.6663411458333334 0.4453125000000001 0.6663411458333334
0 0.599365234375 0.5670572916666669 0.49951171875 0.5670572916666669 0.49951171875000006 0.6744791666666666 0.599365234375 0.6744791666666666
19 0.72900390625 0.49707031250000017 0.63720703125 0.49707031250000017 0.63720703125 0.6383463541666669 0.72900390625 0.6383463541666669
27 0.660400390625 0.4742838541666668 0.5732421875 0.4742838541666668 0.5732421875 0.6070963541666669 0.660400390625 0.6070963541666669
11 0.70166015625 0.35937500000000017 0.594970703125 0.35937500000000017 0.594970703125 0.4944661458333335 0.70166015625 0.4944661458333335
2 0.427490234375 0.2522786458333334 0.3447265625 0.2522786458333334 0.3447265625 0.3860677083333333 0.427490234375 0.3860677083333333
33 0.708251953125 0.7493489583333334 0.60546875 0.7493489583333334 0.60546875 0.8746744791666666 0.708251953125 0.8746744791666666
1 0.685791015625 0.5826822916666669 0.574951171875 0.5826822916666669 0.574951171875 0.703125 0.685791015625 0.703125
12 0.35205078125000006 0.5309244791666666 0.24633789062500006 0.5309244791666666 0.24633789062500006 0.6354166666666666 0.3520507812500001 0.6354166666666666
24 0.25463867187500006 0.5416666666666666 0.15893554687500006 0.5416666666666666 0.15893554687500006 0.6429036458333334 0.2546386718750001 0.6429036458333334
23 0.335693359375 0.4010416666666667 0.24389648437500006 0.4010416666666667 0.24389648437500006 0.5455729166666666 0.335693359375 0.5455729166666666
9 0.416015625 0.3880208333333333 0.3134765625 0.3880208333333333 0.3134765625 0.5159505208333334 0.416015625 0.5159505208333334
2 0.486328125 0.41015625000000006 0.39599609375 0.41015625 0.39599609375 0.5527343750000001 0.486328125 0.5527343750000001
30 0.537353515625 0.4485677083333334 0.44775390625 0.4485677083333333 0.44775390625 0.5934244791666667 0.537353515625 0.5934244791666669
31 0.6044921875 0.4436848958333335 0.515869140625 0.4436848958333335 0.515869140625 0.5742187500000001 0.6044921875 0.5742187500000001
17 0.60302734375 0.32291666666666674 0.498779296875 0.32291666666666674 0.498779296875 0.4573567708333335 0.60302734375 0.4573567708333335
22 0.517578125 0.29003906250000006 0.4189453125 0.29003906250000006 0.4189453125 0.40494791666666674 0.517578125 0.4049479166666668
12 0.374267578125 0.29980468750000006 0.27197265625 0.29980468750000006 0.27197265625 0.4345703125 0.374267578125 0.4345703125
10 0.71923828125 0.22981770833333345 0.63916015625 0.2298177083333334 0.63916015625 0.3684895833333335 0.71923828125 0.3684895833333335