24 0.609130859375 0.24023437500000008 0.532470703125 0.24023437500000008 0.532470703125 0.3323567708333334 0.609130859375 0.3323567708333334
15 0.4577636718750001 0.7516276041666666 0.3999023437500001 0.7516276041666666 0.3999023437500001 0.8499348958333334 0.4577636718750001 0.8499348958333334
20 0.12646484375000006 0.4703776041666667 0.06860351562500006 0.4703776041666667 0.06860351562500006 0.5608723958333334 0.12646484375000006 0.5608723958333334
23 0.11132812500000004 0.3746744791666667 0.03466796875000003 0.3746744791666667 0.034667968750000035 0.4694010416666667 0.11132812500000006 0.4694010416666667
5 0.62646484375 0.7037760416666666 0.5400390625 0.7037760416666666 0.5400390625 0.8284505208333334 0.62646484375 0.8284505208333334
3 0.60546875 0.4514973958333335 0.52587890625 0.4514973958333335 0.52587890625 0.5566406250000001 0.60546875 0.5566406250000001
25 0.409912109375 0.3736979166666667 0.337158203125 0.3736979166666667 0.337158203125 0.470703125 0.409912109375 0.470703125
5 0.48876953125 0.37369791666666674 0.420654296875 0.3736979166666667 0.420654296875 0.45182291666666674 0.48876953125 0.4518229166666668
16 0.29638671875 0.1500651041666667 0.219970703125 0.1500651041666667 0.219970703125 0.2457682291666667 0.29638671875 0.24576822916666674
23 0.362548828125 0.31608072916666674 0.30419921875 0.31608072916666674 0.30419921875 0.4075520833333333 0.362548828125 0.4075520833333333
21 0.3115234375 0.4072265625 0.24194335937500006 0.4072265625 0.24194335937500006 0.4801432291666667 0.3115234375 0.4801432291666667
33 0.2666015625 0.3401692708333333 0.19384765625000006 0.3401692708333333 0.19384765625000006 0.4358723958333333 0.2666015625 0.4358723958333333
16 0.477294921875 0.057942708333333405 0.39990234375 0.057942708333333405 0.39990234375 0.16699218750000008 0.477294921875 0.16699218750000008
26 0.505859375 0.26855468750000006 0.431640625 0.26855468750000006 0.431640625 0.36881510416666674 0.505859375 0.3688151041666668
14 0.385498046875 0.5006510416666666 0.304931640625 0.5006510416666666 0.304931640625 0.6028645833333334 0.385498046875 0.6028645833333334
7 0.17431640625000006 0.3798828125 0.10009765625000003 0.3798828125 0.10009765625000004 0.4853515625 0.17431640625000006 0.4853515625
24 0.3500976562500001 0.6119791666666666 0.2836914062500001 0.6119791666666666 0.2836914062500001 0.7164713541666666 0.3500976562500001 0.7164713541666666
4 0.3950195312500001 0.6875 0.3100585937500001 0.6875 0.3100585937500001 0.7919921875 0.3950195312500001 0.7919921875
16 0.470458984375 0.2161458333333334 0.39697265625 0.2161458333333334 0.39697265625 0.29850260416666674 0.470458984375 0.29850260416666674
29 0.420166015625 0.26334635416666674 0.341064453125 0.26334635416666674 0.341064453125 0.3561197916666667 0.420166015625 0.3561197916666667
17 0.36572265625 0.2161458333333334 0.29541015625 0.2161458333333334 0.29541015625 0.31412760416666674 0.36572265625 0.31412760416666674
2 0.20288085937500006 0.5123697916666666 0.13159179687500006 0.5123697916666666 0.13159179687500006 0.5944010416666666 0.20288085937500006 0.5944010416666666
33 0.25561523437500006 0.5491536458333334 0.18603515625000006 0.5491536458333334 0.18603515625000006 0.6344401041666666 0.2556152343750001 0.6344401041666666
13 0.32641601562500006 0.546875 0.252197265625 0.546875 0.25219726562500006 0.6363932291666666 0.3264160156250001 0.6363932291666666
17 0.41235351562500006 0.5804036458333334 0.339599609375 0.5804036458333334 0.33959960937500006 0.681640625 0.4123535156250001 0.681640625
20 0.2744140625 0.4765625 0.19311523437500006 0.4765625 0.19311523437500006 0.5608723958333334 0.2744140625 0.5608723958333334
9 0.23583984375000006 0.408203125 0.16479492187500006 0.408203125 0.16479492187500006 0.4990234375 0.23583984375000006 0.4990234375
13 0.20361328125000003 0.2845052083333333 0.12377929687500003 0.2845052083333333 0.12377929687500003 0.3759765625 0.20361328125000006 0.3759765625
28 0.4604492187500001 0.6399739583333334 0.3825683593750001 0.6399739583333334 0.3825683593750001 0.7513020833333334 0.4604492187500001 0.7513020833333334
28 0.4853515625 0.1350911458333334 0.407958984375 0.1350911458333334 0.407958984375 0.2327473958333334 0.4853515625 0.2327473958333334
28 0.399658203125 0.11653645833333338 0.328369140625 0.11653645833333337 0.328369140625 0.1936848958333334 0.399658203125 0.1936848958333334
24 0.916748046875 1.4331397275178173e-16 0.838623046875 1.369356040062226e-16 0.838623046875 0.07975260416666681 0.916748046875 0.07975260416666681