9 0.53125 0.18457031250000008 0.419921875 0.18457031250000008 0.419921875 0.3089192708333334 0.53125 0.3089192708333334
9 0.652587890625 0.31608072916666674 0.52294921875 0.31608072916666674 0.52294921875 0.4905598958333335 0.652587890625 0.4905598958333335
18 0.357421875 0.11523437500000006 0.245849609375 0.11523437500000004 0.245849609375 0.24414062500000008 0.357421875 0.24414062500000008
19 0.48974609375 0.014322916666666735 0.366455078125 0.014322916666666727 0.366455078125 0.16276041666666674 0.48974609375 0.16276041666666674
25 0.323974609375 0.21744791666666674 0.238037109375 0.21744791666666674 0.23803710937500003 0.3668619791666667 0.323974609375 0.3668619791666667
7 0.818603515625 0.6119791666666669 0.693115234375 0.6119791666666669 0.693115234375 0.7311197916666666 0.818603515625 0.7311197916666666
8 0.7236328125 0.4293619791666668 0.606689453125 0.4293619791666668 0.606689453125 0.6057942708333335 0.7236328125 0.6057942708333335
5 0.61669921875 0.46386718750000017 0.504150390625 0.46386718750000017 0.504150390625 0.6380208333333335 0.61669921875 0.6380208333333335
15 0.442138671875 0.3408203125 0.35107421875 0.3408203125 0.35107421875 0.4925130208333333 0.442138671875 0.4925130208333333
33 0.36181640625 0.3518880208333333 0.23803710937500006 0.3518880208333333 0.23803710937500006 0.4973958333333333 0.36181640625 0.4973958333333333
31 0.24389648437500003 0.28938802083333337 0.12084960937500003 0.2893880208333333 0.12084960937500003 0.4274088541666667 0.24389648437500006 0.4274088541666667
23 0.40991210937500006 0.4921875 0.290283203125 0.4921875 0.29028320312500006 0.6110026041666666 0.4099121093750001 0.6110026041666666
1 0.35546875000000006 0.5963541666666666 0.25048828125 0.5963541666666666 0.25048828125000006 0.7122395833333334 0.3554687500000001 0.7122395833333334
18 0.42626953125000006 0.58984375 0.345703125 0.58984375 0.34570312500000006 0.736328125 0.4262695312500001 0.736328125
25 0.5341796875 0.5725911458333334 0.42138671875 0.5725911458333334 0.42138671875000006 0.6842447916666666 0.5341796875 0.6842447916666666
10 0.512939453125 0.42382812500000006 0.419189453125 0.423828125 0.419189453125 0.5748697916666667 0.512939453125 0.5748697916666669
28 0.54296875 0.6725260416666666 0.4235839843750001 0.6725260416666666 0.4235839843750001 0.79296875 0.54296875 0.79296875
26 0.635986328125 0.7122395833333334 0.53076171875 0.7122395833333334 0.53076171875 0.8889973958333334 0.635986328125 0.8889973958333334
13 0.69921875 0.5807291666666669 0.5625 0.5807291666666669 0.5625 0.7900390625 0.69921875 0.7900390625
22 0.556396484375 0.7919921875 0.4230957031250001 0.7919921875 0.4230957031250001 0.9690755208333334 0.556396484375 0.9690755208333334
29 0.287841796875 0.447265625 0.20336914062500006 0.447265625 0.20336914062500006 0.6018880208333334 0.287841796875 0.6018880208333334
0 0.23535156250000006 0.4033203125 0.12280273437500003 0.4033203125 0.12280273437500004 0.5608723958333334 0.23535156250000006 0.5608723958333334
4 0.425537109375 0.2073567708333334 0.333251953125 0.2073567708333334 0.333251953125 0.353515625 0.425537109375 0.353515625
32 0.24609375000000006 0.5416666666666666 0.12768554687500006 0.5416666666666666 0.12768554687500006 0.6868489583333334 0.24609375000000006 0.6868489583333334
18 0.11889648437500008 0.9127604166666666 8.383568419944284e-17 0.9127604166666666 8.782714776599977e-17 0.9996744791666666 0.11889648437500008 0.9996744791666666