6 0.6447482638888888 0.08380681818181834 0.591796875 0.08380681818181834 0.591796875 0.23058712121212138 0.6447482638888888 0.23058712121212138
29 0.5531684027777778 0.13068181818181832 0.4815538194444444 0.1306818181818183 0.4815538194444444 0.25331439393939403 0.5531684027777778 0.25331439393939403
26 0.3836805555555556 0.5037878787878788 0.30859375 0.5037878787878788 0.30859375 0.6742424242424242 0.3836805555555556 0.6742424242424242
26 0.4422743055555556 0.4048295454545456 0.3654513888888889 0.4048295454545456 0.3654513888888889 0.5558712121212123 0.4422743055555556 0.5558712121212124
7 0.4772135416666667 0.17613636363636376 0.4155815972222222 0.17613636363636376 0.4155815972222222 0.3375946969696971 0.4772135416666667 0.3375946969696971
16 0.5470920138888888 0.3229166666666668 0.4750434027777778 0.3229166666666668 0.4750434027777778 0.4521780303030304 0.5470920138888888 0.4521780303030304
18 0.6284722222222222 0.32339015151515166 0.548828125 0.3233901515151516 0.548828125 0.48863636363636387 0.6284722222222222 0.48863636363636387
19 0.7009548611111112 0.660037878787879 0.6286892361111112 0.660037878787879 0.6286892361111112 0.8323863636363639 0.7009548611111112 0.8323863636363639
33 0.5327690972222222 0.5558712121212124 0.4743923611111111 0.5558712121212124 0.4743923611111111 0.7215909090909093 0.5327690972222222 0.7215909090909093
29 0.5737847222222222 0.5241477272727275 0.517578125 0.5241477272727275 0.517578125 0.6775568181818183 0.5737847222222222 0.6775568181818183
10 0.578125 0.422348484848485 0.5091145833333334 0.422348484848485 0.5091145833333334 0.5511363636363639 0.578125 0.5511363636363639
24 0.5998263888888888 0.7400568181818183 0.53125 0.7400568181818183 0.53125 0.8645833333333336 0.5998263888888888 0.8645833333333336
23 0.6165364583333334 0.6316287878787881 0.5499131944444444 0.6316287878787881 0.5499131944444444 0.7528409090909093 0.6165364583333334 0.7528409090909093
28 0.658203125 0.4251893939393941 0.5835503472222222 0.42518939393939403 0.5835503472222222 0.603693181818182 0.658203125 0.603693181818182
2 0.6569010416666666 0.2249053030303032 0.5779079861111112 0.2249053030303032 0.5779079861111112 0.39062500000000017 0.6569010416666666 0.3906250000000002
23 0.9876302083333334 0.2675189393939396 0.9040798611111112 0.2675189393939396 0.9040798611111112 0.4015151515151517 0.9876302083333334 0.4015151515151517
15 0.806640625 0.45975378787878807 0.736328125 0.45975378787878807 0.736328125 0.5748106060606063 0.806640625 0.5748106060606063
30 0.6924913194444444 0.3404356060606063 0.6176215277777778 0.3404356060606063 0.6176215277777778 0.47301136363636387 0.6924913194444444 0.47301136363636387
0 0.6976996527777778 0.4810606060606063 0.6236979166666666 0.4810606060606063 0.6236979166666666 0.6458333333333336 0.6976996527777778 0.6458333333333336
22 0.5928819444444444 0.023674242424242573 0.5160590277777778 0.02367424242424256 0.5160590277777778 0.18371212121212138 0.5928819444444444 0.18371212121212138
11 0.5583767361111112 0.2310606060606062 0.4865451388888889 0.23106060606060616 0.4865451388888889 0.359848484848485 0.5583767361111112 0.359848484848485
4 0.4778645833333333 0.319128787878788 0.41015625 0.319128787878788 0.41015625 0.4872159090909093 0.4778645833333333 0.4872159090909093
27 0.5199652777777778 0.4294507575757577 0.4576822916666667 0.4294507575757577 0.4576822916666667 0.5847537878787881 0.5199652777777778 0.5847537878787881
32 0.4776475694444444 0.49952651515151536 0.4225260416666667 0.49952651515151536 0.4225260416666667 0.6524621212121214 0.4776475694444444 0.6524621212121214
2 0.4720052083333333 0.6491477272727274 0.3993055555555556 0.6491477272727273 0.3993055555555556 0.815814393939394 0.4720052083333333 0.8158143939393941
6 0.634765625 1.5818354488986645e-16 0.5492621527777778 1.467604663182742e-16 0.5492621527777778 0.094223484848485 0.634765625 0.09422348484848501