7 0.46826171875 0.26432291666666674 0.38671875 0.26432291666666674 0.38671875 0.38867187500000006 0.46826171875 0.38867187500000017
23 0.61083984375 0.6308593750000001 0.542724609375 0.6308593750000001 0.542724609375 0.7604166666666666 0.61083984375 0.7604166666666666
15 0.47924804687500006 0.5817057291666667 0.3916015625 0.5817057291666666 0.39160156250000006 0.7174479166666666 0.4792480468750001 0.7174479166666666
13 0.15551757812500006 0.4303385416666667 0.08593750000000003 0.4303385416666667 0.08593750000000004 0.5504557291666666 0.15551757812500006 0.5504557291666666
25 0.31152343750000006 0.5260416666666666 0.23876953125000006 0.5260416666666666 0.23876953125000006 0.6490885416666666 0.3115234375000001 0.6490885416666666
5 0.39257812500000006 0.5302734375 0.2978515625 0.5302734375 0.29785156250000006 0.6500651041666666 0.3925781250000001 0.6500651041666666
13 0.26025390625 0.3024088541666667 0.18041992187500006 0.3024088541666667 0.18041992187500006 0.4202473958333333 0.26025390625 0.4202473958333333
7 0.6396484375 0.8720703125 0.554443359375 0.8720703125 0.554443359375 0.9986979166666666 0.6396484375 0.9986979166666666
19 0.576171875 0.8408203125 0.4924316406250001 0.8408203125 0.4924316406250001 0.9840494791666666 0.576171875 0.9840494791666666
17 0.515625 0.8024088541666666 0.4311523437500001 0.8024088541666666 0.4311523437500001 0.9449869791666666 0.515625 0.9449869791666666
7 0.6328125 0.7633463541666666 0.53076171875 0.7633463541666666 0.53076171875 0.8697916666666666 0.6328125 0.8697916666666666
31 0.5419921875 0.6761067708333334 0.4682617187500001 0.6761067708333334 0.4682617187500001 0.8004557291666666 0.5419921875 0.8004557291666666
27 0.76708984375 0.6604817708333335 0.67333984375 0.6604817708333335 0.67333984375 0.7561848958333334 0.76708984375 0.7561848958333334
27 0.673583984375 0.6435546875000001 0.60498046875 0.6435546875000001 0.60498046875 0.7688802083333334 0.673583984375 0.7688802083333334
8 0.3337402343750001 0.73046875 0.22729492187500006 0.73046875 0.22729492187500006 0.8499348958333334 0.3337402343750001 0.8499348958333334
21 0.2978515625000001 0.6614583333333334 0.19628906250000006 0.6614583333333334 0.19628906250000006 0.7789713541666666 0.2978515625000001 0.7789713541666666
32 0.3642578125000001 0.630859375 0.2780761718750001 0.630859375 0.2780761718750001 0.7692057291666666 0.3642578125000001 0.7692057291666666
26 0.27392578125000006 0.5654296875 0.17968750000000006 0.5654296875 0.17968750000000006 0.6956380208333334 0.2739257812500001 0.6956380208333334
13 0.24633789062500006 0.4944661458333333 0.14648437500000006 0.4944661458333333 0.14648437500000006 0.6067708333333334 0.24633789062500006 0.6067708333333334
16 0.10424804687500004 0.43359375 0.03247070312500004 0.43359375 0.03247070312500005 0.5514322916666666 0.10424804687500006 0.5514322916666666
9 0.22949218750000006 0.3955078125 0.13720703125000006 0.3955078125 0.13720703125000006 0.5221354166666666 0.22949218750000006 0.5221354166666666
24 0.17919921875000006 0.3190104166666667 0.08666992187500003 0.3190104166666667 0.08666992187500003 0.4065755208333333 0.17919921875000006 0.4065755208333333
28 0.24829101562500003 0.2233072916666667 0.150634765625 0.22330729166666666 0.15063476562500003 0.3515625 0.24829101562500006 0.3515625
29 0.18798828125 0.11751302083333337 0.117431640625 0.11751302083333337 0.11743164062500001 0.23893229166666666 0.18798828125 0.23893229166666666
1 0.355224609375 0.21842447916666674 0.266845703125 0.21842447916666674 0.266845703125 0.3414713541666667 0.355224609375 0.3414713541666667
24 0.314208984375 0.1627604166666667 0.22314453125 0.1627604166666667 0.22314453125 0.29134114583333337 0.314208984375 0.2913411458333334
11 0.379150390625 0.08821614583333338 0.27978515625 0.08821614583333337 0.27978515625 0.22721354166666674 0.379150390625 0.22721354166666674
20 0.39501953125 0.30240885416666674 0.3134765625 0.30240885416666674 0.3134765625 0.4202473958333333 0.39501953125 0.4202473958333333
14 0.311767578125 0.3522135416666667 0.21459960937500006 0.3522135416666667 0.21459960937500006 0.482421875 0.311767578125 0.482421875
18 0.351318359375 0.3984375 0.25439453125 0.3984375 0.25439453125 0.5328776041666666 0.351318359375 0.5328776041666666
3 0.427490234375 0.4287109375 0.322998046875 0.4287109375 0.322998046875 0.56640625 0.427490234375 0.56640625
0 0.47900390625 0.38085937500000006 0.37255859375 0.380859375 0.37255859375 0.5126953125000001 0.47900390625 0.5126953125000001
6 0.53955078125 0.3255208333333334 0.434814453125 0.3255208333333334 0.434814453125 0.44498697916666674 0.53955078125 0.4449869791666668
28 0.626953125 0.3284505208333334 0.546142578125 0.3284505208333334 0.546142578125 0.4612630208333335 0.626953125 0.4612630208333335
2 0.656494140625 0.2327473958333334 0.556884765625 0.2327473958333334 0.556884765625 0.3372395833333335 0.656494140625 0.3372395833333335
16 0.528076171875 0.15429687500000008 0.461669921875 0.15429687500000008 0.461669921875 0.28320312500000006 0.528076171875 0.28320312500000006
31 0.66943359375 0.0751953125000001 0.558837890625 0.0751953125000001 0.558837890625 0.2210286458333334 0.66943359375 0.2210286458333334
6 0.772705078125 0.47753906250000017 0.699951171875 0.47753906250000017 0.699951171875 0.6093750000000001 0.772705078125 0.6093750000000001
32 0.576171875 0.4163411458333335 0.46875 0.4163411458333335 0.46875 0.5537109375000001 0.576171875 0.5537109375000001
14 0.62255859375 0.5152994791666669 0.51904296875 0.5152994791666669 0.51904296875 0.6328125000000001 0.62255859375 0.6328125000000001
15 0.53857421875 0.5345052083333334 0.4404296875 0.5345052083333334 0.44042968750000006 0.6702473958333334 0.53857421875 0.6702473958333334
18 0.4421386718750001 0.6263020833333334 0.3432617187500001 0.6263020833333334 0.3432617187500001 0.7649739583333334 0.4421386718750001 0.7649739583333334