26 0.4169921875 0.10058593750000006 0.333740234375 0.10058593750000004 0.333740234375 0.2415364583333334 0.4169921875 0.2415364583333334
30 0.508544921875 0.024414062500000073 0.40234375 0.024414062500000066 0.40234375 0.1487630208333334 0.508544921875 0.1487630208333334
31 0.57958984375 0.12076822916666675 0.509765625 0.12076822916666674 0.509765625 0.24772135416666674 0.57958984375 0.24772135416666674
5 0.7509765625 0.08984375000000011 0.64794921875 0.08984375000000011 0.64794921875 0.24348958333333345 0.7509765625 0.24348958333333348
29 0.726318359375 0.2324218750000001 0.623779296875 0.23242187500000008 0.623779296875 0.3561197916666668 0.726318359375 0.3561197916666668
33 0.6279296875 0.2200520833333334 0.537841796875 0.2200520833333334 0.537841796875 0.3186848958333334 0.6279296875 0.3186848958333334
0 0.5576171875 0.25944010416666674 0.45703125 0.25944010416666674 0.45703125 0.40917968750000017 0.5576171875 0.40917968750000017
1 0.390869140625 0.2102864583333334 0.291748046875 0.2102864583333334 0.291748046875 0.3509114583333333 0.390869140625 0.3509114583333333
8 0.435302734375 0.3994140625 0.340576171875 0.3994140625 0.340576171875 0.5374348958333334 0.435302734375 0.5374348958333334
20 0.51611328125 0.41764322916666674 0.44140625 0.4176432291666667 0.44140625 0.5452473958333334 0.51611328125 0.5452473958333335
19 0.40234375000000006 0.5537109375 0.30615234375 0.5537109375 0.30615234375000006 0.7001953125 0.4023437500000001 0.7001953125
25 0.4565429687500001 0.6601562500000001 0.3566894531250001 0.66015625 0.3566894531250001 0.7776692708333334 0.4565429687500001 0.7776692708333334
16 0.637451171875 0.3756510416666668 0.53759765625 0.3756510416666668 0.53759765625 0.5188802083333335 0.637451171875 0.5188802083333335
18 0.597412109375 0.4850260416666668 0.513916015625 0.4850260416666668 0.513916015625 0.6308593750000001 0.597412109375 0.6308593750000001
7 0.676025390625 0.45019531250000017 0.577392578125 0.45019531250000017 0.577392578125 0.5768229166666669 0.676025390625 0.5768229166666669
6 0.708740234375 0.5169270833333335 0.602783203125 0.5169270833333335 0.602783203125 0.6653645833333335 0.708740234375 0.6653645833333335
18 0.816162109375 0.47167968750000017 0.703857421875 0.47167968750000017 0.703857421875 0.6165364583333335 0.816162109375 0.6165364583333335
23 0.8408203125 0.5664062500000001 0.724853515625 0.5664062500000001 0.724853515625 0.7096354166666666 0.8408203125 0.7096354166666666
32 0.79736328125 0.36230468750000017 0.713134765625 0.36230468750000017 0.713134765625 0.49414062500000017 0.79736328125 0.49414062500000017
32 0.54931640625 0.6067708333333335 0.4611816406250001 0.6067708333333335 0.4611816406250001 0.7477213541666666 0.54931640625 0.7477213541666666
17 0.71630859375 0.3291015625000001 0.603759765625 0.32910156250000006 0.603759765625 0.4684244791666668 0.71630859375 0.4684244791666668
27 0.752197265625 0.5940755208333335 0.65576171875 0.5940755208333335 0.65576171875 0.7333984375 0.752197265625 0.7333984375
11 0.530029296875 0.09635416666666674 0.41015625 0.09635416666666674 0.41015625 0.23046875000000008 0.530029296875 0.23046875000000008
11 0.502197265625 0.16992187500000008 0.37890625 0.16992187500000008 0.37890625 0.31835937500000006 0.502197265625 0.31835937500000006