2 0.3349609375 0.20572916666666674 0.24267578125 0.20572916666666674 0.24267578125000003 0.32975260416666674 0.3349609375 0.32975260416666674
8 0.3076171875 0.4397786458333333 0.21752929687500006 0.4397786458333333 0.21752929687500006 0.5494791666666666 0.3076171875 0.5494791666666666
3 0.37451171875 0.4052734375 0.2734375 0.4052734375 0.2734375 0.5211588541666666 0.37451171875 0.5211588541666666
3 0.24291992187500006 0.3515625 0.16625976562500006 0.3515625 0.16625976562500006 0.4674479166666667 0.24291992187500006 0.4674479166666667
29 0.44921875000000006 0.572265625 0.356201171875 0.572265625 0.35620117187500006 0.6985677083333334 0.4492187500000001 0.6985677083333334
30 0.3264160156250001 0.6487630208333334 0.23803710937500006 0.6487630208333334 0.23803710937500006 0.7340494791666666 0.3264160156250001 0.7340494791666666
9 0.42333984375 0.4713541666666667 0.32470703125 0.4713541666666667 0.32470703125 0.5891927083333334 0.42333984375 0.5891927083333334
30 0.726806640625 0.5781250000000001 0.639892578125 0.5781250000000001 0.639892578125 0.7021484375 0.726806640625 0.7021484375
28 0.3999023437500001 0.7180989583333334 0.3044433593750001 0.7180989583333334 0.3044433593750001 0.8212890625 0.3999023437500001 0.8212890625
9 0.787109375 0.771484375 0.681884765625 0.771484375 0.681884765625 0.8929036458333334 0.787109375 0.8929036458333334
27 0.816162109375 0.6595052083333335 0.7158203125 0.6595052083333335 0.7158203125 0.7532552083333334 0.816162109375 0.7532552083333334
4 0.759765625 0.4671223958333335 0.676513671875 0.4671223958333335 0.676513671875 0.5983072916666669 0.759765625 0.5983072916666669
28 0.6513671875 0.6276041666666669 0.55517578125 0.6276041666666669 0.55517578125 0.7307942708333334 0.6513671875 0.7307942708333334
5 0.5693359375 0.7418619791666666 0.4760742187500001 0.7418619791666666 0.4760742187500001 0.8792317708333334 0.5693359375 0.8792317708333334
25 0.70263671875 0.7190755208333334 0.60888671875 0.7190755208333334 0.60888671875 0.81640625 0.70263671875 0.81640625
4 0.2958984375000001 0.841796875 0.18823242187500006 0.841796875 0.18823242187500008 0.9475911458333334 0.2958984375000001 0.9475911458333334
26 0.3146972656250001 0.7333984375 0.22729492187500006 0.7333984375 0.22729492187500006 0.8704427083333334 0.3146972656250001 0.8704427083333334
33 0.11499023437500006 0.5901692708333334 0.032226562500000056 0.5901692708333334 0.03222656250000006 0.7027994791666666 0.11499023437500006 0.7027994791666666
12 0.22167968750000006 0.6673177083333334 0.11816406250000006 0.6673177083333334 0.11816406250000007 0.7962239583333334 0.22167968750000006 0.7962239583333334
29 0.11572265625000007 0.7063802083333334 0.026611328125000062 0.7063802083333334 0.02661132812500007 0.8209635416666666 0.11572265625000008 0.8209635416666666
24 0.17553710937500006 0.3662109375 0.08032226562500003 0.3662109375 0.08032226562500004 0.4674479166666667 0.17553710937500006 0.4674479166666667
22 0.392578125 0.26725260416666674 0.3232421875 0.26725260416666674 0.3232421875 0.384765625 0.392578125 0.384765625
27 0.54345703125 0.4225260416666668 0.4560546875 0.4225260416666668 0.4560546875 0.5527343750000001 0.54345703125 0.5527343750000001
1 0.72998046875 0.3209635416666668 0.635009765625 0.32096354166666674 0.635009765625 0.4593098958333335 0.72998046875 0.4593098958333335
19 0.65576171875 0.25944010416666674 0.557373046875 0.25944010416666674 0.557373046875 0.3929036458333335 0.65576171875 0.3929036458333335
11 0.581787109375 0.2249348958333334 0.489990234375 0.2249348958333334 0.489990234375 0.3636067708333335 0.581787109375 0.3636067708333335
10 0.4521484375 0.27929687500000006 0.380859375 0.27929687500000006 0.380859375 0.40625 0.4521484375 0.40625