9 0.33203125000000006 0.5520833333333334 0.23754882812500006 0.5520833333333334 0.23754882812500006 0.6868489583333334 0.3320312500000001 0.6868489583333334
28 0.3662109375 0.4010416666666667 0.255126953125 0.4010416666666667 0.255126953125 0.5302734375 0.3662109375 0.5302734375
27 0.22631835937500003 0.23665364583333334 0.133056640625 0.23665364583333334 0.13305664062500003 0.3704427083333333 0.22631835937500006 0.3704427083333333
32 0.5966796875 0.07845052083333343 0.52783203125 0.07845052083333343 0.52783203125 0.19986979166666674 0.5966796875 0.19986979166666674
23 0.657470703125 0.017903645833333433 0.579345703125 0.017903645833333426 0.579345703125 0.16048177083333345 0.657470703125 0.16048177083333345
21 0.537841796875 0.2464192708333334 0.429443359375 0.2464192708333334 0.429443359375 0.40397135416666674 0.537841796875 0.4039713541666668
18 0.49609375 0.1800130208333334 0.390625 0.1800130208333334 0.390625 0.30175781250000006 0.49609375 0.30175781250000006
27 0.824462890625 0.19140625000000014 0.71923828125 0.19140625000000014 0.71923828125 0.33398437500000017 0.824462890625 0.33398437500000017
5 0.750732421875 0.37988281250000017 0.64697265625 0.37988281250000017 0.64697265625 0.5097656250000001 0.750732421875 0.5097656250000001
16 0.27099609375 0.16796875000000003 0.18994140625 0.16796875 0.18994140625 0.2936197916666667 0.27099609375 0.29361979166666674
14 0.350830078125 0.3118489583333334 0.271728515625 0.3118489583333334 0.271728515625 0.4235026041666667 0.350830078125 0.4235026041666667
8 0.43408203125 0.3395182291666667 0.32666015625 0.3395182291666667 0.32666015625 0.4752604166666667 0.43408203125 0.4752604166666667
29 0.480712890625 0.41406250000000006 0.379150390625 0.4140625 0.379150390625 0.5390625000000001 0.480712890625 0.5390625000000001
6 0.549560546875 0.49804687500000017 0.46142578125 0.49804687500000017 0.46142578125000006 0.6347656250000001 0.549560546875 0.6347656250000001
7 0.51611328125 0.6549479166666667 0.4270019531250001 0.6549479166666666 0.4270019531250001 0.7880859375 0.51611328125 0.7880859375
13 0.42724609375000006 0.5960286458333334 0.322021484375 0.5960286458333334 0.32202148437500006 0.6995442708333334 0.4272460937500001 0.6995442708333334
24 0.41601562500000006 0.4801432291666667 0.317138671875 0.4801432291666667 0.31713867187500006 0.6080729166666666 0.4160156250000001 0.6080729166666666
13 0.302490234375 0.4778645833333333 0.20849609375000006 0.4778645833333333 0.20849609375000006 0.5712890625 0.302490234375 0.5712890625
30 0.596923828125 0.3460286458333335 0.52099609375 0.3460286458333335 0.52099609375 0.4778645833333335 0.596923828125 0.4778645833333335
13 0.65771484375 0.3372395833333335 0.587646484375 0.3372395833333335 0.587646484375 0.45800781250000017 0.65771484375 0.45800781250000017
15 0.51806640625 0.05436197916666675 0.43896484375 0.05436197916666674 0.43896484375 0.1868489583333334 0.51806640625 0.1868489583333334
28 0.3388671875 0.2083333333333334 0.247314453125 0.2083333333333334 0.24731445312500003 0.3427734375 0.3388671875 0.3427734375
32 0.402587890625 0.2132161458333334 0.303466796875 0.2132161458333334 0.303466796875 0.3668619791666667 0.402587890625 0.3668619791666667
26 0.45263671875 0.25292968750000006 0.352294921875 0.25292968750000006 0.352294921875 0.3876953125 0.45263671875 0.3876953125
14 0.49072265625000006 0.5048828125000001 0.390380859375 0.5048828125 0.39038085937500006 0.6383463541666667 0.4907226562500001 0.6383463541666669
6 0.678955078125 0.12955729166666677 0.591552734375 0.12955729166666677 0.591552734375 0.27148437500000006 0.678955078125 0.27148437500000006