24 0.753662109375 0.015950520833333443 0.607666015625 0.01595052083333343 0.607666015625 0.2001953125000001 0.753662109375 0.20019531250000014
29 0.91015625 0.1608072916666668 0.782470703125 0.16080729166666677 0.782470703125 0.3746744791666668 0.91015625 0.3746744791666668
27 0.32080078125 0.17089843750000003 0.200927734375 0.1708984375 0.200927734375 0.29524739583333337 0.32080078125 0.2952473958333334
33 0.339111328125 0.2845052083333334 0.257568359375 0.2845052083333334 0.257568359375 0.4244791666666667 0.339111328125 0.4244791666666667
6 0.439208984375 0.07812500000000007 0.3212890625 0.07812500000000006 0.3212890625 0.26432291666666674 0.439208984375 0.26432291666666674
21 0.54931640625 0.2864583333333334 0.435546875 0.2864583333333334 0.435546875 0.45703125000000006 0.54931640625 0.45703125000000017
31 0.57470703125 0.1083984375000001 0.43701171875 0.10839843750000007 0.43701171875 0.29785156250000006 0.57470703125 0.29785156250000006
15 0.65234375 0.15950520833333343 0.529296875 0.1595052083333334 0.529296875 0.33300781250000006 0.65234375 0.33300781250000006
10 0.692626953125 0.2760416666666668 0.565673828125 0.27604166666666674 0.565673828125 0.4264322916666668 0.692626953125 0.4264322916666668
7 0.749755859375 0.3590494791666668 0.599609375 0.3590494791666668 0.599609375 0.5475260416666669 0.749755859375 0.5475260416666669
17 0.2883300781250001 0.7275390625 0.13256835937500006 0.7275390625 0.13256835937500008 0.953125 0.2883300781250001 0.953125
16 0.3850097656250001 0.8509114583333334 0.24438476562500006 0.8509114583333334 0.24438476562500008 0.9964192708333334 0.3850097656250001 0.9964192708333334
20 0.4973144531250001 0.75 0.3552246093750001 0.75 0.3552246093750001 0.9326171875 0.4973144531250001 0.9326171875
16 0.5673828125 0.6256510416666667 0.4230957031250001 0.6256510416666666 0.4230957031250001 0.8095703125 0.5673828125 0.8095703125
28 0.4382324218750001 0.6129557291666666 0.3198242187500001 0.6129557291666666 0.3198242187500001 0.7646484375 0.4382324218750001 0.7646484375
12 0.517822265625 0.49218750000000006 0.380615234375 0.4921875 0.38061523437500006 0.6565755208333334 0.517822265625 0.6565755208333335
20 0.36962890625000006 0.4840494791666667 0.260009765625 0.4840494791666667 0.26000976562500006 0.6471354166666666 0.3696289062500001 0.6471354166666666
17 0.32714843750000006 0.5865885416666666 0.18676757812500006 0.5865885416666666 0.18676757812500006 0.8141276041666666 0.3271484375000001 0.8141276041666666
13 0.30371093750000006 0.4264322916666667 0.17846679687500006 0.4264322916666667 0.17846679687500006 0.6227213541666666 0.3037109375000001 0.6227213541666666
22 0.24291992187500006 0.5657552083333334 0.11425781250000006 0.5657552083333334 0.11425781250000007 0.7649739583333334 0.24291992187500006 0.7649739583333334
4 0.453125 0.3968098958333333 0.33251953125 0.3968098958333333 0.33251953125 0.5481770833333334 0.453125 0.5481770833333334
3 0.4580078125 0.25292968750000006 0.337890625 0.25292968750000006 0.337890625 0.39908854166666674 0.4580078125 0.3990885416666668
30 0.594970703125 0.37695312500000017 0.48046875 0.37695312500000017 0.48046875 0.5524088541666669 0.594970703125 0.5524088541666669
32 0.6474609375 0.47460937500000017 0.5107421875 0.47460937500000017 0.5107421875 0.6803385416666666 0.6474609375 0.6803385416666666
32 0.81103515625 0.17350260416666677 0.653564453125 0.17350260416666674 0.653564453125 0.37109375000000017 0.81103515625 0.37109375000000017
14 0.3554687500000001 0.69921875 0.24731445312500006 0.69921875 0.24731445312500006 0.8707682291666666 0.3554687500000001 0.8707682291666666
31 0.14892578125 1.273680508878839e-17 0.007080078125 1.1560793351325927e-18 0.007080078125000004 0.09765625000000001 0.14892578125 0.09765625000000004