26 0.12217881944444449 0.5672348484848485 0.056857638888888916 0.5672348484848485 0.05685763888888892 0.6893939393939394 0.12217881944444449 0.6893939393939394
1 0.2986111111111111 0.6463068181818182 0.22005208333333337 0.6463068181818182 0.22005208333333337 0.796875 0.2986111111111111 0.796875
21 0.34027777777777785 0.7926136363636364 0.2821180555555556 0.7926136363636364 0.2821180555555556 0.9351325757575758 0.3402777777777779 0.9351325757575758
0 0.30533854166666674 0.9389204545454546 0.22439236111111122 0.9389204545454546 0.22439236111111122 1 0.30533854166666674 1
27 0.4021267361111112 0.9479166666666666 0.343967013888889 0.9479166666666666 0.343967013888889 1 0.4021267361111112 1
28 0.44162326388888895 0.8693181818181819 0.3854166666666667 0.8693181818181818 0.38541666666666674 0.9758522727272727 0.441623263888889 0.9758522727272727
14 0.4205729166666667 0.6979166666666667 0.3532986111111111 0.6979166666666666 0.3532986111111111 0.8650568181818183 0.4205729166666667 0.8650568181818183
31 0.3446180555555556 0.5454545454545454 0.2697482638888889 0.5454545454545454 0.2697482638888889 0.671875 0.3446180555555556 0.671875
5 0.3578559027777778 0.6505681818181818 0.2853732638888889 0.6505681818181818 0.2853732638888889 0.7684659090909091 0.3578559027777778 0.7684659090909091
15 0.10460069444444449 0.9621212121212122 0.03211805555555561 0.9621212121212122 0.03211805555555561 1 0.10460069444444449 1
2 0.2250434027777778 0.5710227272727273 0.1373697916666667 0.5710227272727273 0.1373697916666667 0.7618371212121212 0.2250434027777778 0.7618371212121212
30 0.22873263888888898 0.9034090909090909 0.1551649305555556 0.9034090909090909 0.1551649305555556 1 0.22873263888888898 1
2 0.14605034722222227 0.8380681818181818 0.08159722222222227 0.8380681818181818 0.08159722222222227 1 0.14605034722222227 1
24 0.2799479166666667 0.48106060606060613 0.1998697916666667 0.4810606060606061 0.1998697916666667 0.671875 0.2799479166666667 0.671875
4 0.2326388888888889 0.44318181818181823 0.1475694444444445 0.4431818181818182 0.1475694444444445 0.6112689393939394 0.2326388888888889 0.6112689393939394
3 0.38932291666666674 0.7291666666666666 0.3059895833333333 0.7291666666666666 0.30598958333333337 0.9109848484848485 0.38932291666666674 0.9109848484848485
3 0.35807291666666674 0.9517045454545454 0.28407118055555564 0.9517045454545454 0.28407118055555564 1 0.35807291666666674 1
21 0.04535590277777783 0.9540719696969697 5.355172092625687e-17 0.9540719696969697 5.484068294358861e-17 1 0.04535590277777784 1
24 0.050564236111111154 0.6676136363636364 3.74729163801599e-17 0.6676136363636364 4.2083945452470354e-17 0.8319128787878788 0.05056423611111116 0.8319128787878788
33 0.028645833333333363 0.5478219696969697 3.074905266088298e-17 0.5478219696969697 3.454949737177863e-17 0.6832386363636364 0.02864583333333337 0.6832386363636364