26 0.425537109375 0.1490885416666667 0.326904296875 0.1490885416666667 0.326904296875 0.2542317708333334 0.425537109375 0.2542317708333334
33 0.31298828125 0.19921875000000003 0.19775390625 0.19921875 0.19775390625000003 0.3427734375 0.31298828125 0.3427734375
6 0.255859375 0.3141276041666667 0.13769531250000006 0.3141276041666667 0.13769531250000006 0.4765625 0.255859375 0.4765625
1 0.44384765625 0.4378255208333333 0.37646484375 0.4378255208333333 0.37646484375 0.5712890625 0.44384765625 0.5712890625
27 0.524169921875 0.5605468750000001 0.424560546875 0.560546875 0.42456054687500006 0.6448567708333334 0.524169921875 0.6448567708333335
24 0.4509277343750001 0.8063151041666666 0.3339843750000001 0.8063151041666666 0.3339843750000001 0.9388020833333334 0.4509277343750001 0.9388020833333334
7 0.51318359375 0.6445312500000001 0.4018554687500001 0.64453125 0.4018554687500001 0.7688802083333334 0.51318359375 0.7688802083333334
29 0.553955078125 0.4176432291666668 0.456787109375 0.4176432291666668 0.456787109375 0.5524088541666669 0.553955078125 0.5524088541666669
20 0.509033203125 0.2835286458333334 0.410400390625 0.2835286458333334 0.410400390625 0.41178385416666674 0.509033203125 0.4117838541666668
4 0.619873046875 0.2962239583333334 0.508056640625 0.2962239583333334 0.508056640625 0.44335937500000017 0.619873046875 0.44335937500000017
5 0.82275390625 0.2649739583333335 0.7255859375 0.2649739583333335 0.7255859375 0.4270833333333335 0.82275390625 0.4270833333333335
8 0.793212890625 0.49414062500000017 0.66943359375 0.49414062500000017 0.66943359375 0.6445312500000001 0.793212890625 0.6445312500000001
2 0.790283203125 0.6539713541666669 0.66357421875 0.6539713541666669 0.66357421875 0.8216145833333334 0.790283203125 0.8216145833333334
14 0.654052734375 0.6888020833333334 0.5458984375 0.6888020833333334 0.5458984375 0.8274739583333334 0.654052734375 0.8274739583333334
25 0.66748046875 0.5553385416666669 0.58447265625 0.5553385416666669 0.58447265625 0.6868489583333334 0.66748046875 0.6868489583333334
16 0.65087890625 0.46289062500000017 0.559326171875 0.46289062500000017 0.559326171875 0.5641276041666669 0.65087890625 0.5641276041666669
0 0.5126953125 0.03678385416666674 0.398193359375 0.036783854166666734 0.398193359375 0.1927083333333334 0.5126953125 0.1927083333333334
17 0.977783203125 0.050455729166666824 0.86962890625 0.05045572916666682 0.86962890625 0.21158854166666682 0.977783203125 0.21158854166666682
3 0.574462890625 0.2141927083333334 0.47412109375 0.2141927083333334 0.47412109375 0.3372395833333335 0.574462890625 0.3372395833333335
4 0.15087890625000006 0.5911458333333334 0.049804687500000056 0.5911458333333334 0.04980468750000006 0.724609375 0.15087890625000006 0.724609375
11 0.15283203125000006 0.3505859375 0.04272460937500003 0.3505859375 0.042724609375000035 0.4632161458333333 0.15283203125000006 0.4632161458333333
2 0.999755859375 0.16601562500000014 0.906494140625 0.16601562500000014 0.906494140625 0.3180338541666668 0.999755859375 0.3180338541666668
28 0.4125976562500001 0.8929036458333334 0.2678222656250001 0.8929036458333334 0.2678222656250001 0.9996744791666666 0.4125976562500001 0.9996744791666666
30 0.2561035156250001 0.7867838541666666 0.14111328125000006 0.7867838541666666 0.14111328125000008 0.9195963541666666 0.2561035156250001 0.9195963541666666
11 0.6396484375 9.609411163231429e-17 0.537353515625 8.77424350560978e-17 0.537353515625 0.12890625000000008 0.6396484375 0.1289062500000001
27 0.539794921875 8.112487748258021e-17 0.453857421875 7.410867186246516e-17 0.453857421875 0.10872395833333341 0.539794921875 0.10872395833333341