29 0.412353515625 0.0029296875000000603 0.32861328125 0.0029296875000000533 0.32861328125 0.10514322916666673 0.412353515625 0.10514322916666674
10 0.4296875 0.12174479166666674 0.343505859375 0.12174479166666674 0.343505859375 0.20279947916666674 0.4296875 0.20279947916666674
28 0.58642578125 0.26041666666666674 0.518310546875 0.26041666666666674 0.518310546875 0.37304687500000017 0.58642578125 0.37304687500000017
8 0.621826171875 0.4544270833333335 0.5380859375 0.4544270833333335 0.5380859375 0.5462239583333335 0.621826171875 0.5462239583333335
14 0.694091796875 0.5585937500000001 0.603271484375 0.5585937500000001 0.603271484375 0.6669921875 0.694091796875 0.6669921875
4 0.54296875 0.08919270833333341 0.46875 0.08919270833333341 0.46875 0.20898437500000008 0.54296875 0.20898437500000008
26 0.6611328125 0.08170572916666677 0.571044921875 0.08170572916666675 0.571044921875 0.18815104166666674 0.6611328125 0.18815104166666674
11 0.682373046875 0.18684895833333345 0.599365234375 0.1868489583333334 0.599365234375 0.2688802083333334 0.682373046875 0.2688802083333335
22 0.677734375 0.26562500000000006 0.593994140625 0.26562500000000006 0.593994140625 0.35937500000000017 0.677734375 0.35937500000000017
9 0.74609375 0.24446614583333348 0.686767578125 0.24446614583333348 0.686767578125 0.3570963541666668 0.74609375 0.3570963541666668
29 0.74853515625 0.3580729166666668 0.66650390625 0.3580729166666668 0.66650390625 0.44238281250000017 0.74853515625 0.44238281250000017
12 0.6611328125 0.3694661458333335 0.57177734375 0.3694661458333335 0.57177734375 0.4694010416666668 0.6611328125 0.4694010416666668
9 0.846923828125 0.43359375000000017 0.7529296875 0.43359375000000017 0.7529296875 0.5377604166666669 0.846923828125 0.5377604166666669
18 0.592529296875 0.6497395833333335 0.4970703125000001 0.6497395833333335 0.4970703125000001 0.7613932291666666 0.592529296875 0.7613932291666666
25 0.742919921875 0.6549479166666669 0.663330078125 0.6549479166666669 0.663330078125 0.7783203125 0.742919921875 0.7783203125
13 0.777587890625 0.08268229166666678 0.6884765625 0.08268229166666678 0.6884765625 0.20898437500000014 0.777587890625 0.20898437500000014
27 0.873779296875 0.23925781250000014 0.7734375 0.23925781250000014 0.7734375 0.36230468750000017 0.873779296875 0.36230468750000017
27 0.859619140625 0.35156250000000017 0.757080078125 0.35156250000000017 0.757080078125 0.45703125000000017 0.859619140625 0.45703125000000017
30 0.739990234375 0.4313151041666668 0.6552734375 0.4313151041666668 0.6552734375 0.5188802083333335 0.739990234375 0.5188802083333335
28 0.763427734375 0.5227864583333335 0.693115234375 0.5227864583333335 0.693115234375 0.6386718750000001 0.763427734375 0.6386718750000001
3 0.869873046875 0.07747395833333347 0.782958984375 0.07747395833333347 0.782958984375 0.20084635416666682 0.869873046875 0.20084635416666682
10 0.932861328125 0.10709635416666681 0.8505859375 0.10709635416666681 0.8505859375 0.23860677083333348 0.932861328125 0.23860677083333348
19 0.9990234375 0.017578125000000156 0.935791015625 0.017578125000000153 0.935791015625 0.12630208333333348 0.9990234375 0.12630208333333348