23 0.338134765625 0.4703776041666667 0.270263671875 0.4703776041666667 0.270263671875 0.5872395833333334 0.338134765625 0.5872395833333334
10 0.35546875 0.3463541666666667 0.271728515625 0.3463541666666667 0.271728515625 0.4641927083333333 0.35546875 0.4641927083333333
20 0.279052734375 0.3505859375 0.21044921875000006 0.3505859375 0.21044921875000006 0.4694010416666667 0.279052734375 0.4694010416666667
21 0.358642578125 0.21093750000000008 0.26953125 0.21093750000000008 0.26953125 0.31933593750000006 0.358642578125 0.31933593750000006
16 0.397216796875 0.1383463541666667 0.30419921875 0.1383463541666667 0.30419921875 0.24707031250000008 0.397216796875 0.24707031250000008
32 0.54296875 0.33170572916666674 0.453857421875 0.33170572916666674 0.453857421875 0.4537760416666668 0.54296875 0.4537760416666668
5 0.672119140625 0.03971354166666677 0.587646484375 0.03971354166666676 0.587646484375 0.14192708333333345 0.672119140625 0.14192708333333345
27 0.564208984375 0.08691406250000007 0.493896484375 0.08691406250000007 0.493896484375 0.1985677083333334 0.564208984375 0.1985677083333334
14 0.45556640625 0.09537760416666674 0.370361328125 0.09537760416666674 0.370361328125 0.19335937500000008 0.45556640625 0.19335937500000008
13 0.47998046875 0.012369791666666739 0.40966796875 0.012369791666666732 0.40966796875 0.11458333333333341 0.47998046875 0.11458333333333341
18 0.501220703125 0.45019531250000006 0.416748046875 0.4501953125 0.416748046875 0.5387369791666667 0.501220703125 0.5387369791666669
9 0.583984375 0.44726562500000017 0.5087890625 0.44726562500000017 0.5087890625 0.5693359375000001 0.583984375 0.5693359375000001
8 0.666748046875 0.44726562500000017 0.573486328125 0.44726562500000017 0.573486328125 0.5494791666666669 0.666748046875 0.5494791666666669
33 0.39575195312500006 0.5804036458333334 0.302490234375 0.5804036458333334 0.30249023437500006 0.6731770833333334 0.3957519531250001 0.6731770833333334
33 0.4130859375 0.4524739583333333 0.322265625 0.4524739583333333 0.322265625 0.54296875 0.4130859375 0.54296875
26 0.401123046875 0.26757812500000006 0.311279296875 0.26757812500000006 0.311279296875 0.375 0.401123046875 0.375
4 0.4296875 0.3463541666666667 0.342041015625 0.3463541666666667 0.342041015625 0.4475911458333333 0.4296875 0.4475911458333333
28 0.49658203125 0.2727864583333334 0.408935546875 0.2727864583333334 0.408935546875 0.38769531250000006 0.49658203125 0.38769531250000017
13 0.6162109375 0.20670572916666674 0.529296875 0.20670572916666674 0.529296875 0.30143229166666674 0.6162109375 0.30143229166666674
30 0.280029296875 0.058593750000000035 0.184326171875 0.058593750000000035 0.184326171875 0.1764322916666667 0.280029296875 0.17643229166666674
32 0.4658203125 0.19726562500000008 0.379638671875 0.19726562500000008 0.379638671875 0.30566406250000006 0.4658203125 0.30566406250000006
28 0.643798828125 0.5270182291666669 0.54736328125 0.5270182291666669 0.54736328125 0.6575520833333335 0.643798828125 0.6575520833333335