22 0.2744140625000001 0.7076822916666666 0.20068359375000006 0.7076822916666666 0.20068359375000006 0.8160807291666666 0.2744140625000001 0.8160807291666666
3 0.4252929687500001 0.6578776041666666 0.3510742187500001 0.6578776041666666 0.3510742187500001 0.7731119791666666 0.4252929687500001 0.7731119791666666
17 0.552490234375 0.6595052083333335 0.4743652343750001 0.6595052083333335 0.4743652343750001 0.7434895833333334 0.552490234375 0.7434895833333334
2 0.62548828125 0.5673828125000001 0.54150390625 0.5673828125000001 0.54150390625 0.6809895833333334 0.62548828125 0.6809895833333334
0 0.68603515625 0.5104166666666669 0.6162109375 0.5104166666666669 0.6162109375 0.6201171875000001 0.68603515625 0.6201171875000001
24 0.638671875 0.3997395833333335 0.5751953125 0.3997395833333335 0.5751953125 0.5055338541666669 0.638671875 0.5055338541666669
9 0.718994140625 0.36328125000000017 0.633544921875 0.36328125000000017 0.633544921875 0.4635416666666668 0.718994140625 0.4635416666666668
30 0.52294921875 0.4192708333333335 0.458984375 0.4192708333333335 0.458984375 0.5270182291666669 0.52294921875 0.5270182291666669
31 0.5703125 0.35351562500000017 0.493408203125 0.35351562500000017 0.493408203125 0.46679687500000017 0.5703125 0.46679687500000017
10 0.60888671875 0.3050130208333334 0.532958984375 0.3050130208333334 0.532958984375 0.4156901041666668 0.60888671875 0.4156901041666668
23 0.672119140625 0.27050781250000006 0.587646484375 0.27050781250000006 0.587646484375 0.3860677083333335 0.672119140625 0.3860677083333335
19 0.6357421875 0.20117187500000008 0.55322265625 0.20117187500000008 0.55322265625 0.31542968750000006 0.6357421875 0.31542968750000006
12 0.539794921875 0.1966145833333334 0.480712890625 0.1966145833333334 0.480712890625 0.3030598958333334 0.539794921875 0.3030598958333334
2 0.481201171875 0.31022135416666674 0.417724609375 0.31022135416666674 0.417724609375 0.4182942708333334 0.481201171875 0.4182942708333335
29 0.443359375 0.4150390625 0.3720703125 0.4150390625 0.3720703125 0.5257161458333334 0.443359375 0.5257161458333334
9 0.37255859375 0.3994140625 0.294921875 0.3994140625 0.294921875 0.5110677083333334 0.37255859375 0.5110677083333334
12 0.28173828125 0.4954427083333333 0.19604492187500006 0.4954427083333333 0.19604492187500006 0.5859375 0.28173828125 0.5859375
11 0.29296875 0.396484375 0.20532226562500006 0.396484375 0.20532226562500006 0.5048828125 0.29296875 0.5048828125
12 0.327392578125 0.333984375 0.252685546875 0.333984375 0.252685546875 0.4456380208333333 0.327392578125 0.4456380208333333
15 0.32958984375 0.23893229166666674 0.258056640625 0.23893229166666674 0.258056640625 0.3434244791666667 0.32958984375 0.3434244791666667
10 0.277099609375 0.19726562500000003 0.2080078125 0.197265625 0.20800781250000003 0.30403645833333337 0.277099609375 0.3040364583333334
3 0.370361328125 0.2014973958333334 0.310791015625 0.2014973958333334 0.310791015625 0.30468750000000006 0.370361328125 0.30468750000000006
28 0.43212890625 0.17447916666666674 0.35986328125 0.17447916666666674 0.35986328125 0.25553385416666674 0.43212890625 0.25553385416666674
3 0.55078125 0.5107421875000001 0.46826171875 0.5107421875000001 0.46826171875000006 0.6171875000000001 0.55078125 0.6171875000000001
1 0.44506835937500006 0.5436197916666666 0.356689453125 0.5436197916666666 0.35668945312500006 0.6477864583333334 0.4450683593750001 0.6477864583333334
27 0.597412109375 0.4514973958333335 0.521484375 0.4514973958333335 0.521484375 0.5647786458333335 0.597412109375 0.5647786458333335