33 0.433837890625 0.3850911458333333 0.36279296875 0.3850911458333333 0.36279296875 0.486328125 0.433837890625 0.486328125
26 0.285400390625 0.3258463541666667 0.21533203125000006 0.3258463541666667 0.21533203125000006 0.4098307291666667 0.285400390625 0.4098307291666667
27 0.68212890625 0.3997395833333335 0.626708984375 0.3997395833333335 0.626708984375 0.4905598958333335 0.68212890625 0.4905598958333335
5 0.64306640625 0.07682291666666677 0.56982421875 0.07682291666666675 0.56982421875 0.16243489583333345 0.64306640625 0.16243489583333345
15 0.7880859375 0.23632812500000014 0.70654296875 0.23632812500000014 0.70654296875 0.3362630208333335 0.7880859375 0.3362630208333335
7 0.697998046875 0.21419270833333345 0.626220703125 0.2141927083333334 0.626220703125 0.3219401041666668 0.697998046875 0.3219401041666668
21 0.296142578125 0.2415364583333334 0.232421875 0.2415364583333334 0.23242187500000003 0.33105468750000006 0.296142578125 0.33105468750000006
8 0.21533203125000006 0.5081380208333334 0.13940429687500006 0.5081380208333334 0.13940429687500006 0.5885416666666666 0.21533203125000006 0.5885416666666666
19 0.253173828125 0.4423828125 0.18457031250000006 0.4423828125 0.18457031250000006 0.5390625 0.253173828125 0.5390625
1 0.30419921875 0.4143880208333333 0.22998046875000006 0.4143880208333333 0.22998046875000006 0.5068359375 0.30419921875 0.5068359375
18 0.60888671875 0.3424479166666668 0.5322265625 0.3424479166666668 0.5322265625 0.44726562500000017 0.60888671875 0.44726562500000017
31 0.641357421875 0.1445312500000001 0.57763671875 0.1445312500000001 0.57763671875 0.25195312500000006 0.641357421875 0.25195312500000006
29 0.651611328125 9.84660675095691e-17 0.554443359375 9.053297138227992e-17 0.554443359375 0.10123697916666675 0.651611328125 0.10123697916666678
30 0.22900390625000006 0.3675130208333333 0.15576171875000006 0.3675130208333333 0.15576171875000006 0.4632161458333333 0.22900390625000006 0.4632161458333333
0 0.36279296875 0.4410807291666667 0.30224609375 0.4410807291666667 0.30224609375 0.529296875 0.36279296875 0.529296875
25 0.341552734375 0.5032552083333334 0.26513671875 0.5032552083333334 0.26513671875 0.6025390625 0.341552734375 0.6025390625
20 0.44091796875 0.4827473958333333 0.36376953125 0.4827473958333333 0.36376953125 0.5830078125 0.44091796875 0.5830078125
16 0.519775390625 0.5208333333333334 0.443603515625 0.5208333333333334 0.443603515625 0.6015625000000001 0.519775390625 0.6015625000000001
7 0.722900390625 0.2923177083333334 0.65283203125 0.2923177083333334 0.65283203125 0.39648437500000017 0.722900390625 0.39648437500000017
6 0.90234375 0.08463541666666681 0.824462890625 0.08463541666666681 0.824462890625 0.19889322916666682 0.90234375 0.19889322916666682
17 0.90087890625 0.017903645833333474 0.816162109375 0.017903645833333467 0.816162109375 0.10514322916666681 0.90087890625 0.10514322916666681
32 0.76806640625 0.06673177083333345 0.702392578125 0.06673177083333344 0.702392578125 0.17936197916666682 0.76806640625 0.17936197916666682
17 0.706787109375 0.05468750000000011 0.649169921875 0.05468750000000011 0.649169921875 0.15755208333333345 0.706787109375 0.15755208333333345
23 0.7744140625 0.3274739583333335 0.69384765625 0.3274739583333335 0.69384765625 0.4368489583333335 0.7744140625 0.4368489583333335
14 0.855712890625 0.2561848958333335 0.783447265625 0.2561848958333335 0.783447265625 0.3694661458333335 0.855712890625 0.3694661458333335
32 0.945556640625 0.22591145833333348 0.835205078125 0.22591145833333348 0.835205078125 0.3470052083333335 0.945556640625 0.3470052083333335
6 0.99951171875 0.2516276041666668 0.921630859375 0.2516276041666668 0.921630859375 0.3727213541666668 0.99951171875 0.3727213541666668
27 0.80029296875 0.3821614583333335 0.71826171875 0.3821614583333335 0.71826171875 0.49023437500000017 0.80029296875 0.49023437500000017
18 0.81494140625 0.10774739583333347 0.73974609375 0.10774739583333344 0.73974609375 0.21907552083333348 0.81494140625 0.21907552083333348
0 0.87841796875 0.17708333333333348 0.78125 0.17708333333333348 0.78125 0.2757161458333335 0.87841796875 0.2757161458333335
32 0.41674804687500006 0.5797526041666666 0.346435546875 0.5797526041666666 0.34643554687500006 0.6435546875 0.4167480468750001 0.6435546875
22 0.3388671875 0.3570963541666667 0.263427734375 0.3570963541666667 0.263427734375 0.4544270833333333 0.3388671875 0.4544270833333333
6 0.741943359375 0.13313802083333345 0.654296875 0.13313802083333345 0.654296875 0.2613932291666668 0.741943359375 0.2613932291666668
22 0.746337890625 1.1439205697113704e-16 0.65478515625 1.0691740609743494e-16 0.65478515625 0.09342447916666678 0.746337890625 0.09342447916666678