3 0.655517578125 0.3756510416666668 0.5576171875 0.3756510416666668 0.5576171875 0.5074869791666669 0.655517578125 0.5074869791666669
15 0.505126953125 0.3958333333333334 0.416748046875 0.3958333333333333 0.416748046875 0.5273437500000001 0.505126953125 0.5273437500000001
11 0.985595703125 0.003906250000000152 0.875 0.003906250000000143 0.875 0.13346354166666682 0.985595703125 0.13346354166666682
33 0.5029296875 0.19108072916666674 0.40966796875 0.19108072916666674 0.40966796875 0.3089192708333334 0.5029296875 0.3089192708333334
5 0.4731445312500001 0.8177083333333334 0.3796386718750001 0.8177083333333334 0.3796386718750001 0.9680989583333334 0.4731445312500001 0.9680989583333334
2 0.2653808593750001 0.7542317708333334 0.15283203125000006 0.7542317708333334 0.15283203125000006 0.8951822916666666 0.2653808593750001 0.8951822916666666
7 0.17993164062500006 0.7109375 0.06176757812500007 0.7109375 0.061767578125000076 0.8421223958333334 0.17993164062500006 0.8421223958333334
20 0.19726562500000006 0.5911458333333334 0.07958984375000006 0.5911458333333334 0.07958984375000006 0.7220052083333334 0.19726562500000006 0.7220052083333334
21 0.20678710937500006 0.4781901041666667 0.09545898437500006 0.4781901041666667 0.09545898437500006 0.5930989583333334 0.20678710937500006 0.5930989583333334
23 0.26513671875000006 0.5328776041666666 0.14965820312500006 0.5328776041666666 0.14965820312500006 0.6614583333333334 0.2651367187500001 0.6614583333333334
25 0.251220703125 0.3968098958333333 0.16845703125000006 0.3968098958333333 0.16845703125000006 0.53125 0.251220703125 0.53125
26 0.21240234375000003 0.2721354166666667 0.11840820312500003 0.2721354166666667 0.11840820312500003 0.3990885416666667 0.21240234375000006 0.3990885416666667
32 0.15112304687500003 0.19108072916666666 0.07080078125000003 0.19108072916666666 0.07080078125000003 0.3180338541666667 0.15112304687500006 0.3180338541666667
9 0.244873046875 0.16634114583333337 0.168701171875 0.16634114583333337 0.168701171875 0.28710937500000006 0.244873046875 0.28710937500000006
33 0.27783203125 0.038085937500000035 0.181640625 0.03808593750000003 0.181640625 0.17382812500000003 0.27783203125 0.17382812500000008
17 0.387939453125 0.16796875000000008 0.28564453125 0.16796875000000008 0.28564453125 0.2991536458333334 0.387939453125 0.2991536458333334
24 0.369384765625 0.032226562500000056 0.26708984375 0.03222656250000005 0.26708984375 0.13769531250000006 0.369384765625 0.13769531250000008
33 0.42333984375 0.0638020833333334 0.330322265625 0.06380208333333338 0.330322265625 0.20898437500000008 0.42333984375 0.20898437500000008
14 0.530029296875 0.10253906250000007 0.43798828125 0.10253906250000007 0.43798828125 0.23730468750000008 0.530029296875 0.23730468750000008
24 0.600341796875 0.14029947916666677 0.52587890625 0.14029947916666674 0.52587890625 0.27018229166666674 0.600341796875 0.27018229166666674
20 0.4716796875 0.2620442708333334 0.375732421875 0.2620442708333334 0.375732421875 0.3977864583333334 0.4716796875 0.3977864583333335
13 0.30615234375 0.31087239583333337 0.19897460937500006 0.3108723958333333 0.19897460937500006 0.4280598958333333 0.30615234375 0.4280598958333333
33 0.351806640625 0.4108072916666667 0.250244140625 0.4108072916666667 0.250244140625 0.5491536458333334 0.351806640625 0.5491536458333334
29 0.442626953125 0.478515625 0.3515625 0.478515625 0.3515625 0.5849609375 0.442626953125 0.5849609375
23 0.3583984375000001 0.6389973958333334 0.2568359375000001 0.6389973958333334 0.2568359375000001 0.7841796875 0.3583984375000001 0.7841796875
4 0.47094726562500006 0.5976562500000001 0.365478515625 0.59765625 0.36547851562500006 0.697265625 0.4709472656250001 0.697265625
5 0.479248046875 0.004231770833333403 0.373779296875 0.004231770833333395 0.373779296875 0.14941406250000008 0.479248046875 0.14941406250000008
13 0.413818359375 6.238841929250025e-17 0.350341796875 5.720599468673346e-17 0.350341796875 0.0472005208333334 0.413818359375 0.047200520833333405
32 0.8662109375 1.3452378332430805e-16 0.781494140625 1.2760723971584236e-16 0.781494140625 0.07747395833333347 0.8662109375 0.07747395833333348
17 0.33056640625 0.10351562500000004 0.233154296875 0.10351562500000004 0.233154296875 0.21549479166666674 0.33056640625 0.21549479166666674
28 0.6015625 0.5634765625000001 0.489990234375 0.5634765625000001 0.48999023437500006 0.6940104166666666 0.6015625 0.6940104166666666