5 0.344970703125 0.23404947916666674 0.25537109375 0.23404947916666674 0.25537109375 0.32226562500000006 0.344970703125 0.32226562500000006
8 0.393310546875 0.26432291666666674 0.33642578125 0.26432291666666674 0.33642578125 0.3665364583333333 0.393310546875 0.3665364583333333
31 0.384765625 0.3597005208333333 0.301025390625 0.3597005208333333 0.301025390625 0.470703125 0.384765625 0.470703125
4 0.293212890625 0.3932291666666667 0.21020507812500006 0.3932291666666667 0.21020507812500006 0.4892578125 0.293212890625 0.4892578125
11 0.45263671875 0.4420572916666667 0.366943359375 0.4420572916666667 0.366943359375 0.529296875 0.45263671875 0.529296875
0 0.3430175781250001 0.6057942708333334 0.2678222656250001 0.6057942708333334 0.2678222656250001 0.7180989583333334 0.3430175781250001 0.7180989583333334
3 0.4218750000000001 0.6276041666666666 0.3371582031250001 0.6276041666666666 0.3371582031250001 0.7255859375 0.4218750000000001 0.7255859375
26 0.41162109375000006 0.5335286458333334 0.32568359375 0.5335286458333334 0.32568359375000006 0.6500651041666666 0.4116210937500001 0.6500651041666666
2 0.17797851562500008 0.802734375 0.09301757812500008 0.802734375 0.09301757812500008 0.9212239583333334 0.1779785156250001 0.9212239583333334
6 0.505126953125 0.8427734375 0.4057617187500001 0.8427734375 0.4057617187500001 0.9632161458333334 0.505126953125 0.9632161458333334
33 0.3796386718750001 0.7685546875 0.3020019531250001 0.7685546875 0.3020019531250001 0.8564453125 0.3796386718750001 0.8564453125
1 0.4912109375000001 0.7506510416666666 0.4079589843750001 0.7506510416666666 0.4079589843750001 0.8548177083333334 0.4912109375000001 0.8548177083333334
11 0.65380859375 0.78515625 0.571533203125 0.78515625 0.571533203125 0.8772786458333334 0.65380859375 0.8772786458333334
2 0.6611328125 0.7171223958333334 0.585693359375 0.7171223958333334 0.585693359375 0.7985026041666666 0.6611328125 0.7985026041666666
27 0.581787109375 0.6839192708333334 0.4968261718750001 0.6839192708333334 0.4968261718750001 0.8050130208333334 0.581787109375 0.8050130208333334
25 0.67822265625 0.5976562500000001 0.60009765625 0.5976562500000001 0.60009765625 0.6780598958333334 0.67822265625 0.6780598958333334
29 0.566162109375 0.6018880208333335 0.481201171875 0.6018880208333335 0.48120117187500006 0.7151692708333334 0.566162109375 0.7151692708333334
20 0.5595703125 0.5074869791666669 0.46923828125 0.5074869791666669 0.46923828125000006 0.6214192708333335 0.5595703125 0.6214192708333335
24 0.642822265625 0.4762369791666668 0.574951171875 0.4762369791666668 0.574951171875 0.5856119791666669 0.642822265625 0.5856119791666669
14 0.72119140625 0.5065104166666669 0.6396484375 0.5065104166666669 0.6396484375 0.5875651041666669 0.72119140625 0.5875651041666669
7 0.8046875 0.6360677083333335 0.712158203125 0.6360677083333335 0.712158203125 0.7529296875 0.8046875 0.7529296875
30 0.852294921875 0.5113932291666669 0.775146484375 0.5113932291666669 0.775146484375 0.6298828125000001 0.852294921875 0.6298828125000001
28 0.6630859375 0.3502604166666668 0.575927734375 0.3502604166666668 0.575927734375 0.4544270833333335 0.6630859375 0.4544270833333335
2 0.59765625 0.3922526041666668 0.509521484375 0.3922526041666668 0.509521484375 0.4983723958333335 0.59765625 0.4983723958333335
16 0.523193359375 0.37500000000000006 0.43115234375 0.375 0.43115234375 0.4807942708333334 0.523193359375 0.4807942708333335
16 0.09887695312500006 0.5983072916666666 0.0019531250000000546 0.5983072916666666 0.0019531250000000594 0.6943359375 0.09887695312500006 0.6943359375
16 0.029296875000000045 0.4798177083333333 4.407054155134762e-17 0.4798177083333333 4.7643424668977234e-17 0.5576171875 0.02929687500000005 0.5576171875