21 0.53662109375 0.2278645833333334 0.471923828125 0.2278645833333334 0.471923828125 0.33300781250000006 0.53662109375 0.33300781250000006
17 0.61083984375 0.26432291666666674 0.541259765625 0.26432291666666674 0.541259765625 0.3518880208333335 0.61083984375 0.3518880208333335
17 0.704345703125 0.2685546875000001 0.630126953125 0.26855468750000006 0.630126953125 0.3551432291666668 0.704345703125 0.3551432291666668
15 0.775390625 0.19531250000000014 0.705810546875 0.19531250000000014 0.705810546875 0.2679036458333335 0.775390625 0.2679036458333335
21 0.46826171875 0.3294270833333334 0.40087890625 0.3294270833333334 0.40087890625 0.4212239583333334 0.46826171875 0.4212239583333335
25 0.70361328125 0.14680989583333345 0.654541015625 0.14680989583333345 0.654541015625 0.24576822916666677 0.70361328125 0.24576822916666682
33 0.520263671875 0.37467447916666674 0.447509765625 0.3746744791666667 0.447509765625 0.46549479166666674 0.520263671875 0.4654947916666668
19 0.611328125 0.8499348958333334 0.532958984375 0.8499348958333334 0.532958984375 0.9407552083333334 0.611328125 0.9407552083333334
26 0.57421875 0.7568359375 0.4929199218750001 0.7568359375 0.4929199218750001 0.8662109375 0.57421875 0.8662109375
22 0.633056640625 0.7607421875 0.569580078125 0.7607421875 0.569580078125 0.8697916666666666 0.633056640625 0.8697916666666666
22 0.4772949218750001 0.7861328125 0.4165039062500001 0.7861328125 0.4165039062500001 0.8837890625 0.4772949218750001 0.8837890625
7 0.4733886718750001 0.69140625 0.4201660156250001 0.69140625 0.4201660156250001 0.7893880208333334 0.4733886718750001 0.7893880208333334
29 0.542236328125 0.697265625 0.4680175781250001 0.697265625 0.4680175781250001 0.7760416666666666 0.542236328125 0.7760416666666666
19 0.509765625 0.6074218750000001 0.4353027343750001 0.607421875 0.4353027343750001 0.6917317708333334 0.509765625 0.6917317708333334
5 0.558837890625 0.5940755208333335 0.508544921875 0.5940755208333335 0.508544921875 0.6910807291666666 0.558837890625 0.6910807291666666
31 0.61865234375 0.6116536458333335 0.556884765625 0.6116536458333335 0.556884765625 0.7086588541666666 0.61865234375 0.7086588541666666
1 0.71630859375 0.7926432291666666 0.62939453125 0.7926432291666666 0.62939453125 0.8873697916666666 0.71630859375 0.8873697916666666
32 0.720947265625 0.6171875000000001 0.642822265625 0.6171875000000001 0.642822265625 0.697265625 0.720947265625 0.697265625
18 0.79736328125 0.5761718750000001 0.71826171875 0.5761718750000001 0.71826171875 0.6875 0.79736328125 0.6875
20 0.729736328125 0.4596354166666668 0.6484375 0.4596354166666668 0.6484375 0.5764973958333335 0.729736328125 0.5764973958333335
30 0.788818359375 0.4231770833333335 0.705078125 0.4231770833333335 0.705078125 0.5315755208333335 0.788818359375 0.5315755208333335
18 0.580322265625 0.4827473958333335 0.49853515625 0.4827473958333335 0.49853515625 0.5823567708333335 0.580322265625 0.5823567708333335
0 0.508056640625 0.44498697916666674 0.434814453125 0.4449869791666667 0.434814453125 0.5563151041666667 0.508056640625 0.5563151041666669
31 0.4541015625 0.4153645833333334 0.375 0.4153645833333333 0.375 0.5250651041666667 0.4541015625 0.5250651041666669
16 0.41064453125 0.3662109375 0.331298828125 0.3662109375 0.331298828125 0.4716796875 0.41064453125 0.4716796875
32 0.40087890625 0.26236979166666674 0.31884765625 0.26236979166666674 0.31884765625 0.3619791666666667 0.40087890625 0.3619791666666667
8 0.7744140625 0.2630208333333335 0.7021484375 0.2630208333333335 0.7021484375 0.34570312500000017 0.7744140625 0.34570312500000017
25 0.886962890625 0.22363281250000014 0.792724609375 0.22363281250000014 0.792724609375 0.3382161458333335 0.886962890625 0.3382161458333335