23 0.44694010416666674 0.41796875 0.2259114583333334 0.41796875 0.2259114583333334 0.606201171875 0.4469401041666668 0.606201171875
15 0.5524088541666667 0.29150390625 0.32714843750000006 0.29150390625 0.32714843750000006 0.474853515625 0.5524088541666669 0.474853515625
15 0.8046875 6.585167419731556e-17 0.6292317708333334 5.779400055546469e-17 0.6292317708333334 0.15966796875000006 0.8046875 0.15966796875000006
6 0.974609375 0.4902343750000001 0.7464192708333334 0.4902343750000001 0.7464192708333334 0.68408203125 0.974609375 0.68408203125
14 0.8841145833333334 0.630615234375 0.6347656250000001 0.630615234375 0.6347656250000001 0.8076171875 0.8841145833333334 0.8076171875
32 0.6634114583333335 0.65380859375 0.4729817708333335 0.65380859375 0.4729817708333335 0.8330078125 0.6634114583333335 0.8330078125
6 0.72265625 0.510498046875 0.5442708333333335 0.510498046875 0.5442708333333335 0.671142578125 0.72265625 0.671142578125
18 0.7503255208333334 0.33251953125000006 0.4938151041666667 0.33251953125 0.49381510416666674 0.518310546875 0.7503255208333334 0.518310546875
25 0.4449869791666667 0.18652343750000003 0.1884765625 0.1865234375 0.18847656250000003 0.382568359375 0.4449869791666667 0.382568359375
5 0.7014973958333334 0.037841796875000056 0.4820963541666667 0.03784179687500004 0.4820963541666667 0.23999023437500006 0.7014973958333334 0.23999023437500006
27 0.3541666666666668 0.653076171875 0.09472656250000011 0.653076171875 0.09472656250000012 0.827880859375 0.3541666666666668 0.827880859375
32 0.2932942708333334 0.553466796875 0.030598958333333426 0.553466796875 0.03059895833333344 0.721435546875 0.2932942708333335 0.721435546875
27 0.5615234375000001 0.5068359375 0.32031250000000006 0.5068359375 0.3203125000000001 0.696044921875 0.5615234375000001 0.696044921875