25 0.7021484375 0.42187500000000017 0.5947265625 0.42187500000000017 0.5947265625 0.6018880208333335 0.7021484375 0.6018880208333335
26 0.4807128906250001 0.7360026041666666 0.3427734375000001 0.7360026041666666 0.3427734375000001 0.8968098958333334 0.4807128906250001 0.8968098958333334
13 0.3161621093750001 0.8313802083333334 0.20019531250000006 0.8313802083333334 0.20019531250000008 0.9820963541666666 0.3161621093750001 0.9820963541666666
19 0.4165039062500001 0.8408203125 0.3120117187500001 0.8408203125 0.3120117187500001 0.9996744791666666 0.4165039062500001 0.9996744791666666
5 0.79736328125 0.2548828125000001 0.64013671875 0.25488281250000006 0.64013671875 0.47167968750000017 0.79736328125 0.47167968750000017
9 0.73291015625 0.1318359375000001 0.57568359375 0.1318359375000001 0.57568359375 0.3245442708333334 0.73291015625 0.3245442708333335
20 0.60595703125 0.11263020833333343 0.48681640625 0.11263020833333341 0.48681640625 0.31542968750000006 0.60595703125 0.31542968750000006
6 0.621826171875 0.2805989583333334 0.500244140625 0.2805989583333334 0.500244140625 0.4811197916666668 0.621826171875 0.4811197916666668
27 0.603271484375 0.4391276041666668 0.459716796875 0.4391276041666668 0.459716796875 0.6012369791666669 0.603271484375 0.6012369791666669
3 0.521484375 0.5485026041666667 0.369384765625 0.5485026041666666 0.36938476562500006 0.7242838541666666 0.521484375 0.7242838541666666
32 0.34667968750000006 0.4768880208333333 0.24072265625000006 0.4768880208333333 0.24072265625000006 0.6546223958333334 0.3466796875000001 0.6546223958333334
30 0.462646484375 0.30175781250000006 0.340576171875 0.30175781250000006 0.340576171875 0.4915364583333334 0.462646484375 0.4915364583333335
10 0.52783203125 0.20605468750000008 0.396240234375 0.20605468750000008 0.396240234375 0.4085286458333334 0.52783203125 0.4085286458333335
28 0.37646484375 0.31054687500000006 0.262451171875 0.31054687500000006 0.262451171875 0.4977213541666667 0.37646484375 0.4977213541666667
32 0.24731445312500006 0.46875 0.12963867187500006 0.46875 0.12963867187500006 0.6458333333333334 0.24731445312500006 0.6458333333333334
16 0.295654296875 0.29915364583333337 0.1796875 0.2991536458333333 0.17968750000000003 0.4791666666666667 0.295654296875 0.4791666666666667
20 0.21044921875000003 0.2923177083333333 0.08544921875000003 0.2923177083333333 0.08544921875000004 0.4765625 0.21044921875000006 0.4765625
4 0.14501953125000006 0.3805338541666667 0.012939453125000035 0.3805338541666667 0.012939453125000043 0.55859375 0.14501953125000006 0.55859375
16 0.12915039062500003 0.24967447916666666 2.2932228880518063e-17 0.24967447916666666 3.0915156013631914e-17 0.4235026041666667 0.12915039062500006 0.4235026041666667
28 0.16674804687500003 0.13313802083333334 0.042724609375000014 0.13313802083333334 0.04272460937500002 0.3138020833333333 0.16674804687500006 0.3138020833333333
24 0.270263671875 0.15852864583333337 0.130615234375 0.15852864583333337 0.13061523437500003 0.3450520833333333 0.270263671875 0.3450520833333333
12 0.34716796875 0.07421875000000004 0.20947265625 0.07421875000000004 0.20947265625 0.28417968750000006 0.34716796875 0.28417968750000006
28 0.133544921875 1.4012478837900215e-17 0.0380859375 6.2189095269201535e-18 0.03808593750000001 0.15299479166666669 0.133544921875 0.1529947916666667
14 0.216064453125 2.686887834066784e-17 0.113037109375 1.8457404557461738e-17 0.11303710937500001 0.16080729166666669 0.216064453125 0.1608072916666667
21 0.29443359375 3.872865772694185e-17 0.179931640625 2.938036103423175e-17 0.179931640625 0.11751302083333337 0.29443359375 0.11751302083333337