33 0.14111328125000006 0.4137369791666667 0.07006835937500003 0.4137369791666667 0.07006835937500004 0.5065104166666666 0.14111328125000006 0.5065104166666666
15 0.395751953125 0.3932291666666667 0.326416015625 0.3932291666666667 0.326416015625 0.501953125 0.395751953125 0.501953125
26 0.45849609375 0.40299479166666674 0.394775390625 0.4029947916666667 0.394775390625 0.5009765625000001 0.45849609375 0.5009765625000001
13 0.50732421875 0.5061848958333334 0.4296875 0.5061848958333334 0.42968750000000006 0.6061197916666667 0.50732421875 0.6061197916666669
33 0.46484375000000006 0.5830078125000001 0.3857421875 0.5830078125 0.38574218750000006 0.6744791666666666 0.4648437500000001 0.6744791666666666
28 0.50244140625 0.71875 0.4191894531250001 0.71875 0.4191894531250001 0.8059895833333334 0.50244140625 0.8059895833333334
17 0.54150390625 0.3401692708333335 0.47119140625 0.3401692708333335 0.47119140625 0.4381510416666668 0.54150390625 0.4381510416666668
4 0.49267578125 0.2532552083333334 0.419921875 0.2532552083333334 0.419921875 0.35546875000000006 0.49267578125 0.35546875000000017
25 0.564208984375 0.2337239583333334 0.48828125 0.2337239583333334 0.48828125 0.3274739583333334 0.564208984375 0.3274739583333334
2 0.48681640625 0.05143229166666674 0.41259765625 0.05143229166666674 0.41259765625 0.13964843750000008 0.48681640625 0.13964843750000008
14 0.509765625 0.14355468750000008 0.433837890625 0.14355468750000008 0.433837890625 0.2405598958333334 0.509765625 0.2405598958333334
13 0.647216796875 0.22819010416666674 0.576171875 0.22819010416666674 0.576171875 0.32194010416666674 0.647216796875 0.32194010416666674
27 0.67822265625 0.31835937500000006 0.607177734375 0.31835937500000006 0.607177734375 0.4108072916666668 0.67822265625 0.4108072916666668
17 0.605712890625 0.3346354166666668 0.528076171875 0.3346354166666668 0.528076171875 0.43359375000000017 0.605712890625 0.43359375000000017
29 0.710693359375 0.11979166666666678 0.625732421875 0.11979166666666678 0.625732421875 0.22102864583333345 0.710693359375 0.22102864583333348
9 0.783935546875 0.19466145833333348 0.718505859375 0.19466145833333348 0.718505859375 0.3033854166666668 0.783935546875 0.3033854166666668
9 0.87841796875 0.28906250000000017 0.794189453125 0.28906250000000017 0.794189453125 0.3958333333333335 0.87841796875 0.3958333333333335
3 0.7783203125 0.4332682291666668 0.690185546875 0.4332682291666668 0.690185546875 0.5292968750000001 0.7783203125 0.5292968750000001
5 0.793701171875 0.5276692708333335 0.729248046875 0.5276692708333335 0.729248046875 0.6269531250000001 0.793701171875 0.6269531250000001
16 0.728515625 0.5852864583333335 0.643798828125 0.5852864583333335 0.643798828125 0.6920572916666666 0.728515625 0.6920572916666666
22 0.15332031250000006 0.6223958333333334 0.060791015625000056 0.6223958333333334 0.06079101562500006 0.7213541666666666 0.15332031250000006 0.7213541666666666
30 0.10937500000000008 0.7623697916666666 0.03173828125000007 0.7623697916666666 0.031738281250000076 0.87109375 0.10937500000000008 0.87109375
23 0.521240234375 0.6119791666666667 0.4445800781250001 0.6119791666666666 0.4445800781250001 0.7236328125 0.521240234375 0.7236328125
24 0.682373046875 0.6735026041666666 0.6103515625 0.6735026041666666 0.6103515625 0.7799479166666666 0.682373046875 0.7799479166666666
7 0.646484375 0.5833333333333335 0.570556640625 0.5833333333333335 0.570556640625 0.6953125 0.646484375 0.6953125
16 0.632080078125 0.4791666666666668 0.5615234375 0.4791666666666668 0.5615234375 0.5830078125000001 0.632080078125 0.5830078125000001
18 0.5927734375 0.40527343750000017 0.513916015625 0.40527343750000017 0.513916015625 0.5097656250000001 0.5927734375 0.5097656250000001
5 0.517822265625 0.39550781250000006 0.44384765625 0.3955078125 0.44384765625 0.5045572916666667 0.517822265625 0.5045572916666669
33 0.7724609375 0.2923177083333335 0.6884765625 0.2923177083333335 0.6884765625 0.39453125000000017 0.7724609375 0.39453125000000017
23 0.630859375 9.736978538142611e-17 0.561767578125 9.172891552207225e-17 0.561767578125 0.07975260416666677 0.630859375 0.07975260416666678
20 0.04418945312500002 0.14615885416666666 1.3424472969168984e-17 0.14615885416666666 1.8208249528338332e-17 0.2503255208333333 0.04418945312500003 0.2503255208333333