17 0.57763671875 0.18164062500000008 0.50732421875 0.18164062500000008 0.50732421875 0.2815755208333334 0.57763671875 0.2815755208333334
23 0.596435546875 0.5585937500000001 0.53955078125 0.5585937500000001 0.53955078125 0.6513671875000001 0.596435546875 0.6513671875000001
12 0.651611328125 0.5836588541666669 0.601806640625 0.5836588541666669 0.601806640625 0.6744791666666666 0.651611328125 0.6744791666666666
19 0.631103515625 0.71484375 0.55859375 0.71484375 0.55859375 0.8076171875 0.631103515625 0.8076171875
29 0.76513671875 0.5533854166666669 0.68212890625 0.5533854166666669 0.68212890625 0.6302083333333335 0.76513671875 0.6302083333333335
5 0.3574218750000001 0.8883463541666666 0.2797851562500001 0.8883463541666666 0.2797851562500001 0.9684244791666666 0.3574218750000001 0.9684244791666666
8 0.2875976562500001 0.8844401041666666 0.22070312500000006 0.8844401041666666 0.22070312500000008 0.9921875 0.2875976562500001 0.9921875
16 0.17456054687500008 0.873046875 0.10449218750000008 0.873046875 0.10449218750000008 0.9729817708333334 0.1745605468750001 0.9729817708333334
2 0.11523437500000008 0.9072265625 0.04492187500000008 0.9072265625 0.04492187500000009 0.9873046875 0.11523437500000008 0.9873046875
24 0.06396484375000008 0.8649088541666666 0.00024414062500007947 0.8649088541666666 0.000244140625000084 0.9638671875 0.06396484375000008 0.9638671875
20 0.10668945312500008 0.783203125 0.03588867187500007 0.783203125 0.035888671875000076 0.880859375 0.10668945312500008 0.880859375
29 0.07495117187500007 0.728515625 0.014160156250000066 0.728515625 0.014160156250000071 0.8177083333333334 0.07495117187500008 0.8177083333333334
1 0.08813476562500006 0.5865885416666666 0.014648437500000056 0.5865885416666666 0.014648437500000059 0.6643880208333334 0.08813476562500006 0.6643880208333334
3 0.17456054687500006 0.6272786458333334 0.09838867187500006 0.6272786458333334 0.09838867187500006 0.7213541666666666 0.17456054687500006 0.7213541666666666
26 0.20581054687500006 0.6865234375 0.12890625000000006 0.6865234375 0.12890625000000006 0.7721354166666666 0.20581054687500006 0.7721354166666666
11 0.20971679687500006 0.7945963541666666 0.13574218750000006 0.7945963541666666 0.13574218750000006 0.8776041666666666 0.20971679687500006 0.8776041666666666
31 0.2685546875000001 0.7978515625 0.21020507812500006 0.7978515625 0.21020507812500006 0.8948567708333334 0.2685546875000001 0.8948567708333334
4 0.3369140625000001 0.7151692708333334 0.2609863281250001 0.7151692708333334 0.2609863281250001 0.8151041666666666 0.3369140625000001 0.8151041666666666
0 0.22509765625000006 0.59375 0.14843750000000006 0.59375 0.14843750000000006 0.6806640625 0.22509765625000006 0.6806640625
33 0.16040039062500006 0.505859375 0.08520507812500006 0.505859375 0.08520507812500006 0.59765625 0.16040039062500006 0.59765625
2 0.51806640625 0.6383463541666669 0.4558105468750001 0.6383463541666669 0.4558105468750001 0.7353515625 0.51806640625 0.7353515625
0 0.56396484375 0.6334635416666669 0.510986328125 0.6334635416666669 0.510986328125 0.73046875 0.56396484375 0.73046875
2 0.540771484375 0.5742187500000001 0.475830078125 0.5742187500000001 0.47583007812500006 0.6399739583333335 0.540771484375 0.6399739583333335
12 0.53955078125 0.44531250000000017 0.468505859375 0.44531250000000017 0.468505859375 0.5416666666666669 0.53955078125 0.5416666666666669
30 0.608642578125 0.4456380208333335 0.534423828125 0.4456380208333335 0.534423828125 0.5380859375000001 0.608642578125 0.5380859375000001
9 0.722412109375 0.3043619791666668 0.64794921875 0.30436197916666674 0.64794921875 0.3951822916666668 0.722412109375 0.3951822916666668
33 0.79345703125 0.27343750000000017 0.713623046875 0.27343750000000017 0.713623046875 0.37109375000000017 0.79345703125 0.37109375000000017
3 0.795654296875 0.18554687500000014 0.741943359375 0.18554687500000014 0.741943359375 0.2809244791666668 0.795654296875 0.2809244791666668
1 0.805908203125 0.45019531250000017 0.72412109375 0.45019531250000017 0.72412109375 0.5546875000000001 0.805908203125 0.5546875000000001
15 0.88232421875 0.4860026041666668 0.8017578125 0.4860026041666668 0.8017578125 0.5631510416666669 0.88232421875 0.5631510416666669
10 0.91259765625 0.3932291666666668 0.848876953125 0.3932291666666668 0.848876953125 0.49023437500000017 0.91259765625 0.49023437500000017
11 0.66064453125 0.3483072916666668 0.6005859375 0.3483072916666668 0.6005859375 0.4469401041666668 0.66064453125 0.4469401041666668
27 0.66064453125 0.26855468750000006 0.587646484375 0.26855468750000006 0.587646484375 0.3587239583333335 0.66064453125 0.3587239583333335
15 0.690673828125 0.12109375000000011 0.6416015625 0.12109375000000011 0.6416015625 0.21451822916666677 0.690673828125 0.21451822916666682
10 0.64306640625 0.11295572916666678 0.589599609375 0.11295572916666678 0.589599609375 0.20865885416666674 0.64306640625 0.20865885416666674
9 0.657958984375 0.20768229166666674 0.59228515625 0.20768229166666674 0.59228515625 0.28092447916666674 0.657958984375 0.28092447916666674
27 0.7421875 0.20768229166666682 0.682861328125 0.20768229166666682 0.682861328125 0.3053385416666668 0.7421875 0.3053385416666668
22 0.866455078125 0.3616536458333335 0.79931640625 0.3616536458333335 0.79931640625 0.4651692708333335 0.866455078125 0.4651692708333335
3 0.8515625 0.5973307291666669 0.772216796875 0.5973307291666669 0.772216796875 0.708984375 0.8515625 0.708984375
28 0.76513671875 0.6754557291666666 0.686767578125 0.6754557291666666 0.686767578125 0.7652994791666666 0.76513671875 0.7652994791666666
12 0.728759765625 0.6005859375000001 0.653076171875 0.6005859375000001 0.653076171875 0.6923828125 0.728759765625 0.6923828125
4 0.058105468750000056 0.5348307291666666 4.9123405541970246e-17 0.5348307291666666 5.193387427048224e-17 0.5960286458333334 0.058105468750000056 0.5960286458333334