18 0.4457465277777778 0.2954545454545456 0.3589409722222222 0.2954545454545456 0.3589409722222222 0.4625946969696971 0.4457465277777778 0.4625946969696971
17 0.578125 0.05681818181818196 0.4937065972222222 0.056818181818181955 0.4937065972222222 0.23295454545454558 0.578125 0.2329545454545456
11 0.5023871527777778 0.4479166666666668 0.4203559027777778 0.4479166666666668 0.4203559027777778 0.628787878787879 0.5023871527777778 0.628787878787879
12 0.5549045138888888 0.5293560606060608 0.4852430555555556 0.5293560606060608 0.4852430555555556 0.6529356060606063 0.5549045138888888 0.6529356060606063
19 0.4327256944444444 0.5037878787878789 0.3502604166666667 0.5037878787878788 0.3502604166666667 0.6832386363636365 0.4327256944444444 0.6832386363636366
31 0.3480902777777778 0.3854166666666668 0.2736545138888889 0.3854166666666668 0.2736545138888889 0.5667613636363636 0.3480902777777778 0.5667613636363636
25 0.4917534722222222 0.22395833333333345 0.4086371527777778 0.22395833333333345 0.4086371527777778 0.4119318181818183 0.4917534722222222 0.4119318181818183
31 0.5082465277777778 0.05018939393939406 0.423828125 0.05018939393939405 0.423828125 0.2419507575757577 0.5082465277777778 0.24195075757575774
7 0.5531684027777778 0.17234848484848497 0.4737413194444444 0.17234848484848495 0.4737413194444444 0.3641098484848486 0.5531684027777778 0.3641098484848486
25 0.8591579861111112 0.42897727272727293 0.783203125 0.42897727272727293 0.783203125 0.6107954545454548 0.8591579861111112 0.6107954545454548
5 0.9294704861111112 0.519412878787879 0.841796875 0.519412878787879 0.841796875 0.7021780303030305 0.9294704861111112 0.7021780303030305
10 0.9060329861111112 0.285037878787879 0.8224826388888888 0.285037878787879 0.8224826388888888 0.4654356060606063 0.9060329861111112 0.4654356060606063
33 0.5533854166666666 0.36268939393939403 0.4858940972222222 0.36268939393939403 0.4858940972222222 0.5369318181818183 0.5533854166666666 0.5369318181818183
13 0.6649305555555556 0.25047348484848503 0.5709635416666666 0.250473484848485 0.5709635416666666 0.44507575757575774 0.6649305555555556 0.4450757575757578
0 0.6063368055555556 0.7717803030303032 0.5314670138888888 0.7717803030303032 0.5314670138888888 0.9602272727272729 0.6063368055555556 0.9602272727272729
4 0.8068576388888888 0.4393939393939396 0.728515625 0.4393939393939396 0.728515625 0.6235795454545456 0.8068576388888888 0.6235795454545456
5 0.014973958333333367 0.5965909090909091 3.348643591418544e-17 0.5965909090909091 3.623710743570781e-17 0.6946022727272727 0.01497395833333337 0.6946022727272727
5 0.5774739583333334 1.431363931673883e-16 0.4939236111111111 1.3197424786265985e-16 0.4939236111111111 0.1060606060606062 0.5774739583333334 0.10606060606060622
5 0.9995659722222222 0.6718750000000002 0.9509548611111112 0.6718750000000002 0.9509548611111112 0.8120265151515154 0.9995659722222222 0.8120265151515154