24 0.27294921875000006 0.4892578125 0.17822265625000006 0.4892578125 0.17822265625000006 0.6061197916666666 0.2729492187500001 0.6061197916666666
27 0.821044921875 0.5784505208333335 0.716064453125 0.5784505208333335 0.716064453125 0.7132161458333334 0.821044921875 0.7132161458333334
28 0.587890625 0.8082682291666666 0.4860839843750001 0.8082682291666666 0.4860839843750001 0.9453125 0.587890625 0.9453125
9 0.688720703125 0.6204427083333335 0.590087890625 0.6204427083333335 0.590087890625 0.75 0.688720703125 0.75
29 0.75244140625 0.6982421875 0.648193359375 0.6982421875 0.648193359375 0.8372395833333334 0.75244140625 0.8372395833333334
13 0.582275390625 0.4934895833333335 0.49853515625 0.4934895833333335 0.49853515625000006 0.6155598958333335 0.582275390625 0.6155598958333335
10 0.70849609375 0.3411458333333335 0.61669921875 0.3411458333333335 0.61669921875 0.47070312500000017 0.70849609375 0.47070312500000017
4 0.863525390625 0.24446614583333348 0.760009765625 0.24446614583333348 0.760009765625 0.3792317708333335 0.863525390625 0.3792317708333335
25 0.97802734375 0.9257812500000001 0.854736328125 0.92578125 0.854736328125 0.9993489583333335 0.97802734375 0.9993489583333336
8 0.7373046875 0.9095052083333334 0.631103515625 0.9095052083333334 0.631103515625 0.9983723958333334 0.7373046875 0.9983723958333334
14 0.8544921875 0.9098307291666666 0.765625 0.9098307291666666 0.765625 0.9996744791666666 0.8544921875 0.9996744791666666
11 0.589599609375 0.6412760416666669 0.4897460937500001 0.6412760416666669 0.4897460937500001 0.7828776041666666 0.589599609375 0.7828776041666666
22 0.641357421875 0.7135416666666666 0.54296875 0.7135416666666666 0.54296875 0.8570963541666666 0.641357421875 0.8570963541666666
28 0.89453125 0.7985026041666666 0.7783203125 0.7985026041666666 0.7783203125 0.9407552083333334 0.89453125 0.9407552083333334
9 0.873046875 0.6513671875000001 0.762451171875 0.6513671875000001 0.762451171875 0.7845052083333334 0.873046875 0.7845052083333334
27 0.746826171875 0.5006510416666669 0.675048828125 0.5006510416666669 0.675048828125 0.6311848958333335 0.746826171875 0.6311848958333335
30 0.79931640625 0.76171875 0.694580078125 0.76171875 0.694580078125 0.904296875 0.79931640625 0.904296875
12 0.704833984375 0.8053385416666666 0.59765625 0.8053385416666666 0.59765625 0.9488932291666666 0.704833984375 0.9488932291666666
26 0.501708984375 0.6100260416666667 0.4174804687500001 0.6100260416666666 0.4174804687500001 0.7431640625 0.501708984375 0.7431640625
4 0.4382324218750001 0.7350260416666666 0.3474121093750001 0.7350260416666666 0.3474121093750001 0.8733723958333334 0.4382324218750001 0.8733723958333334
10 0.3710937500000001 0.8779296875 0.2687988281250001 0.8779296875 0.2687988281250001 0.9996744791666666 0.3710937500000001 0.9996744791666666
29 0.2785644531250001 0.8167317708333334 0.19238281250000006 0.8167317708333334 0.19238281250000008 0.9462890625 0.2785644531250001 0.9462890625
33 0.41040039062500006 0.4977213541666667 0.311279296875 0.4977213541666667 0.31127929687500006 0.6259765625 0.4104003906250001 0.6259765625
12 0.453125 0.4322916666666667 0.352294921875 0.4322916666666667 0.352294921875 0.5589192708333334 0.453125 0.5589192708333334
30 0.52734375 0.34537760416666674 0.449951171875 0.3453776041666667 0.449951171875 0.47037760416666674 0.52734375 0.4703776041666668
3 0.634033203125 0.39160156250000017 0.56396484375 0.39160156250000017 0.56396484375 0.5143229166666669 0.634033203125 0.5143229166666669
2 0.41015625 0.25683593750000006 0.319580078125 0.25683593750000006 0.319580078125 0.3655598958333333 0.41015625 0.3655598958333333
1 0.767333984375 0.22688802083333345 0.676025390625 0.2268880208333334 0.676025390625 0.3727213541666668 0.767333984375 0.3727213541666668
19 0.69921875 0.1914062500000001 0.59423828125 0.19140625000000008 0.59423828125 0.3297526041666668 0.69921875 0.3297526041666668
11 0.6328125 0.14453125000000008 0.533935546875 0.14453125000000008 0.533935546875 0.28580729166666674 0.6328125 0.28580729166666674