27 0.632080078125 0.4544270833333335 0.5576171875 0.4544270833333335 0.5576171875 0.5807291666666669 0.632080078125 0.5807291666666669
33 0.611328125 0.8671875 0.517578125 0.8671875 0.517578125 0.9996744791666666 0.611328125 0.9996744791666666
0 0.550048828125 0.6637369791666667 0.4389648437500001 0.6637369791666666 0.4389648437500001 0.80078125 0.550048828125 0.80078125
1 0.6611328125 0.5748697916666669 0.552978515625 0.5748697916666669 0.552978515625 0.6884765625 0.6611328125 0.6884765625
19 0.827880859375 0.4759114583333335 0.72705078125 0.4759114583333335 0.72705078125 0.6217447916666669 0.827880859375 0.6217447916666669
31 0.4528808593750001 0.6158854166666666 0.3710937500000001 0.6158854166666666 0.3710937500000001 0.7415364583333334 0.4528808593750001 0.7415364583333334
17 0.52734375 0.5322265625000001 0.422119140625 0.5322265625 0.42211914062500006 0.6643880208333334 0.52734375 0.6643880208333335
30 0.3881835937500001 0.6793619791666666 0.2819824218750001 0.6793619791666666 0.2819824218750001 0.78515625 0.3881835937500001 0.78515625
2 0.38354492187500006 0.5846354166666666 0.28369140625 0.5846354166666666 0.28369140625000006 0.6897786458333334 0.3835449218750001 0.6897786458333334
23 0.4052734375 0.4847005208333333 0.29931640625 0.4847005208333333 0.29931640625 0.6025390625 0.4052734375 0.6025390625
4 0.31713867187500006 0.5081380208333334 0.21313476562500006 0.5081380208333334 0.21313476562500006 0.6240234375 0.3171386718750001 0.6240234375
10 0.25195312500000006 0.5950520833333334 0.13818359375000006 0.5950520833333334 0.13818359375000006 0.7255859375 0.2519531250000001 0.7255859375
12 0.424560546875 0.31998697916666674 0.324951171875 0.31998697916666674 0.324951171875 0.4534505208333333 0.424560546875 0.4534505208333333
9 0.4873046875 0.4309895833333334 0.3857421875 0.4309895833333333 0.3857421875 0.5445963541666667 0.4873046875 0.5445963541666669
29 0.35693359375 0.27148437500000006 0.248291015625 0.27148437500000006 0.24829101562500003 0.4186197916666667 0.35693359375 0.4186197916666667
33 0.391845703125 0.1412760416666667 0.299072265625 0.1412760416666667 0.299072265625 0.28906250000000006 0.391845703125 0.28906250000000006
24 0.405517578125 0.028645833333333388 0.2958984375 0.02864583333333338 0.2958984375 0.1692708333333334 0.405517578125 0.1692708333333334
3 0.50927734375 0.2161458333333334 0.416748046875 0.2161458333333334 0.416748046875 0.34765625000000006 0.50927734375 0.34765625000000017
12 0.54345703125 0.3138020833333334 0.447265625 0.3138020833333334 0.447265625 0.45410156250000006 0.54345703125 0.45410156250000017
10 0.6728515625 0.3395182291666668 0.568115234375 0.3395182291666668 0.568115234375 0.4596354166666668 0.6728515625 0.4596354166666668
2 0.619873046875 0.13118489583333343 0.53076171875 0.1311848958333334 0.53076171875 0.27604166666666674 0.619873046875 0.27604166666666674
22 0.642333984375 0.2649739583333334 0.53369140625 0.2649739583333334 0.53369140625 0.3929036458333335 0.642333984375 0.3929036458333335
11 0.78662109375 0.3694661458333335 0.680419921875 0.3694661458333335 0.680419921875 0.4860026041666668 0.78662109375 0.4860026041666668