6 0.389404296875 0.1604817708333334 0.28759765625 0.16048177083333337 0.28759765625 0.31412760416666674 0.389404296875 0.31412760416666674
16 0.643798828125 0.6520182291666669 0.51123046875 0.6520182291666669 0.51123046875 0.8046875 0.643798828125 0.8046875
29 0.86279296875 0.24023437500000014 0.7734375 0.24023437500000014 0.7734375 0.4202473958333335 0.86279296875 0.4202473958333335
10 0.684814453125 0.3421223958333335 0.550537109375 0.3421223958333335 0.550537109375 0.5156250000000001 0.684814453125 0.5156250000000001
32 0.771484375 0.22884114583333345 0.642822265625 0.2288411458333334 0.642822265625 0.43164062500000017 0.771484375 0.43164062500000017
20 0.4714355468750001 0.7620442708333334 0.3361816406250001 0.7620442708333334 0.3361816406250001 0.9251302083333334 0.4714355468750001 0.9251302083333334
28 0.43774414062500006 0.5960286458333334 0.31787109375 0.5960286458333334 0.31787109375000006 0.755859375 0.4377441406250001 0.755859375
12 0.53564453125 0.5693359375000001 0.4150390625 0.5693359375 0.41503906250000006 0.7395833333333334 0.53564453125 0.7395833333333334
32 0.63525390625 0.5260416666666669 0.4970703125 0.5260416666666669 0.49707031250000006 0.6995442708333334 0.63525390625 0.6995442708333334
30 0.582275390625 0.4241536458333335 0.45849609375 0.4241536458333335 0.45849609375 0.5970052083333335 0.582275390625 0.5970052083333335
21 0.498779296875 0.3714192708333334 0.367919921875 0.3714192708333333 0.367919921875 0.5533854166666667 0.498779296875 0.5533854166666669
4 0.42163085937500006 0.4609375 0.301025390625 0.4609375 0.30102539062500006 0.6259765625 0.4216308593750001 0.6259765625
13 0.33593750000000006 0.51953125 0.23095703125000006 0.51953125 0.23095703125000006 0.6767578125 0.3359375000000001 0.6767578125
33 0.345703125 0.3619791666666667 0.22045898437500006 0.3619791666666667 0.22045898437500006 0.5201822916666666 0.345703125 0.5201822916666666
3 0.422119140625 0.30338541666666674 0.29296875 0.30338541666666674 0.29296875 0.4713541666666667 0.422119140625 0.4713541666666667
27 0.290771484375 0.26855468750000006 0.1650390625 0.2685546875 0.16503906250000003 0.4378255208333333 0.290771484375 0.4378255208333333
31 0.516845703125 0.2307942708333334 0.380126953125 0.2307942708333334 0.380126953125 0.3948567708333334 0.516845703125 0.3948567708333335
15 0.61376953125 0.2561848958333334 0.48876953125 0.2561848958333334 0.48876953125 0.4342447916666668 0.61376953125 0.4342447916666668
7 0.733642578125 0.44824218750000017 0.594482421875 0.44824218750000017 0.594482421875 0.6165364583333335 0.733642578125 0.6165364583333335
24 0.688232421875 0.13313802083333343 0.5576171875 0.1331380208333334 0.5576171875 0.2884114583333334 0.688232421875 0.2884114583333335
27 0.10205078125000001 0.10546875 9.687147532317931e-18 0.10546875 1.656382633612387e-17 0.2552083333333333 0.10205078125000003 0.2552083333333333