24 0.6080729166666666 0.23510742187500006 0.4876302083333333 0.23510742187500006 0.4876302083333333 0.32250976562500006 0.6080729166666666 0.3225097656250001
17 0.9430338541666666 0.2893066406250001 0.8385416666666666 0.2893066406250001 0.8385416666666666 0.3762207031250001 0.9430338541666666 0.3762207031250001
10 0.4052734375 0.361328125 0.31217447916666674 0.361328125 0.31217447916666674 0.444580078125 0.4052734375 0.444580078125
20 0.3782552083333334 0.430419921875 0.25781250000000006 0.430419921875 0.25781250000000006 0.51416015625 0.3782552083333335 0.51416015625
5 0.23437500000000008 0.42431640625 0.12239583333333341 0.42431640625 0.12239583333333341 0.48095703125 0.23437500000000008 0.48095703125
12 0.3844401041666668 0.595703125 0.2932942708333334 0.595703125 0.2932942708333334 0.6787109375 0.3844401041666668 0.6787109375
10 0.5693359375000001 0.60888671875 0.4664713541666668 0.60888671875 0.4664713541666668 0.67236328125 0.5693359375000001 0.67236328125
4 0.5501302083333334 0.4296875 0.4456380208333333 0.4296875 0.4456380208333334 0.496826171875 0.5501302083333335 0.496826171875
12 0.5745442708333334 0.332275390625 0.4680989583333333 0.332275390625 0.4680989583333333 0.421142578125 0.5745442708333334 0.421142578125
12 0.705078125 0.34936523437500006 0.5843098958333334 0.349365234375 0.5843098958333334 0.42626953125000006 0.705078125 0.4262695312500001
9 0.4886067708333333 0.26904296875 0.3658854166666667 0.26904296875 0.3658854166666667 0.353759765625 0.4886067708333333 0.353759765625
33 0.5540364583333335 0.679931640625 0.4388020833333335 0.679931640625 0.4388020833333335 0.761962890625 0.5540364583333335 0.761962890625
19 0.716796875 0.539306640625 0.5957031250000001 0.539306640625 0.5957031250000001 0.625 0.716796875 0.625
23 0.44921875000000017 0.4580078125 0.36132812500000017 0.4580078125 0.36132812500000017 0.5390625 0.44921875000000017 0.5390625
29 0.5442708333333335 0.479736328125 0.43359375000000017 0.479736328125 0.43359375000000017 0.547607421875 0.5442708333333335 0.547607421875
0 0.7981770833333334 0.4501953125000001 0.7184244791666666 0.4501953125000001 0.7184244791666666 0.52587890625 0.7981770833333334 0.52587890625
10 0.96875 0.4511718750000001 0.8694661458333334 0.4511718750000001 0.8694661458333334 0.538330078125 0.96875 0.538330078125
23 0.6549479166666666 0.30126953125000006 0.5390625 0.30126953125 0.5390625 0.38989257812500006 0.6549479166666666 0.3898925781250001
9 0.6259765625000001 0.40063476562500006 0.5348307291666666 0.400634765625 0.5348307291666667 0.47778320312500006 0.6259765625000001 0.4777832031250001
2 0.6136067708333335 0.500732421875 0.5162760416666669 0.500732421875 0.5162760416666669 0.583740234375 0.6136067708333335 0.583740234375
10 0.7158203125 0.48095703125000006 0.5989583333333335 0.48095703125 0.5989583333333335 0.552490234375 0.7158203125 0.552490234375
27 0.8990885416666666 0.4680175781250001 0.7825520833333334 0.4680175781250001 0.7825520833333334 0.557373046875 0.8990885416666666 0.557373046875
2 0.7203776041666666 0.4201660156250001 0.6149088541666666 0.4201660156250001 0.6149088541666667 0.4885253906250001 0.7203776041666666 0.4885253906250001
11 0.3284505208333334 0.376220703125 0.2180989583333334 0.376220703125 0.2180989583333334 0.445068359375 0.3284505208333334 0.445068359375
3 0.7506510416666666 0.2915039062500001 0.6432291666666666 0.2915039062500001 0.6432291666666666 0.3815917968750001 0.7506510416666666 0.3815917968750001
30 0.7936197916666666 0.3513183593750001 0.6819661458333334 0.3513183593750001 0.6819661458333334 0.4384765625000001 0.7936197916666666 0.4384765625000001
31 0.8580729166666666 0.3720703125000001 0.7734375 0.3720703125000001 0.7734375 0.4470214843750001 0.8580729166666666 0.4470214843750001
11 0.9163411458333334 0.3977050781250001 0.8063151041666666 0.3977050781250001 0.8063151041666666 0.4780273437500001 0.9163411458333334 0.4780273437500001
3 0.47558593750000017 0.546630859375 0.3655598958333335 0.546630859375 0.3655598958333335 0.6025390625 0.47558593750000017 0.6025390625
28 0.43261718750000017 0.7041015625 0.3209635416666668 0.7041015625 0.3209635416666668 0.782470703125 0.43261718750000017 0.782470703125
33 0.5055338541666666 0.368408203125 0.3929036458333333 0.368408203125 0.3929036458333333 0.4443359375 0.5055338541666666 0.4443359375
15 0.4622395833333335 0.60546875 0.3727213541666668 0.60546875 0.3727213541666668 0.69189453125 0.4622395833333335 0.69189453125
22 0.8128255208333334 0.2651367187500001 0.7047526041666666 0.2651367187500001 0.7047526041666666 0.3540039062500001 0.8128255208333334 0.3540039062500001