8 0.4357910156250001 0.701171875 0.2971191406250001 0.701171875 0.2971191406250001 0.8391927083333334 0.4357910156250001 0.8391927083333334
19 0.50439453125 0.4905598958333334 0.351318359375 0.4905598958333333 0.35131835937500006 0.6982421875 0.50439453125 0.6982421875
1 0.597412109375 0.36686197916666674 0.45068359375 0.3668619791666667 0.45068359375 0.5830078125000001 0.597412109375 0.5830078125000001
26 0.509033203125 0.18945312500000008 0.361572265625 0.18945312500000008 0.361572265625 0.3997395833333334 0.509033203125 0.3997395833333335
22 0.65380859375 0.23600260416666674 0.49462890625 0.23600260416666674 0.49462890625 0.4098307291666668 0.65380859375 0.4098307291666668
21 0.486572265625 0.012369791666666734 0.34375 0.012369791666666722 0.34375 0.22851562500000008 0.486572265625 0.22851562500000008
30 0.392822265625 0.3606770833333333 0.24975585937500006 0.3606770833333333 0.24975585937500006 0.5738932291666666 0.392822265625 0.5738932291666666
0 0.75634765625 0.3675130208333335 0.634521484375 0.3675130208333335 0.634521484375 0.5566406250000001 0.75634765625 0.5566406250000001
25 0.7470703125 0.5439453125000001 0.589111328125 0.5439453125000001 0.589111328125 0.7265625 0.7470703125 0.7265625
32 0.957763671875 0.5878906250000001 0.782470703125 0.5878906250000001 0.782470703125 0.7776692708333335 0.957763671875 0.7776692708333336
20 0.9521484375 0.3863932291666668 0.79345703125 0.3863932291666668 0.79345703125 0.6018880208333335 0.9521484375 0.6018880208333335
33 0.888427734375 0.19010416666666682 0.71630859375 0.19010416666666682 0.71630859375 0.3981119791666668 0.888427734375 0.3981119791666668