29 0.152587890625 0.07356770833333334 0.052978515625 0.07356770833333333 0.05297851562500001 0.18912760416666666 0.152587890625 0.18912760416666666
19 0.34619140625 0.18033854166666674 0.256103515625 0.18033854166666674 0.256103515625 0.28906250000000006 0.34619140625 0.28906250000000006
1 0.71142578125 0.3128255208333334 0.62158203125 0.3128255208333334 0.62158203125 0.4339192708333335 0.71142578125 0.4339192708333335
12 0.7470703125 0.40820312500000017 0.671142578125 0.40820312500000017 0.671142578125 0.5188802083333335 0.7470703125 0.5188802083333335
6 0.693359375 0.5341796875000001 0.608154296875 0.5341796875000001 0.608154296875 0.6259765625000001 0.693359375 0.6259765625000001
32 0.25634765625 0.37890625 0.15917968750000006 0.37890625 0.15917968750000006 0.4759114583333333 0.25634765625 0.4759114583333333
8 0.35083007812500006 0.5081380208333334 0.280517578125 0.5081380208333334 0.28051757812500006 0.6217447916666666 0.3508300781250001 0.6217447916666666
6 0.4123535156250001 0.6090494791666666 0.3449707031250001 0.6090494791666666 0.3449707031250001 0.7203776041666666 0.4123535156250001 0.7203776041666666
17 0.41552734375 0.4765625 0.34423828125 0.4765625 0.34423828125 0.5924479166666666 0.41552734375 0.5924479166666666
0 0.602783203125 0.4176432291666668 0.509765625 0.4176432291666668 0.509765625 0.5231119791666669 0.602783203125 0.5231119791666669
31 0.545166015625 0.1302083333333334 0.45703125 0.1302083333333334 0.45703125 0.24707031250000008 0.545166015625 0.24707031250000008
31 0.39501953125 0.3610026041666667 0.322998046875 0.3610026041666667 0.322998046875 0.4801432291666667 0.39501953125 0.4801432291666667
31 0.4697265625 0.31998697916666674 0.393798828125 0.31998697916666674 0.393798828125 0.43815104166666674 0.4697265625 0.4381510416666668
15 0.46435546875 0.16666666666666674 0.382080078125 0.16666666666666674 0.382080078125 0.28580729166666674 0.46435546875 0.28580729166666674
10 0.408203125 0.24967447916666674 0.333984375 0.24967447916666674 0.333984375 0.3645833333333333 0.408203125 0.3645833333333333
21 0.705322265625 0.043945312500000104 0.614501953125 0.04394531250000009 0.614501953125 0.16178385416666677 0.705322265625 0.16178385416666677
7 0.65478515625 0.1878255208333334 0.601806640625 0.1878255208333334 0.601806640625 0.29850260416666674 0.65478515625 0.29850260416666674
11 0.48388671875 0.43554687500000006 0.418212890625 0.435546875 0.418212890625 0.5462239583333334 0.48388671875 0.5462239583333335
0 0.23730468750000006 0.5921223958333334 0.14672851562500006 0.5921223958333334 0.14672851562500006 0.6848958333333334 0.23730468750000006 0.6848958333333334
22 0.237060546875 3.06361023810137e-17 0.13818359375 2.256347943741543e-17 0.13818359375 0.1149088541666667 0.237060546875 0.1149088541666667
27 0.427978515625 0.04296875000000006 0.344970703125 0.042968750000000056 0.344970703125 0.16601562500000008 0.427978515625 0.16601562500000008
14 0.329833984375 0.31510416666666674 0.265869140625 0.31510416666666674 0.265869140625 0.4287109375 0.329833984375 0.4287109375
30 0.7958984375 0.16992187500000014 0.697021484375 0.16992187500000014 0.697021484375 0.29199218750000017 0.7958984375 0.29199218750000017
28 0.715576171875 0.6289062500000001 0.62158203125 0.6289062500000001 0.62158203125 0.7373046875 0.715576171875 0.7373046875
33 0.06054687500000001 0.014648437500000005 1.3454371572663793e-18 0.0146484375 7.026171821279981e-18 0.13834635416666666 0.060546875000000014 0.13834635416666666
33 0.065673828125 5.361816226735644e-18 0 0 1.868662718425527e-18 0.04069010416666667 0.065673828125 0.04069010416666668
2 0.605224609375 0.17154947916666674 0.5400390625 0.17154947916666674 0.5400390625 0.28971354166666674 0.605224609375 0.28971354166666674
22 0.623291015625 0.03450520833333343 0.541015625 0.034505208333333426 0.541015625 0.17089843750000008 0.623291015625 0.17089843750000008