16 0.65234375 0.3128255208333334 0.524658203125 0.3128255208333334 0.524658203125 0.4791666666666668 0.65234375 0.4791666666666668
28 0.43115234375 0.4124348958333333 0.310302734375 0.4124348958333333 0.310302734375 0.5325520833333334 0.43115234375 0.5325520833333334
28 0.706787109375 0.4420572916666668 0.57275390625 0.4420572916666668 0.57275390625 0.6080729166666669 0.706787109375 0.6080729166666669
9 0.78955078125 0.3463541666666668 0.689208984375 0.3463541666666668 0.689208984375 0.5240885416666669 0.78955078125 0.5240885416666669
5 0.714599609375 0.7369791666666666 0.587646484375 0.7369791666666666 0.587646484375 0.9348958333333334 0.714599609375 0.9348958333333334
12 0.56591796875 0.07845052083333341 0.47509765625 0.07845052083333341 0.47509765625 0.23437500000000008 0.56591796875 0.23437500000000008
20 0.570556640625 0.3958333333333334 0.443603515625 0.3958333333333333 0.443603515625 0.5556640625000001 0.570556640625 0.5556640625000001
30 0.739990234375 0.5774739583333335 0.603271484375 0.5774739583333335 0.603271484375 0.75 0.739990234375 0.75
20 0.873779296875 0.5878906250000001 0.725341796875 0.5878906250000001 0.725341796875 0.7877604166666666 0.873779296875 0.7877604166666666
32 0.401123046875 0.15527343750000006 0.30322265625 0.15527343750000003 0.30322265625 0.30371093750000006 0.401123046875 0.30371093750000006
3 0.3115234375 0.3525390625 0.22070312500000006 0.3525390625 0.22070312500000006 0.5283203125 0.3115234375 0.5283203125
29 0.10986328125000001 0.03743489583333334 0.02294921875 0.037434895833333336 0.022949218750000007 0.1806640625 0.10986328125000003 0.1806640625
17 0.11303710937500003 0.15787760416666666 0.0036621093750000147 0.15787760416666666 0.0036621093750000213 0.3001302083333333 0.11303710937500003 0.3001302083333333
15 0.20947265625 0.13736979166666669 0.0986328125 0.13736979166666666 0.09863281250000001 0.2701822916666667 0.20947265625 0.2701822916666667
14 0.179931640625 0.0651041666666667 0.08740234375 0.06510416666666669 0.08740234375000001 0.15787760416666669 0.179931640625 0.1578776041666667
8 0.25244140625 3.1174277243920253e-17 0.12939453125 2.112834646966462e-17 0.12939453125 0.10091145833333337 0.25244140625 0.10091145833333337
32 0.13427734375000006 0.6214192708333334 5.707643407158929e-17 0.6214192708333334 6.417735240160629e-17 0.7760416666666666 0.13427734375000006 0.7760416666666666
19 0.11987304687500008 0.7639973958333334 0.00024414062500007015 0.7639973958333334 0.00024414062500007866 0.94921875 0.11987304687500008 0.94921875
9 0.19189453125000006 0.7106119791666666 0.05688476562500007 0.7106119791666666 0.056884765625000076 0.8821614583333334 0.19189453125000006 0.8821614583333334
25 0.593017578125 0.865234375 0.4741210937500001 0.865234375 0.4741210937500001 0.9996744791666666 0.593017578125 0.9996744791666666
6 0.634033203125 0.6979166666666666 0.4953613281250001 0.6979166666666666 0.4953613281250001 0.8870442708333334 0.634033203125 0.8870442708333334
27 0.4775390625000001 0.6507161458333334 0.3354492187500001 0.6507161458333334 0.3354492187500001 0.7919921875 0.4775390625000001 0.7919921875
16 0.62744140625 0.5195312500000001 0.49462890625 0.5195312500000001 0.49462890625000006 0.7018229166666666 0.62744140625 0.7018229166666666
10 0.52978515625 0.5270182291666667 0.409423828125 0.5270182291666666 0.40942382812500006 0.7093098958333334 0.52978515625 0.7093098958333334
21 0.43188476562500006 0.5110677083333334 0.300048828125 0.5110677083333334 0.30004882812500006 0.6650390625 0.4318847656250001 0.6650390625
26 0.4365234375 0.28873697916666674 0.307373046875 0.28873697916666674 0.307373046875 0.4306640625 0.4365234375 0.4306640625
4 0.568115234375 0.22330729166666674 0.433349609375 0.22330729166666674 0.433349609375 0.3909505208333334 0.568115234375 0.3909505208333335
24 0.501953125 0.02408854166666674 0.3701171875 0.02408854166666673 0.3701171875 0.2073567708333334 0.501953125 0.2073567708333334
23 0.756103515625 0.10449218750000011 0.6201171875 0.10449218750000011 0.6201171875 0.2825520833333334 0.756103515625 0.2825520833333335
14 0.712646484375 0.22591145833333345 0.569580078125 0.2259114583333334 0.569580078125 0.4069010416666668 0.712646484375 0.4069010416666668
7 0.1279296875 1.1640522960645415e-17 0.0146484375 2.3918882795846743e-18 0.014648437500000003 0.06901041666666667 0.1279296875 0.06901041666666669
7 0.026123046875000014 0.1123046875 1.0315018205708907e-17 0.1123046875 1.5367882196331532e-17 0.22233072916666666 0.02612304687500002 0.22233072916666666