18 0.7568359375 0.4703776041666668 0.616455078125 0.4703776041666668 0.616455078125 0.6442057291666669 0.7568359375 0.6442057291666669
13 0.64599609375 0.5582682291666669 0.543212890625 0.5582682291666669 0.543212890625 0.7307942708333334 0.64599609375 0.7307942708333334
28 0.56591796875 0.5839843750000001 0.440673828125 0.583984375 0.44067382812500006 0.7177734375 0.56591796875 0.7177734375
12 0.4687500000000001 0.6497395833333334 0.3457031250000001 0.6497395833333334 0.3457031250000001 0.7698567708333334 0.4687500000000001 0.7698567708333334
4 0.3039550781250001 0.6409505208333334 0.17846679687500006 0.6409505208333334 0.17846679687500006 0.8092447916666666 0.3039550781250001 0.8092447916666666
20 0.35766601562500006 0.5475260416666666 0.23095703125000006 0.5475260416666666 0.23095703125000006 0.7014973958333334 0.3576660156250001 0.7014973958333334
24 0.39624023437500006 0.4554036458333333 0.290283203125 0.4554036458333333 0.29028320312500006 0.6204427083333334 0.3962402343750001 0.6204427083333334
30 0.426025390625 0.5911458333333334 0.423828125 0.5911458333333334 0.423828125 0.5921223958333334 0.426025390625 0.5921223958333334
30 0.47070312500000006 0.48535156250000006 0.35400390625 0.4853515625 0.35400390625000006 0.6562500000000001 0.4707031250000001 0.6562500000000001
3 0.55126953125 0.4104817708333334 0.43017578125 0.4104817708333333 0.43017578125 0.5244140625000001 0.55126953125 0.5244140625000001
26 0.64013671875 0.37988281250000017 0.544189453125 0.37988281250000017 0.544189453125 0.5498046875000001 0.64013671875 0.5498046875000001
23 0.415283203125 0.31640625000000006 0.307861328125 0.31640625000000006 0.307861328125 0.4762369791666667 0.415283203125 0.4762369791666667
15 0.333251953125 0.30371093750000006 0.24121093750000006 0.30371093750000006 0.24121093750000006 0.4521484375 0.333251953125 0.4521484375
14 0.35546875 0.20572916666666674 0.2431640625 0.20572916666666674 0.24316406250000003 0.32128906250000006 0.35546875 0.32128906250000006
25 0.634033203125 0.06803385416666675 0.506103515625 0.06803385416666674 0.506103515625 0.2122395833333334 0.634033203125 0.2122395833333334
6 0.563232421875 0.1614583333333334 0.45703125 0.1614583333333334 0.45703125 0.32779947916666674 0.563232421875 0.32779947916666674
20 0.46728515625 0.08854166666666674 0.375 0.08854166666666674 0.375 0.23535156250000008 0.46728515625 0.23535156250000008
33 0.282470703125 0.013671875000000036 0.163330078125 0.013671875000000028 0.163330078125 0.16699218750000003 0.282470703125 0.16699218750000008
33 0.147216796875 0.10807291666666669 0.027587890625000007 0.10807291666666667 0.027587890625000014 0.23860677083333334 0.147216796875 0.23860677083333334
7 0.25048828125 0.1715494791666667 0.13818359375 0.17154947916666666 0.13818359375 0.28645833333333337 0.25048828125 0.2864583333333334
13 0.20849609375000006 0.3102213541666667 0.11718750000000003 0.3102213541666667 0.11718750000000004 0.4733072916666667 0.20849609375000006 0.4733072916666667
17 0.15991210937500006 0.4697265625 0.04028320312500004 0.4697265625 0.04028320312500005 0.6350911458333334 0.15991210937500006 0.6350911458333334
16 0.24072265625000006 0.5458984375 0.11279296875000006 0.5458984375 0.11279296875000006 0.6907552083333334 0.24072265625000006 0.6907552083333334
28 0.282958984375 0.4251302083333333 0.15771484375000006 0.4251302083333333 0.15771484375000006 0.5875651041666666 0.282958984375 0.5875651041666666
29 0.260986328125 0.2867838541666667 0.1826171875 0.2867838541666667 0.18261718750000003 0.4332682291666667 0.260986328125 0.4332682291666667
8 0.383056640625 0.10026041666666673 0.26953125 0.1002604166666667 0.26953125 0.22949218750000008 0.383056640625 0.22949218750000008
10 0.47021484375 0.22233072916666674 0.349853515625 0.22233072916666674 0.349853515625 0.33951822916666674 0.47021484375 0.3395182291666668
9 0.6455078125 9.481843788320246e-17 0.515869140625 8.423433224604028e-17 0.515869140625 0.09830729166666675 0.6455078125 0.09830729166666678
3 0.08496093750000004 0.3779296875 3.4712278657472585e-17 0.3779296875 4.167865327176295e-17 0.5296223958333334 0.08496093750000006 0.5296223958333334
4 0.07006835937500006 0.5065104166666666 4.6522227037921916e-17 0.5065104166666666 5.2352454719409564e-17 0.6334635416666666 0.07006835937500006 0.6334635416666666
1 0.07763671875 6.338503940899387e-18 0 0 4.978117481885603e-18 0.1083984375 0.07763671875 0.1083984375
2 0.05395507812500002 0.0927734375 8.521101996020402e-18 0.0927734375 1.4710112919445747e-17 0.2275390625 0.05395507812500003 0.2275390625
27 0.532958984375 0.30859375000000006 0.41162109375 0.30859375000000006 0.41162109375 0.4280598958333334 0.532958984375 0.4280598958333335