21 0.40234375 0.19205729166666674 0.29931640625 0.19205729166666674 0.29931640625 0.3408203125 0.40234375 0.3408203125
26 0.642822265625 0.17285156250000008 0.54296875 0.17285156250000008 0.54296875 0.28287760416666674 0.642822265625 0.28287760416666674
17 0.63916015625 0.25976562500000006 0.539306640625 0.25976562500000006 0.539306640625 0.40136718750000017 0.63916015625 0.40136718750000017
21 0.733154296875 0.5195312500000001 0.63427734375 0.5195312500000001 0.63427734375 0.6595052083333335 0.733154296875 0.6595052083333335
14 0.751708984375 0.4137369791666668 0.6552734375 0.4137369791666668 0.6552734375 0.5292968750000001 0.751708984375 0.5292968750000001
29 0.75537109375 0.2548828125000001 0.64794921875 0.25488281250000006 0.64794921875 0.3902994791666668 0.75537109375 0.3902994791666668
8 0.28125000000000006 0.4788411458333333 0.16503906250000006 0.4788411458333333 0.16503906250000006 0.6129557291666666 0.2812500000000001 0.6129557291666666
7 0.4453125 0.3740234375 0.33349609375 0.3740234375 0.33349609375 0.5159505208333334 0.4453125 0.5159505208333334
17 0.383544921875 0.4303385416666667 0.276123046875 0.4303385416666667 0.276123046875 0.5735677083333334 0.383544921875 0.5735677083333334
31 0.29296875 0.08268229166666671 0.179443359375 0.0826822916666667 0.179443359375 0.23144531250000003 0.29296875 0.23144531250000008
15 0.580322265625 0.04720052083333342 0.47998046875 0.047200520833333405 0.47998046875 0.19433593750000008 0.580322265625 0.19433593750000008
25 0.72216796875 0.06575520833333344 0.617431640625 0.06575520833333343 0.617431640625 0.21516927083333345 0.72216796875 0.21516927083333348
16 0.830322265625 1.2649102518536952e-16 0.718994140625 1.1740184972294777e-16 0.718994140625 0.13671875000000014 0.830322265625 0.13671875000000014
18 0.871337890625 0.24251302083333348 0.76904296875 0.24251302083333348 0.76904296875 0.39062500000000017 0.871337890625 0.39062500000000017
31 0.921875 0.3356119791666668 0.805908203125 0.3356119791666668 0.805908203125 0.4703776041666668 0.921875 0.4703776041666668
1 0.863037109375 0.4449869791666668 0.7490234375 0.4449869791666668 0.7490234375 0.5830078125000001 0.863037109375 0.5830078125000001
19 0.828125 0.5247395833333335 0.722412109375 0.5247395833333335 0.722412109375 0.6490885416666669 0.828125 0.6490885416666669
22 0.57177734375 0.4651692708333335 0.47802734375 0.4651692708333335 0.47802734375 0.5989583333333335 0.57177734375 0.5989583333333335
5 0.63232421875 0.4309895833333335 0.546630859375 0.4309895833333335 0.546630859375 0.5686848958333335 0.63232421875 0.5686848958333335
29 0.562255859375 0.2991536458333334 0.466552734375 0.2991536458333334 0.466552734375 0.4378255208333335 0.562255859375 0.4378255208333335
6 0.4833984375 0.32096354166666674 0.385986328125 0.32096354166666674 0.385986328125 0.45312500000000006 0.4833984375 0.45312500000000017
32 0.5263671875 0.2298177083333334 0.42529296875 0.2298177083333334 0.42529296875 0.34244791666666674 0.5263671875 0.3424479166666668
32 0.307373046875 0.3919270833333333 0.22534179687500006 0.3919270833333333 0.22534179687500006 0.5192057291666666 0.307373046875 0.5192057291666666
19 0.474365234375 0.45312500000000006 0.37060546875 0.453125 0.37060546875 0.5930989583333334 0.474365234375 0.5930989583333335
25 0.46752929687500006 0.5927734375000001 0.36767578125 0.5927734375 0.36767578125000006 0.7408854166666666 0.4675292968750001 0.7408854166666666
0 0.5830078125 0.5722656250000001 0.48193359375 0.5722656250000001 0.48193359375000006 0.6956380208333334 0.5830078125 0.6956380208333334
7 0.632080078125 0.74609375 0.529296875 0.74609375 0.529296875 0.8733723958333334 0.632080078125 0.8733723958333334
13 0.69970703125 0.6621093750000001 0.597412109375 0.6621093750000001 0.597412109375 0.7861328125 0.69970703125 0.7861328125
24 0.68994140625 0.3450520833333335 0.584228515625 0.3450520833333335 0.584228515625 0.47363281250000017 0.68994140625 0.47363281250000017
30 0.805908203125 0.16959635416666682 0.712646484375 0.16959635416666682 0.712646484375 0.3030598958333335 0.805908203125 0.3030598958333335
18 0.530029296875 0.38574218750000006 0.427978515625 0.3857421875 0.427978515625 0.5240885416666667 0.530029296875 0.5240885416666669
22 0.517578125 0.10188802083333341 0.421875 0.10188802083333341 0.421875 0.23925781250000008 0.517578125 0.23925781250000008
20 0.917236328125 0.002604166666666807 0.798583984375 0.0026041666666667975 0.798583984375 0.16731770833333348 0.917236328125 0.16731770833333348
21 0.831787109375 1.2932142631621138e-16 0.752197265625 1.2282346315667302e-16 0.752197265625 0.043619791666666796 0.831787109375 0.043619791666666796