23 0.43115234375 0.447265625 0.34814453125 0.447265625 0.34814453125 0.5345052083333334 0.43115234375 0.5345052083333334
21 0.224853515625 0.15852864583333337 0.130859375 0.15852864583333337 0.130859375 0.2669270833333333 0.224853515625 0.2669270833333333
7 0.19091796875000006 0.3736979166666667 0.10083007812500003 0.3736979166666667 0.10083007812500004 0.484375 0.19091796875000006 0.484375
1 0.426513671875 0.3401692708333333 0.34912109375 0.3401692708333333 0.34912109375 0.4423828125 0.426513671875 0.4423828125
9 0.93212890625 0.20149739583333348 0.862548828125 0.20149739583333348 0.862548828125 0.3151041666666668 0.93212890625 0.3151041666666668
20 0.41064453125 0.20996093750000008 0.33251953125 0.20996093750000008 0.33251953125 0.3079427083333334 0.41064453125 0.3079427083333334
25 0.950927734375 0.10481770833333348 0.87353515625 0.10481770833333348 0.87353515625 0.21223958333333348 0.950927734375 0.21223958333333348
28 0.994140625 0.028320312500000156 0.912109375 0.02832031250000015 0.912109375 0.14192708333333348 0.994140625 0.14192708333333348
29 0.499755859375 0.4095052083333334 0.43798828125 0.4095052083333333 0.43798828125 0.5156250000000001 0.499755859375 0.5156250000000001
23 0.51708984375 0.5113932291666667 0.4365234375 0.5113932291666666 0.4365234375 0.5924479166666667 0.51708984375 0.5924479166666669
4 0.566650390625 0.5605468750000001 0.49853515625 0.5605468750000001 0.49853515625000006 0.6731770833333334 0.566650390625 0.6731770833333334
12 0.2663574218750001 0.8020833333333334 0.17016601562500006 0.8020833333333334 0.17016601562500008 0.9095052083333334 0.2663574218750001 0.9095052083333334
5 0.3234863281250001 0.7076822916666666 0.23095703125000006 0.7076822916666666 0.23095703125000006 0.8287760416666666 0.3234863281250001 0.8287760416666666
28 0.3767089843750001 0.7789713541666666 0.2980957031250001 0.7789713541666666 0.2980957031250001 0.904296875 0.3767089843750001 0.904296875
15 0.3950195312500001 0.6692708333333334 0.3276367187500001 0.6692708333333334 0.3276367187500001 0.779296875 0.3950195312500001 0.779296875
20 0.4997558593750001 0.6780598958333334 0.4355468750000001 0.6780598958333334 0.4355468750000001 0.7845052083333334 0.4997558593750001 0.7845052083333334
10 0.33666992187500006 0.59375 0.24731445312500006 0.59375 0.24731445312500006 0.708984375 0.3366699218750001 0.708984375
0 0.29296875000000006 0.5279947916666666 0.20092773437500006 0.5279947916666666 0.20092773437500006 0.642578125 0.2929687500000001 0.642578125
2 0.274658203125 0.4313151041666667 0.18212890625000006 0.4313151041666667 0.18212890625000006 0.5485026041666666 0.274658203125 0.5485026041666666
31 0.18579101562500006 0.4912109375 0.09936523437500006 0.4912109375 0.09936523437500006 0.5651041666666666 0.18579101562500006 0.5651041666666666
30 0.11938476562500004 0.3997395833333333 0.03466796875000004 0.3997395833333333 0.03466796875000004 0.5185546875 0.11938476562500006 0.5185546875
32 0.158203125 0.17317708333333334 0.06469726562500003 0.17317708333333334 0.06469726562500003 0.2867838541666667 0.158203125 0.2867838541666667
9 0.183837890625 0.05013020833333336 0.093994140625 0.05013020833333335 0.09399414062500001 0.16471354166666669 0.183837890625 0.1647135416666667
25 0.345458984375 0.16894531250000008 0.263916015625 0.16894531250000008 0.263916015625 0.28906250000000006 0.345458984375 0.28906250000000006
26 0.382080078125 0.09016927083333338 0.296142578125 0.09016927083333337 0.296142578125 0.20703125000000008 0.382080078125 0.20703125000000008
13 0.449951171875 0.07910156250000007 0.367431640625 0.07910156250000006 0.367431640625 0.19824218750000008 0.449951171875 0.19824218750000008
14 0.485595703125 0.22460937500000008 0.410400390625 0.22460937500000008 0.410400390625 0.30566406250000006 0.485595703125 0.30566406250000006
16 0.5546875 0.32421875000000006 0.47900390625 0.32421875000000006 0.47900390625 0.4446614583333335 0.5546875 0.4446614583333335
17 0.594970703125 0.4059244791666668 0.516845703125 0.4059244791666668 0.516845703125 0.5237630208333335 0.594970703125 0.5237630208333335
33 0.650634765625 0.47070312500000017 0.56201171875 0.47070312500000017 0.56201171875 0.5742187500000001 0.650634765625 0.5742187500000001
33 0.64990234375 0.29492187500000006 0.560546875 0.29492187500000006 0.560546875 0.4075520833333335 0.64990234375 0.4075520833333335
24 0.5673828125 0.2161458333333334 0.4853515625 0.2161458333333334 0.4853515625 0.3343098958333335 0.5673828125 0.3343098958333335
11 0.721435546875 0.12369791666666678 0.62548828125 0.12369791666666678 0.62548828125 0.23763020833333345 0.721435546875 0.23763020833333348
18 0.635986328125 0.04720052083333343 0.557373046875 0.047200520833333426 0.557373046875 0.16796875000000008 0.635986328125 0.16796875000000008
13 0.69970703125 0.0019531250000001097 0.639892578125 0.0019531250000001045 0.639892578125 0.11946614583333344 0.69970703125 0.11946614583333344
3 0.52783203125 0.07845052083333341 0.467041015625 0.07845052083333341 0.467041015625 0.18815104166666674 0.52783203125 0.18815104166666674
5 0.482421875 0.015950520833333405 0.407958984375 0.015950520833333398 0.407958984375 0.09765625000000007 0.482421875 0.09765625000000007
15 0.30517578125 4.502729686318149e-17 0.246337890625 4.022358790168227e-17 0.246337890625 0.09993489583333337 0.30517578125 0.09993489583333337
15 0.885498046875 1.369356040062226e-16 0.791748046875 1.2928156151155166e-16 0.791748046875 0.0992838541666668 0.885498046875 0.09928385416666681
3 0.650146484375 0.5791015625000001 0.56201171875 0.5791015625000001 0.56201171875 0.6920572916666666 0.650146484375 0.6920572916666666