26 0.447021484375 0.2718098958333334 0.355224609375 0.2718098958333334 0.355224609375 0.4013671875 0.447021484375 0.4013671875
27 0.6982421875 0.2906901041666668 0.618408203125 0.29069010416666674 0.618408203125 0.4264322916666668 0.6982421875 0.4264322916666668
4 0.340576171875 0.3662109375 0.272705078125 0.3662109375 0.272705078125 0.4791666666666667 0.340576171875 0.4791666666666667
29 0.18066406250000006 0.3675130208333333 0.10009765625000003 0.3675130208333333 0.10009765625000004 0.4801432291666667 0.18066406250000006 0.4801432291666667
28 0.45800781250000006 0.48925781250000006 0.374267578125 0.4892578125 0.37426757812500006 0.6155598958333334 0.4580078125000001 0.6155598958333335
8 0.56591796875 0.6539713541666669 0.4641113281250001 0.6539713541666669 0.4641113281250001 0.7731119791666666 0.56591796875 0.7731119791666666
25 0.765869140625 0.755859375 0.653076171875 0.755859375 0.653076171875 0.8916015625 0.765869140625 0.8916015625
18 0.613037109375 0.8723958333333334 0.522216796875 0.8723958333333334 0.522216796875 0.9778645833333334 0.613037109375 0.9778645833333334
14 0.66748046875 0.7024739583333334 0.581298828125 0.7024739583333334 0.581298828125 0.8349609375 0.66748046875 0.8349609375
28 0.731201171875 0.6142578125000001 0.627685546875 0.6142578125000001 0.627685546875 0.7490234375 0.731201171875 0.7490234375
10 0.24926757812500006 0.4609375 0.14746093750000006 0.4609375 0.14746093750000006 0.5797526041666666 0.24926757812500006 0.5797526041666666
27 0.734375 0.4059244791666668 0.6357421875 0.4059244791666668 0.6357421875 0.5130208333333335 0.734375 0.5130208333333335
9 0.755615234375 0.48925781250000017 0.660888671875 0.48925781250000017 0.660888671875 0.5872395833333335 0.755615234375 0.5872395833333335
9 0.6044921875 0.3684895833333335 0.513671875 0.3684895833333335 0.513671875 0.4925130208333335 0.6044921875 0.4925130208333335
29 0.64306640625 0.4680989583333335 0.5380859375 0.4680989583333335 0.5380859375 0.5891927083333335 0.64306640625 0.5891927083333335
12 0.562744140625 0.5553385416666669 0.47265625 0.5553385416666669 0.47265625000000006 0.6490885416666669 0.562744140625 0.6490885416666669
10 0.69580078125 0.13541666666666677 0.632568359375 0.13541666666666677 0.632568359375 0.2659505208333334 0.69580078125 0.2659505208333335
30 0.5390625 0.05436197916666675 0.47265625 0.05436197916666674 0.47265625 0.18815104166666674 0.5390625 0.18815104166666674
11 0.513427734375 0.3528645833333334 0.418701171875 0.3528645833333333 0.418701171875 0.47167968750000006 0.513427734375 0.47167968750000017
13 0.544921875 0.20996093750000008 0.477294921875 0.20996093750000008 0.477294921875 0.3385416666666668 0.544921875 0.3385416666666668
3 0.630859375 0.15136718750000008 0.550537109375 0.15136718750000008 0.550537109375 0.28190104166666674 0.630859375 0.28190104166666674
12 0.44970703125 0.09082031250000007 0.35791015625 0.09082031250000007 0.35791015625 0.22330729166666674 0.44970703125 0.22330729166666674
33 0.386474609375 0.1305338541666667 0.3076171875 0.1305338541666667 0.3076171875 0.2620442708333334 0.386474609375 0.2620442708333334
24 0.2734375 0.06445312500000004 0.179931640625 0.06445312500000004 0.179931640625 0.16503906250000003 0.2734375 0.16503906250000003
4 0.85693359375 0.12304687500000012 0.7783203125 0.12304687500000011 0.7783203125 0.2545572916666668 0.85693359375 0.2545572916666668
1 0.79345703125 0.06510416666666678 0.6904296875 0.06510416666666678 0.6904296875 0.20605468750000014 0.79345703125 0.20605468750000014
19 0.73681640625 1.1279746478474726e-16 0.644775390625 1.0528294910638542e-16 0.644775390625 0.1435546875000001 0.73681640625 0.1435546875000001
33 0.54052734375 0.43261718750000006 0.444091796875 0.4326171875 0.444091796875 0.5608723958333334 0.54052734375 0.5608723958333335
33 0.6640625 0.5511067708333335 0.559326171875 0.5511067708333335 0.559326171875 0.66796875 0.6640625 0.66796875
33 0.686279296875 1.0508362508308669e-16 0.600830078125 9.810728426763139e-17 0.600830078125 0.059570312500000104 0.686279296875 0.05957031250000011