18 0.656005859375 0.7138671875 0.5625 0.7138671875 0.5625 0.828125 0.656005859375 0.828125
26 0.3059082031250001 0.7018229166666666 0.20751953125000006 0.7018229166666666 0.20751953125000006 0.8206380208333334 0.3059082031250001 0.8206380208333334
1 0.3620605468750001 0.8046875 0.2639160156250001 0.8046875 0.2639160156250001 0.9163411458333334 0.3620605468750001 0.9163411458333334
8 0.509521484375 0.8561197916666666 0.4167480468750001 0.8561197916666666 0.4167480468750001 0.9690755208333334 0.509521484375 0.9690755208333334
33 0.49438476562500006 0.5068359375000001 0.388427734375 0.5068359375 0.38842773437500006 0.6468098958333334 0.4943847656250001 0.6468098958333335
31 0.41796875000000006 0.5113932291666666 0.30908203125 0.5113932291666666 0.30908203125000006 0.6409505208333334 0.4179687500000001 0.6409505208333334
5 0.484130859375 0.3470052083333334 0.39697265625 0.3470052083333333 0.39697265625 0.43717447916666674 0.484130859375 0.4371744791666668
29 0.548583984375 0.43164062500000017 0.472900390625 0.43164062500000017 0.472900390625 0.5546875000000001 0.548583984375 0.5546875000000001
17 0.624755859375 0.5071614583333335 0.517578125 0.5071614583333335 0.517578125 0.6289062500000001 0.624755859375 0.6289062500000001
6 0.72705078125 0.6097005208333335 0.64453125 0.6097005208333335 0.64453125 0.7532552083333334 0.72705078125 0.7532552083333334
23 0.822021484375 0.4954427083333335 0.739013671875 0.4954427083333335 0.739013671875 0.6246744791666669 0.822021484375 0.6246744791666669
12 0.35131835937500006 0.583984375 0.27001953125 0.583984375 0.27001953125000006 0.7158203125 0.3513183593750001 0.7158203125
22 0.4057617187500001 0.6591796875 0.2958984375000001 0.6591796875 0.2958984375000001 0.8050130208333334 0.4057617187500001 0.8050130208333334
30 0.28759765625000006 0.5582682291666666 0.20605468750000006 0.5582682291666666 0.20605468750000006 0.6875 0.2875976562500001 0.6875
0 0.4807128906250001 0.6549479166666667 0.3920898437500001 0.6549479166666666 0.3920898437500001 0.7522786458333334 0.4807128906250001 0.7522786458333334
20 0.56982421875 0.7526041666666666 0.4719238281250001 0.7526041666666666 0.4719238281250001 0.8717447916666666 0.56982421875 0.8717447916666666
16 0.60498046875 0.6061197916666669 0.51123046875 0.6061197916666669 0.51123046875 0.7399088541666666 0.60498046875 0.7399088541666666
7 0.6640625 0.6041666666666669 0.58447265625 0.6041666666666669 0.58447265625 0.7307942708333334 0.6640625 0.7307942708333334
27 0.80859375 0.6100260416666669 0.705322265625 0.6100260416666669 0.705322265625 0.7252604166666666 0.80859375 0.7252604166666666
18 0.759765625 0.4742838541666668 0.669677734375 0.4742838541666668 0.669677734375 0.6100260416666669 0.759765625 0.6100260416666669
32 0.6962890625 0.4127604166666668 0.576416015625 0.4127604166666668 0.576416015625 0.5491536458333335 0.6962890625 0.5491536458333335
32 0.71240234375 0.8186848958333334 0.6005859375 0.8186848958333334 0.6005859375 0.9645182291666666 0.71240234375 0.9645182291666666
1 0.58935546875 0.9762369791666666 0.501953125 0.9762369791666666 0.501953125 0.9996744791666666 0.58935546875 0.9996744791666666
1 0.682373046875 0.94921875 0.59814453125 0.94921875 0.59814453125 0.9993489583333334 0.682373046875 0.9993489583333334
1 0.586181640625 9.069243060091889e-17 0.524658203125 8.566946521379108e-17 0.524658203125 0.033854166666666755 0.586181640625 0.03385416666666676