24 0.61279296875 0.03808593750000009 0.50048828125 0.03808593750000008 0.50048828125 0.22916666666666674 0.61279296875 0.22916666666666674
26 0.50341796875 0.15917968750000008 0.3642578125 0.15917968750000008 0.3642578125 0.33398437500000006 0.50341796875 0.33398437500000017
8 0.191162109375 0.13541666666666669 0.052001953125000014 0.13541666666666666 0.05200195312500002 0.2688802083333333 0.191162109375 0.2688802083333333
14 0.14111328125000003 0.234375 0.01757812500000002 0.234375 0.017578125000000028 0.3538411458333333 0.14111328125000006 0.3538411458333333
15 0.15600585937500006 0.3225911458333333 0.028076171875000028 0.3225911458333333 0.028076171875000035 0.4654947916666667 0.15600585937500006 0.4654947916666667
21 0.3837890625 0.4072265625 0.270263671875 0.4072265625 0.270263671875 0.5524088541666666 0.3837890625 0.5524088541666666
10 0.32373046875000006 0.4723307291666667 0.19726562500000006 0.4723307291666667 0.19726562500000006 0.6455078125 0.3237304687500001 0.6455078125
20 0.4824218750000001 0.6637369791666667 0.3459472656250001 0.6637369791666666 0.3459472656250001 0.8479817708333334 0.4824218750000001 0.8479817708333334
12 0.603271484375 0.22233072916666674 0.466796875 0.22233072916666674 0.466796875 0.3981119791666668 0.603271484375 0.3981119791666668
14 0.708984375 0.08658854166666678 0.5849609375 0.08658854166666678 0.5849609375 0.2750651041666668 0.708984375 0.2750651041666668
23 0.807861328125 0.1647135416666668 0.671875 0.16471354166666677 0.671875 0.3261718750000001 0.807861328125 0.32617187500000017
16 0.660888671875 0.30664062500000006 0.513427734375 0.30664062500000006 0.513427734375 0.4895833333333335 0.660888671875 0.4895833333333335
28 0.720947265625 0.4124348958333335 0.58203125 0.4124348958333335 0.58203125 0.6005859375000001 0.720947265625 0.6005859375000001
28 0.652099609375 0.4899088541666668 0.517333984375 0.4899088541666668 0.517333984375 0.6744791666666666 0.652099609375 0.6744791666666666
30 0.535888671875 0.5553385416666667 0.407958984375 0.5553385416666666 0.40795898437500006 0.70703125 0.535888671875 0.70703125
9 0.589599609375 0.6513671875000001 0.4782714843750001 0.6513671875000001 0.4782714843750001 0.8330078125 0.589599609375 0.8330078125
4 0.515869140625 0.32812500000000006 0.375 0.32812500000000006 0.375 0.49316406250000006 0.515869140625 0.49316406250000017
20 0.55712890625 0.4095052083333334 0.434814453125 0.4095052083333333 0.434814453125 0.5683593750000001 0.55712890625 0.5683593750000001
16 0.45996093750000006 0.46972656250000006 0.322265625 0.4697265625 0.32226562500000006 0.6464843750000001 0.4599609375000001 0.6464843750000001
29 0.525634765625 0.035481770833333405 0.407958984375 0.0354817708333334 0.407958984375 0.2132161458333334 0.525634765625 0.2132161458333334
32 0.4169921875 0.2571614583333334 0.316650390625 0.2571614583333334 0.316650390625 0.4169921875 0.4169921875 0.4169921875
33 0.08203125 0.01888020833333334 1.7341190026988889e-18 0.018880208333333332 7.384955063217682e-18 0.14192708333333334 0.08203125 0.14192708333333334
4 0.05395507812500002 0.12044270833333333 1.1062483293079118e-17 0.12044270833333333 1.677311656058753e-17 0.24479166666666666 0.05395507812500003 0.24479166666666666
4 0.061767578125000035 0.3583984375 3.291836244778408e-17 0.3583984375 3.873364082752432e-17 0.4850260416666667 0.06176757812500004 0.4850260416666667
11 0.332763671875 4.614351139365434e-17 0.232421875 3.7951294036076833e-17 0.232421875 0.05794270833333338 0.332763671875 0.05794270833333339
33 0.04174804687500003 0.23307291666666666 2.1407400102282835e-17 0.23307291666666666 2.792529566415107e-17 0.375 0.04174804687500003 0.375