15 0.6240234375 0.18033854166666674 0.5625 0.18033854166666674 0.5625 0.2815755208333334 0.6240234375 0.2815755208333334
21 0.5595703125 0.1477864583333334 0.509765625 0.1477864583333334 0.509765625 0.2522786458333334 0.5595703125 0.2522786458333334
20 0.8447265625 0.3444010416666668 0.78857421875 0.3444010416666668 0.78857421875 0.4485677083333335 0.8447265625 0.4485677083333335
21 0.484619140625 0.40722656250000006 0.40966796875 0.4072265625 0.40966796875 0.5009765625000001 0.484619140625 0.5009765625000001
33 0.828125 0.21289062500000014 0.760009765625 0.21289062500000014 0.760009765625 0.31738281250000017 0.828125 0.31738281250000017
16 0.790283203125 0.28027343750000017 0.728515625 0.28027343750000017 0.728515625 0.3948567708333335 0.790283203125 0.3948567708333335
6 0.665771484375 0.30240885416666674 0.590087890625 0.30240885416666674 0.590087890625 0.4065755208333335 0.665771484375 0.4065755208333335
19 0.605224609375 0.3401692708333335 0.528564453125 0.3401692708333335 0.528564453125 0.4381510416666668 0.605224609375 0.4381510416666668
31 0.5146484375 0.24967447916666674 0.452880859375 0.24967447916666674 0.452880859375 0.35416666666666674 0.5146484375 0.3541666666666668
17 0.37451171875 0.4303385416666667 0.30029296875 0.4303385416666667 0.30029296875 0.5367838541666666 0.37451171875 0.5367838541666666
8 0.302734375 0.4313151041666667 0.22534179687500006 0.4313151041666667 0.22534179687500006 0.529296875 0.302734375 0.529296875
25 0.32080078125000006 0.505859375 0.24023437500000006 0.505859375 0.24023437500000006 0.609375 0.3208007812500001 0.609375
24 0.3005371093750001 0.6067708333333334 0.21826171875000006 0.6067708333333334 0.21826171875000006 0.7194010416666666 0.3005371093750001 0.7194010416666666
14 0.2783203125000001 0.7001953125 0.19238281250000006 0.7001953125 0.19238281250000006 0.8046875 0.2783203125000001 0.8046875
29 0.3444824218750001 0.6676432291666666 0.2607421875000001 0.6676432291666666 0.2607421875000001 0.7584635416666666 0.3444824218750001 0.7584635416666666
19 0.4035644531250001 0.7633463541666666 0.3347167968750001 0.7633463541666666 0.3347167968750001 0.8665364583333334 0.4035644531250001 0.8665364583333334
26 0.607666015625 0.5615234375000001 0.52783203125 0.5615234375000001 0.52783203125 0.6608072916666669 0.607666015625 0.6608072916666669
31 0.761962890625 0.6194661458333335 0.675048828125 0.6194661458333335 0.675048828125 0.7236328125 0.761962890625 0.7236328125
29 0.62890625 0.4850260416666668 0.549072265625 0.4850260416666668 0.549072265625 0.5924479166666669 0.62890625 0.5924479166666669
17 0.49267578125000006 0.5784505208333334 0.43408203125 0.5784505208333334 0.43408203125000006 0.6796875 0.4926757812500001 0.6796875
13 0.37841796875000006 0.5520833333333334 0.30419921875 0.5520833333333334 0.30419921875000006 0.6552734375 0.3784179687500001 0.6552734375
7 0.3342285156250001 0.8251953125 0.2504882812500001 0.8251953125 0.2504882812500001 0.9368489583333334 0.3342285156250001 0.9368489583333334
0 0.14282226562500006 0.7516276041666666 0.07104492187500006 0.7516276041666666 0.07104492187500007 0.8697916666666666 0.14282226562500006 0.8697916666666666
1 0.547607421875 0.7119140625 0.4648437500000001 0.7119140625 0.4648437500000001 0.8128255208333334 0.547607421875 0.8128255208333334
22 0.56591796875 0.6223958333333335 0.4853515625000001 0.6223958333333335 0.4853515625000001 0.7320963541666666 0.56591796875 0.7320963541666666
7 0.56201171875 0.26139322916666674 0.513671875 0.26139322916666674 0.513671875 0.3636067708333335 0.56201171875 0.3636067708333335
18 0.786376953125 0.4166666666666668 0.713623046875 0.4166666666666668 0.713623046875 0.5250651041666669 0.786376953125 0.5250651041666669
30 0.839111328125 0.4703776041666668 0.770263671875 0.4703776041666668 0.770263671875 0.5807291666666669 0.839111328125 0.5807291666666669
32 0.76513671875 0.5006510416666669 0.6845703125 0.5006510416666669 0.6845703125 0.5924479166666669 0.76513671875 0.5924479166666669
32 0.635986328125 0.4124348958333335 0.56005859375 0.4124348958333335 0.56005859375 0.4820963541666668 0.635986328125 0.4820963541666668
25 0.743896484375 0.07747395833333345 0.663330078125 0.07747395833333344 0.663330078125 0.1806640625000001 0.743896484375 0.18066406250000014
5 0.677734375 0.4869791666666668 0.626953125 0.4869791666666668 0.626953125 0.5891927083333335 0.677734375 0.5891927083333335
18 0.69189453125 0.5817057291666669 0.61767578125 0.5817057291666669 0.61767578125 0.6552734375000001 0.69189453125 0.6552734375000001
22 0.70849609375 0.41894531250000017 0.637939453125 0.41894531250000017 0.637939453125 0.5061848958333335 0.70849609375 0.5061848958333335