8 0.87158203125 0.0865885416666668 0.7607421875 0.08658854166666678 0.7607421875 0.22819010416666682 0.87158203125 0.22819010416666682
26 0.39453125 0.18164062500000008 0.29638671875 0.18164062500000008 0.29638671875 0.2942708333333334 0.39453125 0.2942708333333334
27 0.257080078125 0.4690755208333333 0.17822265625000006 0.4690755208333333 0.17822265625000006 0.5537109375 0.257080078125 0.5537109375
1 0.19189453125000006 0.4290364583333333 0.08154296875000003 0.4290364583333333 0.08154296875000004 0.5768229166666666 0.19189453125000006 0.5768229166666666
15 0.200439453125 0.19303385416666666 0.11108398437500003 0.19303385416666666 0.11108398437500003 0.2972005208333333 0.200439453125 0.2972005208333333
26 0.17041015625 0.011067708333333351 0.0634765625 0.011067708333333343 0.06347656250000001 0.16243489583333334 0.17041015625 0.16243489583333337
24 0.218017578125 0.1031901041666667 0.118408203125 0.1031901041666667 0.11840820312500001 0.21354166666666666 0.218017578125 0.21354166666666666
23 0.29052734375 0.05240885416666671 0.186767578125 0.052408854166666706 0.186767578125 0.1715494791666667 0.29052734375 0.17154947916666674
33 0.333740234375 4.6163443795984215e-17 0.231689453125 3.7831699622097593e-17 0.231689453125 0.1129557291666667 0.333740234375 0.1129557291666667
24 0.440673828125 0.30631510416666674 0.360107421875 0.30631510416666674 0.360107421875 0.4140625 0.440673828125 0.4140625
5 0.473388671875 0.4788411458333334 0.3916015625 0.4788411458333333 0.3916015625 0.6028645833333334 0.473388671875 0.6028645833333335
31 0.51708984375 0.43554687500000006 0.442626953125 0.435546875 0.442626953125 0.5452473958333334 0.51708984375 0.5452473958333335
14 0.14453125000000003 0.2509765625 0.05444335937500003 0.2509765625 0.05444335937500003 0.3528645833333333 0.14453125000000006 0.3528645833333333
12 0.07666015625000003 0.3024088541666667 0.0024414062500000278 0.3024088541666667 0.002441406250000033 0.4150390625 0.07666015625000003 0.4150390625
11 0.15283203125000006 0.3619791666666667 0.04467773437500003 0.3619791666666667 0.044677734375000035 0.51953125 0.15283203125000006 0.51953125
0 0.19018554687500006 0.3118489583333333 0.10400390625000003 0.3118489583333333 0.10400390625000003 0.4254557291666667 0.19018554687500006 0.4254557291666667
3 0.23510742187500006 0.3756510416666667 0.14965820312500006 0.3756510416666667 0.14965820312500006 0.4801432291666667 0.23510742187500006 0.4801432291666667
18 0.30517578125 0.3548177083333333 0.21191406250000006 0.3548177083333333 0.21191406250000006 0.45703125 0.30517578125 0.45703125
14 0.40405273437500006 0.53125 0.323974609375 0.53125 0.32397460937500006 0.6110026041666666 0.4040527343750001 0.6110026041666666
8 0.26708984375000006 0.5367838541666666 0.17114257812500006 0.5367838541666666 0.17114257812500006 0.6572265625 0.2670898437500001 0.6572265625
2 0.25634765625 0.23079427083333337 0.168701171875 0.23079427083333334 0.16870117187500003 0.33105468750000006 0.25634765625 0.33105468750000006
2 0.36181640625 0.29296875000000006 0.281982421875 0.29296875000000006 0.281982421875 0.3772786458333333 0.36181640625 0.3772786458333333
1 0.403076171875 0.3557942708333333 0.296142578125 0.3557942708333333 0.296142578125 0.5006510416666666 0.403076171875 0.5006510416666666
27 0.87939453125 0.7412109375 0.7822265625 0.7412109375 0.7822265625 0.8684895833333334 0.87939453125 0.8684895833333334
3 0.33740234375 0.44921875 0.24975585937500006 0.44921875 0.24975585937500006 0.5283203125 0.33740234375 0.5283203125
28 0.32641601562500006 0.5185546875 0.25927734375 0.5185546875 0.25927734375000006 0.6217447916666666 0.3264160156250001 0.6217447916666666
6 0.8203125 0.7132161458333334 0.713623046875 0.7132161458333334 0.713623046875 0.8450520833333334 0.8203125 0.8450520833333334
31 0.963623046875 0.6770833333333335 0.89013671875 0.6770833333333334 0.89013671875 0.7929687500000001 0.963623046875 0.7929687500000003
3 0.973876953125 0.7893880208333335 0.884521484375 0.7893880208333334 0.884521484375 0.9062500000000001 0.973876953125 0.9062500000000003
4 0.47705078125 0.23111979166666674 0.4208984375 0.23111979166666674 0.4208984375 0.3372395833333334 0.47705078125 0.3372395833333335
30 0.282958984375 0.2897135416666667 0.193115234375 0.2897135416666667 0.19311523437500003 0.4010416666666667 0.282958984375 0.4010416666666667
10 0.9462890625 0.8837890625000001 0.867431640625 0.8837890625 0.867431640625 0.9996744791666669 0.9462890625 0.999674479166667
14 0.85888671875 0.8919270833333334 0.766845703125 0.8919270833333334 0.766845703125 0.9996744791666666 0.85888671875 0.9996744791666666
30 0.13623046875 0.13248697916666669 0.054443359375000014 0.13248697916666666 0.05444335937500002 0.2529296875 0.13623046875 0.2529296875
33 0.9189453125 0.8092447916666669 0.8037109375 0.8092447916666666 0.8037109375 0.9462890625000001 0.9189453125 0.9462890625000003
21 0.998779296875 0.810221354166667 0.946044921875 0.810221354166667 0.946044921875 0.9550781250000003 0.998779296875 0.9550781250000003
19 0.07348632812500004 0.40625 3.731345716152092e-17 0.40625 4.484790524221264e-17 0.5703125 0.07348632812500006 0.5703125