10 0.596435546875 0.29069010416666674 0.529296875 0.29069010416666674 0.529296875 0.3665364583333335 0.596435546875 0.3665364583333335
0 0.55419921875 0.4934895833333335 0.497314453125 0.4934895833333335 0.497314453125 0.5895182291666669 0.55419921875 0.5895182291666669
12 0.78466796875 0.3430989583333335 0.71826171875 0.3430989583333335 0.71826171875 0.4358723958333335 0.78466796875 0.4358723958333335
12 0.6728515625 0.37890625000000017 0.615234375 0.37890625000000017 0.615234375 0.47070312500000017 0.6728515625 0.47070312500000017
31 0.609130859375 0.3694661458333335 0.545166015625 0.3694661458333335 0.545166015625 0.4368489583333335 0.609130859375 0.4368489583333335
2 0.631103515625 0.4303385416666668 0.563232421875 0.4303385416666668 0.563232421875 0.5136718750000001 0.631103515625 0.5136718750000001
31 0.189453125 0.181640625 0.139404296875 0.181640625 0.139404296875 0.2711588541666667 0.189453125 0.2711588541666667
0 0.15087890625000003 0.22135416666666666 0.09228515625000003 0.22135416666666666 0.09228515625000003 0.318359375 0.15087890625000006 0.318359375
26 0.09423828125000003 0.2760416666666667 0.014404296875000024 0.2760416666666667 0.01440429687500003 0.3603515625 0.09423828125000003 0.3603515625
15 0.94091796875 0.3987630208333335 0.86669921875 0.3987630208333335 0.86669921875 0.48437500000000017 0.94091796875 0.48437500000000017
10 0.84375 0.29199218750000017 0.788330078125 0.29199218750000017 0.788330078125 0.38574218750000017 0.84375 0.38574218750000017
5 0.32861328125 0.4619140625 0.273193359375 0.4619140625 0.273193359375 0.5556640625 0.32861328125 0.5556640625
11 0.678466796875 0.3284505208333334 0.61669921875 0.3284505208333334 0.61669921875 0.3844401041666668 0.678466796875 0.3844401041666668
11 0.265625 0.2164713541666667 0.1865234375 0.21647135416666666 0.18652343750000003 0.30598958333333337 0.265625 0.3059895833333334
28 0.95751953125 0.5439453125000001 0.875244140625 0.5439453125000001 0.875244140625 0.6451822916666669 0.95751953125 0.6451822916666669
30 0.728759765625 0.3736979166666668 0.66552734375 0.3736979166666668 0.66552734375 0.4684244791666668 0.728759765625 0.4684244791666668
20 0.12036132812500004 0.3860677083333333 0.04858398437500004 0.3860677083333333 0.04858398437500004 0.4860026041666667 0.12036132812500006 0.4860026041666667
3 0.18774414062500006 0.3583984375 0.10522460937500003 0.3583984375 0.10522460937500003 0.4449869791666667 0.18774414062500006 0.4449869791666667
4 0.19702148437500006 0.43359375 0.11401367187500003 0.43359375 0.11401367187500004 0.5188802083333334 0.19702148437500006 0.5188802083333334
14 0.15551757812500006 0.6995442708333334 0.07202148437500006 0.6995442708333334 0.07202148437500007 0.7903645833333334 0.15551757812500006 0.7903645833333334
2 0.24121093750000006 0.7054036458333334 0.16503906250000006 0.7054036458333334 0.16503906250000006 0.8154296875 0.24121093750000006 0.8154296875
8 0.2724609375000001 0.6077473958333334 0.19238281250000006 0.6077473958333334 0.19238281250000006 0.681640625 0.2724609375000001 0.681640625
25 0.19287109375000006 0.6119791666666666 0.11669921875000006 0.6119791666666666 0.11669921875000006 0.7122395833333334 0.19287109375000006 0.7122395833333334
16 0.20410156250000006 0.5423177083333334 0.11865234375000006 0.5423177083333334 0.11865234375000006 0.6266276041666666 0.20410156250000006 0.6266276041666666
29 0.13037109375000006 0.490234375 0.06079101562500004 0.490234375 0.06079101562500005 0.5901692708333334 0.13037109375000006 0.5901692708333334
27 0.10034179687500006 0.5719401041666666 0.014892578125000052 0.5719401041666666 0.014892578125000056 0.6516927083333334 0.10034179687500006 0.6516927083333334
1 0.07006835937500006 0.4840494791666667 0.0007324218750000445 0.4840494791666667 0.0007324218750000489 0.5817057291666666 0.07006835937500006 0.5817057291666666
17 0.48193359375 0.34244791666666674 0.410888671875 0.3424479166666667 0.410888671875 0.44433593750000006 0.48193359375 0.44433593750000017
2 0.493408203125 0.44726562500000006 0.424072265625 0.447265625 0.424072265625 0.5273437500000001 0.493408203125 0.5273437500000001
23 0.69140625 0.5022786458333335 0.611328125 0.5022786458333335 0.611328125 0.6015625000000001 0.69140625 0.6015625000000001
12 0.77783203125 0.4710286458333335 0.71142578125 0.4710286458333335 0.71142578125 0.5716145833333335 0.77783203125 0.5716145833333335
19 0.822265625 0.5901692708333335 0.748291015625 0.5901692708333335 0.748291015625 0.6673177083333334 0.822265625 0.6673177083333334
3 0.9052734375 0.49023437500000017 0.8154296875 0.49023437500000017 0.8154296875 0.5787760416666669 0.9052734375 0.5787760416666669
22 0.77490234375 0.20670572916666682 0.70947265625 0.20670572916666682 0.70947265625 0.27929687500000017 0.77490234375 0.27929687500000017
29 0.72119140625 0.2649739583333334 0.653564453125 0.2649739583333334 0.653564453125 0.3395182291666668 0.72119140625 0.3395182291666668
9 0.656494140625 0.23730468750000008 0.605224609375 0.23730468750000008 0.605224609375 0.33203125000000006 0.656494140625 0.33203125000000006
1 0.718505859375 0.16080729166666677 0.671630859375 0.16080729166666677 0.671630859375 0.2535807291666668 0.718505859375 0.2535807291666668
33 0.676513671875 0.16634114583333345 0.625244140625 0.16634114583333345 0.625244140625 0.25651041666666674 0.676513671875 0.25651041666666674
3 0.700439453125 0.08854166666666678 0.6220703125 0.08854166666666678 0.6220703125 0.16927083333333345 0.700439453125 0.16927083333333348
27 0.637451171875 0.14095052083333345 0.58349609375 0.14095052083333345 0.58349609375 0.2327473958333334 0.637451171875 0.2327473958333334
24 0.612060546875 0.0839843750000001 0.54345703125 0.08398437500000007 0.54345703125 0.16503906250000008 0.612060546875 0.1650390625000001
9 0.589111328125 0.17675781250000008 0.52001953125 0.17675781250000008 0.52001953125 0.24869791666666674 0.589111328125 0.24869791666666674
9 0.00634765625000003 0.3024088541666667 2.777580264667703e-17 0.3024088541666667 3.0661017883926046e-17 0.365234375 0.006347656250000033 0.365234375
9 0.007568359375000071 0.759765625 6.978334055688287e-17 0.759765625 7.099423399842261e-17 0.7861328125 0.007568359375000073 0.7861328125