28 0.4453125 0.3600260416666667 0.383544921875 0.3600260416666667 0.383544921875 0.4466145833333333 0.4453125 0.4466145833333333
23 0.4658203125 0.44401041666666674 0.392333984375 0.4440104166666667 0.392333984375 0.5345052083333334 0.4658203125 0.5345052083333335
20 0.08984375000000003 0.1689453125 0.005371093750000016 0.1689453125 0.005371093750000019 0.2516276041666667 0.08984375000000003 0.2516276041666667
17 0.11523437500000003 0.24348958333333334 0.03027343750000002 0.24348958333333334 0.030273437500000024 0.3193359375 0.11523437500000003 0.3193359375
7 0.11328125000000003 0.29296875 0.029296875000000028 0.29296875 0.02929687500000003 0.3688151041666667 0.11328125000000003 0.3688151041666667
19 0.11352539062500003 0.3505859375 0.027587890625000035 0.3505859375 0.027587890625000038 0.4261067708333333 0.11352539062500003 0.4261067708333333
2 0.09082031250000004 0.4020182291666667 0.024658203125000035 0.4020182291666667 0.02465820312500004 0.4977213541666667 0.09082031250000006 0.4977213541666667
33 0.19067382812500006 0.3736979166666667 0.10644531250000003 0.3736979166666667 0.10644531250000004 0.4820963541666667 0.19067382812500006 0.4820963541666667
13 0.21728515625000006 0.48828125 0.12695312500000006 0.48828125 0.12695312500000006 0.5911458333333334 0.21728515625000006 0.5911458333333334
27 0.14111328125000006 0.4212239583333333 0.06713867187500003 0.4212239583333333 0.06713867187500004 0.5240885416666666 0.14111328125000006 0.5240885416666666
6 0.09057617187500006 0.4755859375 0.02832031250000004 0.4755859375 0.02832031250000005 0.5807291666666666 0.09057617187500006 0.5807291666666666
11 0.13964843750000006 0.5006510416666666 0.06713867187500006 0.5006510416666666 0.06713867187500006 0.6038411458333334 0.13964843750000006 0.6038411458333334
5 0.18530273437500006 0.5660807291666666 0.09936523437500006 0.5660807291666666 0.09936523437500006 0.6627604166666666 0.18530273437500006 0.6627604166666666
31 0.15844726562500006 0.6689453125 0.07641601562500006 0.6689453125 0.07641601562500006 0.7467447916666666 0.15844726562500006 0.7467447916666666
0 0.09545898437500006 0.6129557291666666 0.016845703125000056 0.6129557291666666 0.01684570312500006 0.7076822916666666 0.09545898437500006 0.7076822916666666
23 0.11206054687500006 0.5660807291666666 0.033203125000000056 0.5660807291666666 0.033203125000000056 0.6529947916666666 0.11206054687500006 0.6529947916666666
0 0.30810546875000006 0.5152994791666666 0.24047851562500006 0.5152994791666666 0.24047851562500006 0.6233723958333334 0.3081054687500001 0.6233723958333334
31 0.34521484375 0.447265625 0.264892578125 0.447265625 0.264892578125 0.5491536458333334 0.34521484375 0.5491536458333334
25 0.39306640625 0.3990885416666667 0.31201171875 0.3990885416666667 0.31201171875 0.4892578125 0.39306640625 0.4892578125
33 0.400390625 0.4765625 0.32080078125 0.4765625 0.32080078125 0.5849609375 0.400390625 0.5849609375
9 0.3876953125 0.33268229166666674 0.310546875 0.33268229166666674 0.310546875 0.4270833333333333 0.3876953125 0.4270833333333333
4 0.3876953125 0.2220052083333334 0.3046875 0.2220052083333334 0.3046875 0.3225911458333334 0.3876953125 0.3225911458333334
10 0.42236328125 0.06705729166666673 0.335693359375 0.06705729166666673 0.335693359375 0.16601562500000006 0.42236328125 0.16601562500000008
25 0.417724609375 0.17089843750000008 0.339599609375 0.17089843750000008 0.339599609375 0.26660156250000006 0.417724609375 0.26660156250000006
5 0.492431640625 0.15527343750000008 0.414306640625 0.15527343750000008 0.414306640625 0.2659505208333334 0.492431640625 0.2659505208333334
32 0.46484375 0.5179036458333334 0.38525390625 0.5179036458333334 0.38525390625 0.6012369791666667 0.46484375 0.6012369791666669
1 0.53955078125 0.5732421875000001 0.47119140625 0.5732421875000001 0.47119140625000006 0.6780598958333334 0.53955078125 0.6780598958333334
29 0.523193359375 0.47753906250000006 0.44921875 0.4775390625 0.44921875 0.5712890625000001 0.523193359375 0.5712890625000001
15 0.579833984375 0.4524739583333335 0.501708984375 0.4524739583333335 0.501708984375 0.5472005208333335 0.579833984375 0.5472005208333335
18 0.593994140625 0.39355468750000017 0.510498046875 0.39355468750000017 0.510498046875 0.47851562500000017 0.593994140625 0.47851562500000017
22 0.61376953125 0.5166015625000001 0.551513671875 0.5166015625000001 0.551513671875 0.6217447916666669 0.61376953125 0.6217447916666669
7 0.709716796875 0.6162109375000001 0.6279296875 0.6162109375000001 0.6279296875 0.7184244791666666 0.709716796875 0.7184244791666666
8 0.73583984375 0.4241536458333335 0.656982421875 0.4241536458333335 0.656982421875 0.5152994791666669 0.73583984375 0.5152994791666669
9 0.6884765625 0.3245442708333334 0.615966796875 0.3245442708333334 0.615966796875 0.4371744791666668 0.6884765625 0.4371744791666668
19 0.6162109375 0.11653645833333343 0.5341796875 0.11653645833333341 0.5341796875 0.23632812500000008 0.6162109375 0.23632812500000008
9 0.622314453125 0.2161458333333334 0.541259765625 0.2161458333333334 0.541259765625 0.3011067708333334 0.622314453125 0.3011067708333334
13 0.542236328125 0.23828125000000008 0.480712890625 0.23828125000000008 0.480712890625 0.35058593750000017 0.542236328125 0.35058593750000017
26 0.486083984375 0.2679036458333334 0.40966796875 0.2679036458333334 0.40966796875 0.3831380208333334 0.486083984375 0.3831380208333335
8 0.4868164062500001 0.8681640625 0.4025878906250001 0.8681640625 0.4025878906250001 0.9713541666666666 0.4868164062500001 0.9713541666666666
32 0.713623046875 0.8603515625 0.63134765625 0.8603515625 0.63134765625 0.9801432291666666 0.713623046875 0.9801432291666666
27 0.060546875000000056 0.5325520833333334 4.891411531750659e-17 0.5325520833333334 5.3249412824253815e-17 0.626953125 0.060546875000000056 0.626953125
27 0.04956054687500005 0.4436848958333333 0.0004882812500000408 0.4436848958333333 0.0004882812500000455 0.546875 0.049560546875000056 0.546875
9 0.050292968750000035 0.2939453125 0.0004882812500000271 0.2939453125 0.0004882812500000318 0.3961588541666667 0.05029296875000004 0.3961588541666667
9 0.694580078125 0.9348958333333334 0.613525390625 0.9348958333333334 0.613525390625 1 0.694580078125 1
27 0.7392578125 0.9417317708333334 0.68798828125 0.9417317708333334 0.68798828125 1 0.7392578125 1