29 0.59033203125 0.8427734375 0.508544921875 0.8427734375 0.508544921875 0.9602864583333334 0.59033203125 0.9602864583333334
32 0.75390625 0.7122395833333334 0.667236328125 0.7122395833333334 0.667236328125 0.8232421875 0.75390625 0.8232421875
23 0.533203125 0.6946614583333334 0.4499511718750001 0.6946614583333334 0.4499511718750001 0.8030598958333334 0.533203125 0.8030598958333334
27 0.4262695312500001 0.7242838541666666 0.3444824218750001 0.7242838541666666 0.3444824218750001 0.8216145833333334 0.4262695312500001 0.8216145833333334
32 0.41015625000000006 0.546875 0.3466796875 0.546875 0.34667968750000006 0.6451822916666666 0.4101562500000001 0.6451822916666666
21 0.420654296875 0.435546875 0.36328125 0.435546875 0.36328125 0.53125 0.420654296875 0.53125
6 0.33447265625 0.33007812500000006 0.26025390625 0.33007812500000006 0.26025390625 0.4248046875 0.33447265625 0.4248046875
31 0.398681640625 0.30729166666666674 0.32080078125 0.30729166666666674 0.32080078125 0.4013671875 0.398681640625 0.4013671875
8 0.567626953125 0.3453776041666668 0.490966796875 0.3453776041666668 0.490966796875 0.45117187500000017 0.567626953125 0.45117187500000017
26 0.518310546875 0.2864583333333334 0.4423828125 0.2864583333333334 0.4423828125 0.39257812500000006 0.518310546875 0.39257812500000017
0 0.5126953125 0.19694010416666674 0.434814453125 0.19694010416666674 0.434814453125 0.3030598958333334 0.5126953125 0.3030598958333334
20 0.637451171875 0.0976562500000001 0.56591796875 0.09765625000000007 0.56591796875 0.19010416666666674 0.637451171875 0.19010416666666674
24 0.658935546875 0.15266927083333345 0.582763671875 0.15266927083333345 0.582763671875 0.2473958333333334 0.658935546875 0.2473958333333334
21 0.699462890625 0.22428385416666677 0.6298828125 0.22428385416666674 0.6298828125 0.33398437500000017 0.699462890625 0.33398437500000017
31 0.779541015625 0.20312500000000014 0.705810546875 0.20312500000000014 0.705810546875 0.3167317708333335 0.779541015625 0.3167317708333335
31 0.999755859375 0.051432291666666824 0.93896484375 0.05143229166666682 0.93896484375 0.15332031250000014 0.999755859375 0.15332031250000014
0 1 0.19889322916666682 0.940185546875 0.19889322916666682 0.940185546875 0.27343750000000017 1 0.27343750000000017
31 0.889892578125 1.3821127775533443e-16 0.802978515625 1.311153425258999e-16 0.802978515625 0.07161458333333347 0.889892578125 0.07161458333333348
14 0.999755859375 1.5804401807355734e-16 0.93603515625 1.528416610654607e-16 0.93603515625 0.05794270833333349 0.999755859375 0.0579427083333335
32 0.4592285156250001 0.6406250000000001 0.3808593750000001 0.640625 0.3808593750000001 0.7268880208333334 0.4592285156250001 0.7268880208333334
5 0.495361328125 0.42154947916666674 0.41796875 0.4215494791666667 0.41796875 0.5133463541666667 0.495361328125 0.5133463541666669
1 0.7041015625 0.8196614583333334 0.649169921875 0.8196614583333334 0.649169921875 0.927734375 0.7041015625 0.927734375
8 0.7529296875 0.3655598958333335 0.6953125 0.3655598958333335 0.6953125 0.4651692708333335 0.7529296875 0.4651692708333335
17 0.784423828125 0.5000000000000001 0.722900390625 0.5000000000000001 0.722900390625 0.6002604166666669 0.784423828125 0.6002604166666669
14 0.69091796875 0.4977213541666668 0.615234375 0.4977213541666668 0.615234375 0.5761718750000001 0.69091796875 0.5761718750000001
19 0.603515625 0.5566406250000001 0.523681640625 0.5566406250000001 0.523681640625 0.6536458333333335 0.603515625 0.6536458333333335
31 0.595947265625 9.232688759196843e-17 0.534912109375 8.734378700950035e-17 0.534912109375 0.053059895833333426 0.595947265625 0.053059895833333426
31 0.9306640625 1.4841666774822905e-16 0.88720703125 1.4486870013351176e-16 0.88720703125 0.019205729166666814 0.9306640625 0.01920572916666682