1 0.080322265625 6.557760366527982e-18 0 0 5.785379776245431e-18 0.1259765625 0.080322265625 0.1259765625
5 0.04370117187500002 0.1123046875 1.0315018205708907e-17 0.1123046875 1.6085448680206933e-17 0.23795572916666666 0.04370117187500003 0.23795572916666666
33 0.14013671875 0.12239583333333336 0.016845703125000014 0.12239583333333333 0.01684570312500002 0.2649739583333333 0.14013671875 0.2649739583333333
13 0.10937500000000004 0.3115234375 2.861296354453167e-17 0.3115234375 3.608761441823378e-17 0.4742838541666667 0.10937500000000006 0.4742838541666667
17 0.13037109375000006 0.4544270833333333 0.01806640625000004 0.4544270833333333 0.01806640625000005 0.6321614583333334 0.13037109375000006 0.6321614583333334
32 0.3234863281250001 0.7223307291666666 0.20483398437500006 0.7223307291666666 0.20483398437500006 0.90234375 0.3234863281250001 0.90234375
4 0.22949218750000006 0.6409505208333334 0.10083007812500006 0.6409505208333334 0.10083007812500007 0.8134765625 0.22949218750000006 0.8134765625
20 0.30468750000000006 0.5686848958333334 0.16625976562500006 0.5686848958333334 0.16625976562500006 0.7239583333333334 0.3046875000000001 0.7239583333333334
16 0.38598632812500006 0.4996744791666667 0.26025390625 0.4996744791666667 0.26025390625000006 0.6692708333333334 0.3859863281250001 0.6692708333333334
32 0.46728515625000006 0.5527343750000001 0.340087890625 0.552734375 0.34008789062500006 0.736328125 0.4672851562500001 0.736328125
21 0.67138671875 0.677734375 0.52392578125 0.677734375 0.52392578125 0.8522135416666666 0.67138671875 0.8522135416666666
9 0.6103515625 0.5930989583333335 0.46630859375 0.5930989583333335 0.46630859375000006 0.76171875 0.6103515625 0.76171875
19 0.667236328125 0.4632161458333335 0.554443359375 0.4632161458333335 0.554443359375 0.6451822916666669 0.667236328125 0.6451822916666669
13 0.58251953125 0.49023437500000006 0.436767578125 0.490234375 0.43676757812500006 0.6559244791666667 0.58251953125 0.6559244791666669
3 0.56689453125 0.34375000000000006 0.427978515625 0.34375 0.427978515625 0.5201822916666667 0.56689453125 0.5201822916666669
28 0.48974609375 0.4065755208333334 0.34423828125 0.4065755208333333 0.34423828125 0.5911458333333334 0.48974609375 0.5911458333333335
12 0.381103515625 0.3385416666666667 0.269775390625 0.3385416666666667 0.269775390625 0.5100911458333334 0.381103515625 0.5100911458333334
30 0.48583984375 0.27213541666666674 0.3515625 0.27213541666666674 0.3515625 0.4173177083333334 0.48583984375 0.4173177083333335
27 0.54541015625 0.14029947916666674 0.413818359375 0.14029947916666674 0.413818359375 0.2913411458333334 0.54541015625 0.2913411458333334
10 0.427001953125 0.12272135416666673 0.30322265625 0.1227213541666667 0.30322265625 0.30078125000000006 0.427001953125 0.30078125000000006
8 0.36572265625 0.03613281250000005 0.240966796875 0.036132812500000035 0.240966796875 0.1751302083333334 0.36572265625 0.1751302083333334
33 0.265380859375 0.02083333333333337 0.147216796875 0.02083333333333336 0.147216796875 0.18489583333333337 0.265380859375 0.1848958333333334
14 0.321044921875 0.13476562500000003 0.202880859375 0.13476562500000003 0.202880859375 0.26106770833333337 0.321044921875 0.2610677083333334
7 0.234619140625 0.17708333333333337 0.11474609375000003 0.17708333333333334 0.11474609375000003 0.28645833333333337 0.234619140625 0.2864583333333334
29 0.18359375000000003 0.2747395833333333 0.09106445312500003 0.2747395833333333 0.09106445312500003 0.4215494791666667 0.18359375000000006 0.4215494791666667
15 0.258056640625 0.2594401041666667 0.1650390625 0.2594401041666667 0.16503906250000003 0.4186197916666667 0.258056640625 0.4186197916666667
28 0.23095703125000006 0.41796875 0.10888671875000003 0.41796875 0.10888671875000004 0.5794270833333334 0.23095703125000006 0.5794270833333334
24 0.31469726562500006 0.4300130208333333 0.18920898437500006 0.4300130208333333 0.18920898437500006 0.6142578125 0.3146972656250001 0.6142578125
16 0.20068359375000006 0.5266927083333334 0.07202148437500006 0.5266927083333334 0.07202148437500006 0.6923828125 0.20068359375000006 0.6923828125
23 0.3310546875 0.2288411458333334 0.22998046875 0.2288411458333334 0.22998046875000003 0.3932291666666667 0.3310546875 0.3932291666666667
6 0.4921875 0.02083333333333341 0.38623046875 0.020833333333333398 0.38623046875 0.18326822916666674 0.4921875 0.18326822916666674
9 0.7255859375 0.20833333333333345 0.58056640625 0.2083333333333334 0.58056640625 0.4059244791666668 0.7255859375 0.4059244791666668
25 0.61865234375 0.029296875000000087 0.479248046875 0.029296875000000073 0.479248046875 0.19303385416666674 0.61865234375 0.19303385416666674
26 0.683837890625 0.1181640625000001 0.54345703125 0.11816406250000007 0.54345703125 0.3027343750000001 0.683837890625 0.30273437500000017
20 0.433349609375 6.015599023155456e-17 0.303466796875 4.95519521920625e-17 0.303466796875 0.1256510416666667 0.433349609375 0.12565104166666674