25 0.45703125 0.4954427083333334 0.400146484375 0.4954427083333333 0.400146484375 0.5891927083333334 0.45703125 0.5891927083333335
33 0.58642578125 0.5270182291666669 0.528564453125 0.5270182291666669 0.528564453125 0.5976562500000001 0.58642578125 0.5976562500000001
15 0.4460449218750001 0.6741536458333334 0.3845214843750001 0.6741536458333334 0.3845214843750001 0.7688802083333334 0.4460449218750001 0.7688802083333334
21 0.3901367187500001 0.7044270833333334 0.3247070312500001 0.7044270833333334 0.3247070312500001 0.8024088541666666 0.3901367187500001 0.8024088541666666
27 0.580810546875 0.11100260416666675 0.511962890625 0.11100260416666674 0.511962890625 0.20898437500000008 0.580810546875 0.20898437500000008
13 0.53125 0.1321614583333334 0.469482421875 0.1321614583333334 0.469482421875 0.22819010416666674 0.53125 0.22819010416666674
28 0.656494140625 0.16894531250000008 0.5830078125 0.16894531250000008 0.5830078125 0.25651041666666674 0.656494140625 0.25651041666666674
8 0.718505859375 0.12272135416666678 0.652099609375 0.12272135416666678 0.652099609375 0.2050781250000001 0.718505859375 0.20507812500000014
16 0.6123046875 0.05436197916666676 0.569580078125 0.05436197916666676 0.569580078125 0.14713541666666677 0.6123046875 0.14713541666666677
14 0.661865234375 0.08593750000000011 0.605712890625 0.08593750000000011 0.605712890625 0.1829427083333334 0.661865234375 0.1829427083333334
16 0.606689453125 0.6015625000000001 0.533203125 0.6015625000000001 0.533203125 0.6910807291666666 0.606689453125 0.6910807291666666
9 0.513916015625 0.21093750000000008 0.443603515625 0.21093750000000008 0.443603515625 0.30371093750000006 0.513916015625 0.30371093750000006
6 0.53271484375 0.7317708333333334 0.4599609375000001 0.7317708333333334 0.4599609375000001 0.8151041666666666 0.53271484375 0.8151041666666666
20 0.681640625 0.5680338541666669 0.611328125 0.5680338541666669 0.611328125 0.6744791666666666 0.681640625 0.6744791666666666
30 0.734375 0.6761067708333334 0.66552734375 0.6761067708333334 0.66552734375 0.7815755208333334 0.734375 0.7815755208333334
22 0.627197265625 0.7600911458333334 0.54833984375 0.7600911458333334 0.54833984375 0.8561197916666666 0.627197265625 0.8561197916666666
7 0.4619140625000001 0.7864583333333334 0.3867187500000001 0.7864583333333334 0.3867187500000001 0.8831380208333334 0.4619140625000001 0.8831380208333334
31 0.4082031250000001 0.8138020833333334 0.3491210937500001 0.8138020833333334 0.3491210937500001 0.91796875 0.4082031250000001 0.91796875
19 0.50830078125 0.8095703125 0.4514160156250001 0.8095703125 0.4514160156250001 0.90625 0.50830078125 0.90625
32 0.5634765625 0.8053385416666666 0.4995117187500001 0.8053385416666666 0.4995117187500001 0.9189453125 0.5634765625 0.9189453125
32 0.700439453125 0.7727864583333334 0.626220703125 0.7727864583333334 0.626220703125 0.8642578125 0.700439453125 0.8642578125
31 0.754150390625 0.853515625 0.701904296875 0.853515625 0.701904296875 0.9599609375 0.754150390625 0.9599609375
18 0.672119140625 0.7034505208333334 0.6025390625 0.7034505208333334 0.6025390625 0.7887369791666666 0.672119140625 0.7887369791666666
5 0.647705078125 0.8271484375 0.575927734375 0.8271484375 0.575927734375 0.9306640625 0.647705078125 0.9306640625
18 0.695068359375 0.8714192708333334 0.62060546875 0.8714192708333334 0.62060546875 0.9830729166666666 0.695068359375 0.9830729166666666
29 0.609130859375 0.8883463541666666 0.5458984375 0.8883463541666666 0.5458984375 0.9840494791666666 0.609130859375 0.9840494791666666