18 0.474365234375 0.27506510416666674 0.353759765625 0.27506510416666674 0.353759765625 0.4358723958333334 0.474365234375 0.4358723958333335
33 0.4731445312500001 0.6985677083333334 0.3422851562500001 0.6985677083333334 0.3422851562500001 0.8518880208333334 0.4731445312500001 0.8518880208333334
31 0.248291015625 0.15820312500000003 0.1259765625 0.15820312500000003 0.1259765625 0.2740885416666667 0.248291015625 0.27408854166666674
5 0.12475585937500001 0.11946614583333336 0.030029296875000014 0.11946614583333333 0.03002929687500002 0.2763671875 0.12475585937500003 0.2763671875
7 0.34375 0.04394531250000005 0.218994140625 0.043945312500000035 0.218994140625 0.2037760416666667 0.34375 0.20377604166666674
7 0.448486328125 0.015625000000000066 0.330810546875 0.015625000000000056 0.330810546875 0.16503906250000006 0.448486328125 0.16503906250000008
32 0.68310546875 0.7822265625 0.589111328125 0.7822265625 0.589111328125 0.9495442708333334 0.68310546875 0.9495442708333334
33 0.162841796875 1.6703353152432973e-17 0.041748046875 6.816881596816321e-18 0.04174804687500001 0.11523437500000001 0.162841796875 0.11523437500000004
33 0.283447265625 3.539994653785318e-17 0.150146484375 2.451685486574291e-17 0.150146484375 0.1061197916666667 0.283447265625 0.1061197916666667
33 0.385498046875 5.658809021450741e-17 0.3076171875 5.022965387127816e-17 0.3076171875 0.04459635416666672 0.385498046875 0.04459635416666672
33 0.512939453125 7.42282662764444e-17 0.396240234375 6.470057796276543e-17 0.396240234375 0.11035156250000007 0.512939453125 0.11035156250000007
33 0.582275390625 8.828060991900435e-17 0.4990234375 8.14836607245179e-17 0.4990234375 0.06868489583333341 0.582275390625 0.06868489583333343
33 0.058349609375 4.7638441568394764e-18 0 0 3.453288703650374e-18 0.07519531250000001 0.058349609375 0.07519531250000001
33 0.05029296875000002 0.0966796875 8.879885237958103e-18 0.0966796875 1.6623623543113487e-17 0.2652994791666667 0.05029296875000003 0.2652994791666667
27 0.56396484375 0.11881510416666674 0.4462890625 0.11881510416666674 0.4462890625 0.2639973958333334 0.56396484375 0.2639973958333334
16 0.6552734375 0.5240885416666669 0.546875 0.5240885416666669 0.546875 0.6988932291666666 0.6552734375 0.6988932291666666
20 0.60009765625 0.7008463541666666 0.4799804687500001 0.7008463541666666 0.4799804687500001 0.8805338541666666 0.60009765625 0.8805338541666666
33 0.51416015625 0.8642578125 0.3940429687500001 0.8642578125 0.3940429687500001 1 0.51416015625 1
33 0.5791015625 0.9524739583333334 0.4992675781250001 0.9524739583333334 0.4992675781250001 0.9996744791666666 0.5791015625 0.9996744791666666
33 0.3986816406250001 0.9127604166666666 0.2800292968750001 0.9127604166666666 0.2800292968750001 0.9996744791666666 0.3986816406250001 0.9996744791666666