33 0.346435546875 0.19108072916666674 0.2294921875 0.19108072916666674 0.22949218750000003 0.3561197916666667 0.346435546875 0.3561197916666667
17 0.13476562500000006 0.3580729166666667 0.04638671875000003 0.3580729166666667 0.046386718750000035 0.4856770833333333 0.13476562500000006 0.4856770833333333
8 0.798095703125 0.44921875000000017 0.67529296875 0.44921875000000017 0.67529296875 0.5745442708333335 0.798095703125 0.5745442708333335
26 0.597412109375 0.4049479166666668 0.459716796875 0.4049479166666668 0.459716796875 0.5823567708333335 0.597412109375 0.5823567708333335
15 0.681884765625 0.10123697916666675 0.536376953125 0.10123697916666674 0.536376953125 0.2760416666666668 0.681884765625 0.2760416666666668
25 0.64013671875 0.22330729166666674 0.525390625 0.22330729166666674 0.525390625 0.3958333333333335 0.64013671875 0.3958333333333335
7 0.500732421875 0.18164062500000008 0.390869140625 0.18164062500000008 0.390869140625 0.3069661458333334 0.500732421875 0.3069661458333334
21 0.49072265625 0.29101562500000006 0.374267578125 0.29101562500000006 0.374267578125 0.41569010416666674 0.49072265625 0.4156901041666668
21 0.494384765625 0.40592447916666674 0.370849609375 0.4059244791666667 0.370849609375 0.5491536458333334 0.494384765625 0.5491536458333335
5 0.45263671875000006 0.5113932291666666 0.330810546875 0.5113932291666666 0.33081054687500006 0.6624348958333334 0.4526367187500001 0.6624348958333334
29 0.4682617187500001 0.66796875 0.3596191406250001 0.66796875 0.3596191406250001 0.8209635416666666 0.4682617187500001 0.8209635416666666
18 0.3352050781250001 0.6627604166666666 0.23657226562500006 0.6627604166666666 0.23657226562500006 0.7639973958333334 0.3352050781250001 0.7639973958333334
31 0.4111328125 0.2122395833333334 0.31005859375 0.2122395833333334 0.31005859375 0.3600260416666667 0.4111328125 0.3600260416666667
23 0.798095703125 0.07812500000000012 0.658203125 0.07812500000000011 0.658203125 0.24479166666666677 0.798095703125 0.24479166666666682
32 0.895263671875 0.1246744791666668 0.76025390625 0.12467447916666678 0.76025390625 0.34472656250000017 0.895263671875 0.34472656250000017
32 0.37963867187500006 0.4404296875 0.24829101562500006 0.4404296875 0.24829101562500006 0.6083984375 0.3796386718750001 0.6083984375
27 0.9892578125 0.04720052083333348 0.833251953125 0.04720052083333346 0.833251953125 0.2542317708333335 0.9892578125 0.2542317708333335
27 0.840087890625 1.255741346781954e-16 0.697998046875 1.1397347652220971e-16 0.697998046875 0.1510416666666668 0.840087890625 0.15104166666666682
19 0.549072265625 0.05664062500000008 0.46240234375 0.056640625000000076 0.46240234375 0.20768229166666674 0.549072265625 0.20768229166666674
17 0.5048828125 0.6116536458333334 0.4055175781250001 0.6116536458333334 0.4055175781250001 0.7805989583333334 0.5048828125 0.7805989583333334
22 0.590576171875 0.5999348958333335 0.46875 0.5999348958333335 0.46875000000000006 0.7819010416666666 0.590576171875 0.7819010416666666
19 0.627685546875 0.7503255208333334 0.50146484375 0.7503255208333334 0.50146484375 0.9039713541666666 0.627685546875 0.9039713541666666
1 0.70361328125 0.6344401041666669 0.56640625 0.6344401041666669 0.56640625 0.7939453125 0.70361328125 0.7939453125
0 0.68798828125 0.4134114583333335 0.592041015625 0.4134114583333335 0.592041015625 0.5693359375000001 0.68798828125 0.5693359375000001
20 0.57470703125 0.1917317708333334 0.46875 0.1917317708333334 0.46875 0.3597005208333335 0.57470703125 0.3597005208333335
30 0.632080078125 0.5166015625000001 0.510986328125 0.5166015625000001 0.510986328125 0.6826171875 0.632080078125 0.6826171875
22 0.476318359375 0.0725911458333334 0.3671875 0.07259114583333338 0.3671875 0.22167968750000008 0.476318359375 0.22167968750000008
18 0.67724609375 1.0129646864041095e-16 0.5634765625 9.200796915469047e-17 0.5634765625 0.1171875000000001 0.67724609375 0.11718750000000011
16 0.49609375 7.23546204574364e-17 0.39013671875 6.370395784627182e-17 0.39013671875 0.10416666666666674 0.49609375 0.10416666666666674
27 0.583251953125 8.708466577921203e-17 0.4833984375 7.893231322629425e-17 0.4833984375 0.09309895833333343 0.583251953125 0.09309895833333344