22 0.10156250000000006 0.8380681818181818 0.022786458333333384 0.8380681818181818 0.022786458333333384 1 0.10156250000000006 1
16 0.2447916666666667 0.8565340909090909 0.1783854166666667 0.8565340909090909 0.1783854166666667 1 0.24479166666666677 1
11 0.047092013888888944 0.8948863636363636 5.0229653871278156e-17 0.8948863636363636 5.3179649416099256e-17 1 0.04709201388888895 1
11 0.42144097222222227 0.8437500000000001 0.3470052083333333 0.84375 0.34700520833333337 1 0.4214409722222223 1
11 0.4342447916666667 1.0576495083545322e-16 0.357421875 9.550157567214445e-17 0.357421875 0.07670454545454557 0.4342447916666667 0.07670454545454557
29 0.35546875000000006 0.8399621212121212 0.2962239583333333 0.8399621212121212 0.29622395833333337 1 0.3554687500000001 1
26 0.4136284722222222 0.700284090909091 0.3391927083333333 0.7002840909090909 0.3391927083333333 0.8688446969696971 0.4136284722222222 0.8688446969696972
6 0.21614583333333337 0.7305871212121212 0.13650173611111116 0.7305871212121212 0.13650173611111116 0.90625 0.21614583333333337 0.90625
30 0.2771267361111111 0.001420454545454608 0.19010416666666666 0.0014204545454545962 0.19010416666666666 0.1704545454545455 0.2771267361111111 0.1704545454545455
2 0.3148871527777778 0.16761363636363644 0.255859375 0.1676136363636364 0.255859375 0.334753787878788 0.3148871527777778 0.334753787878788
11 0.4301215277777778 0.12405303030303041 0.3641493055555556 0.12405303030303041 0.3641493055555556 0.3143939393939395 0.4301215277777778 0.3143939393939395
18 0.3192274305555556 0.3039772727272728 0.2365451388888889 0.3039772727272728 0.2365451388888889 0.4588068181818183 0.3192274305555556 0.4588068181818183
29 0.3151041666666667 0.4625946969696971 0.2322048611111111 0.4625946969696971 0.2322048611111111 0.6283143939393939 0.3151041666666667 0.6283143939393939
6 0.21310763888888892 0.28835227272727276 0.1304253472222222 0.2883522727272727 0.13042534722222224 0.44839015151515155 0.21310763888888895 0.4483901515151516
4 0.248046875 0.17092803030303036 0.17860243055555555 0.17092803030303036 0.17860243055555555 0.36458333333333337 0.248046875 0.3645833333333334