33 0.321044921875 0.05761718750000005 0.190673828125 0.057617187500000035 0.190673828125 0.23470052083333337 0.321044921875 0.2347005208333334
8 0.391357421875 0.1497395833333334 0.2607421875 0.14973958333333337 0.2607421875 0.29459635416666674 0.391357421875 0.29459635416666674
20 0.46826171875 0.1790364583333334 0.372802734375 0.1790364583333334 0.372802734375 0.35123697916666674 0.46826171875 0.3512369791666668
33 0.4833984375 0.04589843750000006 0.350341796875 0.045898437500000056 0.350341796875 0.20507812500000008 0.4833984375 0.20507812500000008
25 0.600830078125 0.22037760416666674 0.4814453125 0.22037760416666674 0.4814453125 0.3479817708333335 0.600830078125 0.3479817708333335
26 0.865234375 0.052408854166666796 0.711669921875 0.052408854166666775 0.711669921875 0.25976562500000017 0.865234375 0.25976562500000017
10 0.624267578125 0.31640625000000006 0.497314453125 0.31640625000000006 0.497314453125 0.4576822916666668 0.624267578125 0.4576822916666668
13 0.289306640625 0.27669270833333337 0.18798828125 0.2766927083333333 0.18798828125000003 0.4345703125 0.289306640625 0.4345703125
28 0.28955078125 0.4075520833333333 0.19604492187500006 0.4075520833333333 0.19604492187500006 0.5651041666666666 0.28955078125 0.5651041666666666
24 0.395751953125 0.4479166666666667 0.272705078125 0.4479166666666667 0.272705078125 0.5872395833333334 0.395751953125 0.5872395833333334
23 0.59521484375 0.5445963541666669 0.487060546875 0.5445963541666669 0.48706054687500006 0.7138671875 0.59521484375 0.7138671875
14 0.497314453125 0.3411458333333334 0.389892578125 0.3411458333333333 0.389892578125 0.4466145833333334 0.497314453125 0.4466145833333335
7 0.397705078125 0.25195312500000006 0.267333984375 0.25195312500000006 0.267333984375 0.3909505208333333 0.397705078125 0.3909505208333333
29 0.397705078125 0.3528645833333333 0.270263671875 0.3528645833333333 0.270263671875 0.4889322916666667 0.397705078125 0.4889322916666667
20 0.32470703125000006 0.5553385416666666 0.20336914062500006 0.5553385416666666 0.20336914062500006 0.7389322916666666 0.3247070312500001 0.7389322916666666
16 0.23510742187500006 0.4954427083333333 0.11132812500000006 0.4954427083333333 0.11132812500000006 0.6171875 0.23510742187500006 0.6171875
13 0.4704589843750001 0.6979166666666666 0.3332519531250001 0.6979166666666666 0.3332519531250001 0.87890625 0.4704589843750001 0.87890625
15 0.499267578125 0.43164062500000006 0.378173828125 0.431640625 0.378173828125 0.5709635416666667 0.499267578125 0.5709635416666669
3 0.42651367187500006 0.5445963541666666 0.287109375 0.5445963541666666 0.28710937500000006 0.7184244791666666 0.4265136718750001 0.7184244791666666
4 0.2519531250000001 0.6803385416666666 0.12915039062500006 0.6803385416666666 0.12915039062500006 0.8196614583333334 0.2519531250000001 0.8196614583333334
28 0.3876953125000001 0.83203125 0.2541503906250001 0.83203125 0.2541503906250001 0.9993489583333334 0.3876953125000001 0.9993489583333334
30 0.3212890625000001 0.7434895833333334 0.18701171875000006 0.7434895833333334 0.18701171875000008 0.9358723958333334 0.3212890625000001 0.9358723958333334
9 0.599609375 0.1113281250000001 0.481201171875 0.11132812500000007 0.481201171875 0.2425130208333334 0.599609375 0.2425130208333334
26 0.11669921875 9.527688313678953e-18 0 0 3.886818454325096e-18 0.08463541666666669 0.11669921875 0.0846354166666667
26 0.03027343750000001 0.07096354166666667 6.517895561868237e-18 0.07096354166666667 1.1331570724532394e-17 0.17578125 0.030273437500000014 0.17578125
26 0.09521484375000004 0.4326171875 3.97352440446004e-17 0.4326171875 4.8047055816157144e-17 0.6136067708333334 0.09521484375000006 0.6136067708333334
26 0.019287109375000038 0.3860677083333333 3.5459743744842795e-17 0.3860677083333333 3.7986175740154107e-17 0.4410807291666667 0.01928710937500004 0.4410807291666667
26 0.762451171875 0.9482421875 0.666015625 0.9482421875 0.666015625 0.9993489583333334 0.762451171875 0.9993489583333334