8 0.7555338541666666 0.13476562500000006 0.609375 0.13476562500000006 0.609375 0.24853515625000006 0.7555338541666666 0.24853515625000006
20 0.5221354166666666 0.304443359375 0.3616536458333333 0.304443359375 0.3616536458333333 0.393798828125 0.5221354166666666 0.393798828125
28 0.35937500000000017 0.6376953125 0.15787760416666677 0.6376953125 0.15787760416666677 0.767578125 0.35937500000000017 0.767578125
1 0.6350911458333334 0.17285156250000006 0.4847005208333333 0.17285156250000006 0.4847005208333333 0.28247070312500006 0.6350911458333334 0.2824707031250001
30 0.17805989583333337 0.132568359375 0.01920572916666669 0.132568359375 0.0192057291666667 0.2666015625 0.1780598958333334 0.2666015625
4 0.3860677083333333 0.045410156250000035 0.2513020833333333 0.04541015625000003 0.2513020833333333 0.14868164062500003 0.3860677083333333 0.14868164062500006
29 0.8362630208333334 0.23559570312500006 0.6731770833333334 0.23559570312500006 0.6731770833333334 0.3237304687500001 0.8362630208333334 0.3237304687500001
16 0.78515625 0.3544921875000001 0.6178385416666666 0.3544921875000001 0.6178385416666667 0.4768066406250001 0.78515625 0.4768066406250001
11 0.6848958333333334 0.29077148437500006 0.5218098958333334 0.290771484375 0.5218098958333334 0.38745117187500006 0.6848958333333334 0.3874511718750001
7 0.6139322916666667 0.36401367187500006 0.4381510416666667 0.364013671875 0.43815104166666674 0.47460937500000006 0.6139322916666669 0.4746093750000001
6 0.6790364583333334 0.43505859375000006 0.4990234375 0.43505859375 0.49902343750000006 0.556396484375 0.6790364583333334 0.556396484375
31 0.5784505208333335 0.579345703125 0.3929036458333335 0.579345703125 0.3929036458333335 0.71875 0.5784505208333335 0.71875
0 0.37207031250000017 0.505126953125 0.19628906250000008 0.505126953125 0.19628906250000008 0.65185546875 0.37207031250000017 0.65185546875
2 0.4889322916666668 0.695068359375 0.30175781250000017 0.695068359375 0.30175781250000017 0.85595703125 0.4889322916666668 0.85595703125
25 0.4527994791666667 0.12719726562500003 0.2965494791666667 0.127197265625 0.2965494791666667 0.24316406250000003 0.4527994791666667 0.24316406250000006
3 0.38769531250000006 0.337890625 0.22135416666666674 0.337890625 0.22135416666666674 0.4833984375 0.38769531250000017 0.4833984375
27 0.8850911458333334 0.051757812500000076 0.6998697916666666 0.05175781250000007 0.6998697916666666 0.18139648437500006 0.8850911458333334 0.18139648437500006