19 0.855712890625 1.3157378777948695e-16 0.755859375 1.234214352265692e-16 0.755859375 0.09407552083333347 0.855712890625 0.09407552083333348
30 0.447998046875 0.0006510416666667307 0.336669921875 0.0006510416666667216 0.336669921875 0.17252604166666674 0.447998046875 0.17252604166666674
26 0.526611328125 0.09472656250000007 0.422119140625 0.09472656250000007 0.422119140625 0.26041666666666674 0.526611328125 0.26041666666666674
22 0.6982421875 0.2226562500000001 0.5810546875 0.22265625000000008 0.5810546875 0.38476562500000017 0.6982421875 0.38476562500000017
29 0.802978515625 0.3557942708333335 0.703125 0.3557942708333335 0.703125 0.5100911458333335 0.802978515625 0.5100911458333335
8 0.614013671875 0.28287760416666674 0.49853515625 0.28287760416666674 0.49853515625 0.4459635416666668 0.614013671875 0.4459635416666668
23 0.777099609375 0.5618489583333335 0.66357421875 0.5618489583333335 0.66357421875 0.6884765625 0.777099609375 0.6884765625
18 0.662841796875 0.5774739583333335 0.58935546875 0.5774739583333335 0.58935546875 0.7200520833333334 0.662841796875 0.7200520833333334
27 0.615966796875 0.6715494791666666 0.514892578125 0.6715494791666666 0.514892578125 0.8326822916666666 0.615966796875 0.8326822916666666
32 0.535400390625 0.6744791666666666 0.4340820312500001 0.6744791666666666 0.4340820312500001 0.8343098958333334 0.535400390625 0.8343098958333334
6 0.47143554687500006 0.5751953125000001 0.350830078125 0.5751953125 0.35083007812500006 0.72265625 0.4714355468750001 0.72265625
21 0.5078125 0.4768880208333334 0.397705078125 0.4768880208333333 0.397705078125 0.5986328125000001 0.5078125 0.5986328125000001
5 0.61962890625 0.4733072916666668 0.513427734375 0.4733072916666668 0.513427734375 0.5843098958333335 0.61962890625 0.5843098958333335
1 0.488037109375 0.32519531250000006 0.4033203125 0.32519531250000006 0.4033203125 0.46679687500000006 0.488037109375 0.46679687500000017
31 0.336181640625 0.3841145833333333 0.22143554687500006 0.3841145833333333 0.22143554687500006 0.5052083333333334 0.336181640625 0.5052083333333334
32 0.22607421875000006 0.3997395833333333 0.13232421875000006 0.3997395833333333 0.13232421875000006 0.5439453125 0.22607421875000006 0.5439453125
33 0.370361328125 0.28287760416666674 0.26611328125 0.28287760416666674 0.26611328125 0.3883463541666667 0.370361328125 0.3883463541666667
0 0.444091796875 0.17480468750000008 0.336669921875 0.17480468750000008 0.336669921875 0.3359375 0.444091796875 0.3359375