25 0.684814453125 0.5364583333333335 0.540283203125 0.5364583333333335 0.540283203125 0.6858723958333334 0.684814453125 0.6858723958333334
6 0.68798828125 0.3463541666666668 0.552978515625 0.3463541666666668 0.552978515625 0.5462239583333335 0.68798828125 0.5462239583333335
15 0.138916015625 0.0019531250000000117 0.003173828125 0.0019531250000000004 0.0031738281250000074 0.16406250000000003 0.138916015625 0.16406250000000003
9 0.13159179687500006 0.6162109375 5.659805641567235e-17 0.6162109375 6.443149053131216e-17 0.7867838541666666 0.13159179687500006 0.7867838541666666
21 0.3701171875000001 0.7298177083333334 0.21875000000000006 0.7298177083333334 0.21875000000000006 0.8987630208333334 0.3701171875000001 0.8987630208333334
3 0.36035156250000006 0.5576171875 0.22387695312500006 0.5576171875 0.22387695312500006 0.7548828125 0.3603515625000001 0.7548828125
27 0.49096679687500006 0.5683593750000001 0.377197265625 0.568359375 0.37719726562500006 0.7473958333333334 0.4909667968750001 0.7473958333333334
10 0.494140625 0.3870442708333334 0.354736328125 0.3870442708333333 0.354736328125 0.5777994791666667 0.494140625 0.5777994791666669
28 0.399658203125 0.3590494791666667 0.265625 0.3590494791666667 0.265625 0.5419921875 0.399658203125 0.5419921875
26 0.259521484375 0.4095052083333333 0.13085937500000006 0.4095052083333333 0.13085937500000006 0.5377604166666666 0.259521484375 0.5377604166666666
7 0.3515625 0.26171875000000006 0.215576171875 0.26171875 0.21557617187500003 0.4427083333333333 0.3515625 0.4427083333333333
24 0.42626953125 0.17187500000000008 0.288330078125 0.17187500000000008 0.288330078125 0.3372395833333333 0.42626953125 0.3372395833333333
12 0.515869140625 0.2093098958333334 0.3828125 0.2093098958333334 0.3828125 0.39811197916666674 0.515869140625 0.3981119791666668
30 0.60009765625 0.2972005208333334 0.449462890625 0.2972005208333334 0.449462890625 0.49088541666666674 0.60009765625 0.4908854166666668
23 0.683349609375 0.17936197916666677 0.539794921875 0.17936197916666674 0.539794921875 0.3684895833333335 0.683349609375 0.3684895833333335
20 0.784912109375 0.23567708333333345 0.648193359375 0.2356770833333334 0.648193359375 0.4388020833333335 0.784912109375 0.4388020833333335
5 0.90478515625 0.4791666666666668 0.73583984375 0.4791666666666668 0.73583984375 0.6666666666666666 0.90478515625 0.6666666666666666
9 0.96484375 0.2727864583333335 0.794921875 0.2727864583333335 0.794921875 0.4807942708333335 0.96484375 0.4807942708333335