6 0.20947265625 0.09179687500000001 0.07861328125 0.091796875 0.07861328125000001 0.21875 0.20947265625 0.21875
8 0.51904296875 0.19108072916666674 0.42138671875 0.19108072916666674 0.42138671875 0.35807291666666674 0.51904296875 0.3580729166666668
7 0.87158203125 0.3942057291666668 0.721435546875 0.3942057291666668 0.721435546875 0.5908203125000001 0.87158203125 0.5908203125000001
24 0.474609375 0.33203125000000006 0.341064453125 0.33203125000000006 0.341064453125 0.48404947916666674 0.474609375 0.4840494791666668
28 0.28491210937500006 0.5071614583333334 0.16088867187500006 0.5071614583333334 0.16088867187500006 0.6875 0.2849121093750001 0.6875
4 0.41357421875000006 0.5084635416666666 0.26708984375 0.5084635416666666 0.26708984375000006 0.6744791666666666 0.4135742187500001 0.6744791666666666
16 0.31982421875 0.3723958333333333 0.17578125000000006 0.3723958333333333 0.17578125000000006 0.5442708333333334 0.31982421875 0.5442708333333334
20 0.20678710937500006 0.3502604166666667 0.06079101562500003 0.3502604166666667 0.06079101562500004 0.5348307291666666 0.20678710937500006 0.5348307291666666
14 0.255859375 0.1930338541666667 0.1279296875 0.19303385416666666 0.12792968750000003 0.3470052083333333 0.255859375 0.3470052083333333
33 0.352783203125 0.1442057291666667 0.22021484375 0.1442057291666667 0.22021484375000003 0.3424479166666667 0.352783203125 0.3424479166666667
31 0.596435546875 0.5013020833333335 0.45703125 0.5013020833333335 0.45703125000000006 0.677734375 0.596435546875 0.677734375
21 0.668212890625 0.6240234375000001 0.524658203125 0.6240234375000001 0.524658203125 0.8108723958333334 0.668212890625 0.8108723958333334
10 0.793212890625 0.681640625 0.659912109375 0.681640625 0.659912109375 0.8606770833333334 0.793212890625 0.8606770833333334
12 0.3830566406250001 0.6412760416666666 0.24023437500000006 0.6412760416666666 0.24023437500000006 0.7877604166666666 0.3830566406250001 0.7877604166666666
20 0.4504394531250001 0.7291666666666666 0.2963867187500001 0.7291666666666666 0.2963867187500001 0.8961588541666666 0.4504394531250001 0.8961588541666666
30 0.502197265625 0.6083984375000001 0.3759765625000001 0.6083984375 0.3759765625000001 0.7405598958333334 0.502197265625 0.7405598958333334
3 0.46435546875 0.42838541666666674 0.323486328125 0.4283854166666667 0.323486328125 0.5859375000000001 0.46435546875 0.5859375000000001
27 0.404541015625 0.06022135416666672 0.260009765625 0.060221354166666706 0.260009765625 0.2278645833333334 0.404541015625 0.2278645833333334
15 0.60107421875 0.3522135416666668 0.48779296875 0.3522135416666668 0.48779296875 0.5214843750000001 0.60107421875 0.5214843750000001
7 0.825927734375 0.07779947916666678 0.724609375 0.07779947916666678 0.724609375 0.2623697916666668 0.825927734375 0.2623697916666668
29 0.94482421875 0.0485026041666668 0.814208984375 0.048502604166666796 0.814208984375 0.2662760416666668 0.94482421875 0.2662760416666668
32 0.72509765625 0.48925781250000017 0.57861328125 0.48925781250000017 0.57861328125 0.7063802083333334 0.72509765625 0.7063802083333334
32 0.623779296875 0.7392578125 0.4865722656250001 0.7392578125 0.4865722656250001 0.9228515625 0.623779296875 0.9228515625
16 0.70654296875 0.8157552083333334 0.5634765625 0.8157552083333334 0.5634765625 0.9996744791666666 0.70654296875 0.9996744791666666
8 0.143310546875 1.3075655928396219e-17 0.016845703125 2.7506715215223757e-18 0.016845703125000003 0.10514322916666669 0.143310546875 0.1051432291666667
13 0.33740234375 0.2887369791666667 0.211181640625 0.2887369791666667 0.21118164062500003 0.4287109375 0.33740234375 0.4287109375