0 0.649169921875 0.31933593750000006 0.55517578125 0.31933593750000006 0.55517578125 0.43066406250000017 0.649169921875 0.43066406250000017
12 0.72998046875 0.35839843750000017 0.630859375 0.35839843750000017 0.630859375 0.4918619791666668 0.72998046875 0.4918619791666668
31 0.61865234375 0.4397786458333335 0.55224609375 0.4397786458333335 0.55224609375 0.5546875000000001 0.61865234375 0.5546875000000001
2 0.30249023437500006 0.4986979166666667 0.20019531250000006 0.4986979166666667 0.20019531250000006 0.6220703125 0.3024902343750001 0.6220703125
21 0.23608398437500006 0.6393229166666666 0.14916992187500006 0.6393229166666666 0.14916992187500006 0.7298177083333334 0.23608398437500006 0.7298177083333334
22 0.23022460937500006 0.7874348958333334 0.14355468750000006 0.7874348958333334 0.14355468750000006 0.8831380208333334 0.23022460937500006 0.8831380208333334
31 0.3312988281250001 0.6735026041666666 0.24438476562500006 0.6735026041666666 0.24438476562500006 0.8011067708333334 0.3312988281250001 0.8011067708333334
1 0.37695312500000006 0.515625 0.2841796875 0.515625 0.28417968750000006 0.646484375 0.3769531250000001 0.646484375
30 0.401123046875 0.4052734375 0.330078125 0.4052734375 0.330078125 0.5211588541666666 0.401123046875 0.5211588541666666
11 0.45922851562500006 0.5146484375000001 0.364501953125 0.5146484375 0.36450195312500006 0.6328125000000001 0.4592285156250001 0.6328125000000001
31 0.51171875 0.5872395833333334 0.417236328125 0.5872395833333334 0.41723632812500006 0.70703125 0.51171875 0.70703125
19 0.4670410156250001 0.7210286458333334 0.3725585937500001 0.7210286458333334 0.3725585937500001 0.8466796875 0.4670410156250001 0.8466796875
7 0.3815917968750001 0.8668619791666666 0.2924804687500001 0.8668619791666666 0.2924804687500001 0.9993489583333334 0.3815917968750001 0.9993489583333334
15 0.4724121093750001 0.8701171875 0.3759765625000001 0.8701171875 0.3759765625000001 0.9967447916666666 0.4724121093750001 0.9967447916666666
0 0.574462890625 0.8199869791666666 0.4946289062500001 0.8199869791666666 0.4946289062500001 0.9169921875 0.574462890625 0.9169921875
6 0.6484375 0.8567708333333334 0.561767578125 0.8567708333333334 0.561767578125 0.9609375 0.6484375 0.9609375
10 0.606689453125 0.5494791666666669 0.51123046875 0.5494791666666669 0.51123046875 0.6582031250000001 0.606689453125 0.6582031250000001
28 0.68701171875 0.7135416666666666 0.618408203125 0.7135416666666666 0.618408203125 0.8372395833333334 0.68701171875 0.8372395833333334
17 0.52685546875 0.6901041666666666 0.4440917968750001 0.6901041666666666 0.4440917968750001 0.8180338541666666 0.52685546875 0.8180338541666666
8 0.501220703125 0.7972005208333334 0.4067382812500001 0.7972005208333334 0.4067382812500001 0.9208984375 0.501220703125 0.9208984375
32 0.4147949218750001 0.9290364583333334 0.3315429687500001 0.9290364583333334 0.3315429687500001 1 0.4147949218750001 1
6 0.61767578125 0.693359375 0.5244140625 0.693359375 0.5244140625 0.8251953125 0.61767578125 0.8251953125
20 0.294189453125 0.007161458333333374 0.1953125 0.007161458333333366 0.1953125 0.15071614583333337 0.294189453125 0.15071614583333337
24 0.21142578125 2.6649621915039245e-17 0.114990234375 1.877632299473969e-17 0.114990234375 0.07747395833333336 0.21142578125 0.07747395833333337