5 0.267578125 0.14550781250000003 0.169189453125 0.14550781250000003 0.169189453125 0.26302083333333337 0.267578125 0.2630208333333334
27 0.38818359375 0.2835286458333334 0.26806640625 0.2835286458333334 0.26806640625 0.4300130208333333 0.38818359375 0.4300130208333333
23 0.326171875 0.23632812500000003 0.21337890625 0.236328125 0.21337890625000003 0.3893229166666667 0.326171875 0.3893229166666667
0 0.747802734375 0.5286458333333335 0.660888671875 0.5286458333333335 0.660888671875 0.6214192708333335 0.747802734375 0.6214192708333335
26 0.767822265625 0.6028645833333335 0.67138671875 0.6028645833333335 0.67138671875 0.7115885416666666 0.767822265625 0.7115885416666666
24 0.7333984375 0.6803385416666666 0.6474609375 0.6803385416666666 0.6474609375 0.775390625 0.7333984375 0.775390625
16 0.568359375 0.15917968750000008 0.4619140625 0.15917968750000008 0.4619140625 0.29752604166666674 0.568359375 0.29752604166666674
28 0.803466796875 0.3118489583333335 0.712158203125 0.3118489583333335 0.712158203125 0.4055989583333335 0.803466796875 0.4055989583333335
11 0.632080078125 0.3118489583333334 0.52587890625 0.3118489583333334 0.52587890625 0.4166666666666668 0.632080078125 0.4166666666666668
2 0.69189453125 0.39941406250000017 0.596923828125 0.39941406250000017 0.596923828125 0.5273437500000001 0.69189453125 0.5273437500000001
1 0.58203125 0.4925130208333335 0.484619140625 0.4925130208333335 0.48461914062500006 0.6246744791666669 0.58203125 0.6246744791666669
20 0.60693359375 0.5944010416666669 0.509765625 0.5944010416666669 0.509765625 0.7024739583333334 0.60693359375 0.7024739583333334
30 0.616943359375 0.6787109375 0.502197265625 0.6787109375 0.502197265625 0.8395182291666666 0.616943359375 0.8395182291666666
14 0.512451171875 0.5468750000000001 0.42041015625 0.546875 0.42041015625000006 0.6728515625 0.512451171875 0.6728515625
11 0.40380859375000006 0.5423177083333334 0.308837890625 0.5423177083333334 0.30883789062500006 0.6712239583333334 0.4038085937500001 0.6712239583333334
33 0.32592773437500006 0.5517578125 0.24072265625000006 0.5517578125 0.24072265625000006 0.6725260416666666 0.3259277343750001 0.6725260416666666
33 0.15380859375000006 0.5533854166666666 0.07812500000000006 0.5533854166666666 0.07812500000000006 0.6669921875 0.15380859375000006 0.6669921875
6 0.404296875 0.1927083333333334 0.30419921875 0.1927083333333334 0.30419921875 0.31510416666666674 0.404296875 0.31510416666666674
8 0.45263671875 0.25097656250000006 0.377685546875 0.25097656250000006 0.377685546875 0.3772786458333333 0.45263671875 0.3772786458333333
7 0.43994140625 0.3600260416666667 0.337158203125 0.3600260416666667 0.337158203125 0.4876302083333333 0.43994140625 0.4876302083333333
31 0.576416015625 0.3961588541666668 0.466064453125 0.3961588541666668 0.466064453125 0.5198567708333335 0.576416015625 0.5198567708333335
25 0.44140625 0.4762369791666667 0.34912109375 0.4762369791666667 0.34912109375 0.5725911458333334 0.44140625 0.5725911458333334
20 0.31494140625 0.4524739583333333 0.21704101562500006 0.4524739583333333 0.21704101562500006 0.5690104166666666 0.31494140625 0.5690104166666666
10 0.2585449218750001 0.6044921875 0.18017578125000006 0.6044921875 0.18017578125000006 0.732421875 0.2585449218750001 0.732421875
4 0.28857421875 0.353515625 0.17602539062500006 0.353515625 0.17602539062500006 0.4827473958333333 0.28857421875 0.4827473958333333
4 0.19653320312500006 0.3118489583333333 0.10327148437500003 0.3118489583333333 0.10327148437500003 0.404296875 0.19653320312500006 0.404296875
29 0.359130859375 0.1350911458333334 0.248046875 0.13509114583333337 0.248046875 0.28483072916666674 0.359130859375 0.28483072916666674
4 0.4526367187500001 0.6240234375 0.3508300781250001 0.6240234375 0.3508300781250001 0.7532552083333334 0.4526367187500001 0.7532552083333334
2 0.657958984375 0.5081380208333335 0.587158203125 0.5081380208333335 0.587158203125 0.6331380208333335 0.657958984375 0.6331380208333335