33 0.47119140625 0.06412760416666673 0.3720703125 0.06412760416666673 0.3720703125 0.21875000000000008 0.47119140625 0.21875000000000008
19 0.872314453125 0.4371744791666668 0.76123046875 0.4371744791666668 0.76123046875 0.5950520833333335 0.872314453125 0.5950520833333335
10 0.72216796875 0.2949218750000001 0.625 0.29492187500000006 0.625 0.41699218750000017 0.72216796875 0.41699218750000017
12 0.607421875 0.24381510416666674 0.49853515625 0.24381510416666674 0.49853515625 0.40234375000000017 0.607421875 0.40234375000000017
23 0.447998046875 0.404296875 0.353271484375 0.404296875 0.353271484375 0.5026041666666666 0.447998046875 0.5026041666666666
29 0.42919921875 0.1809895833333334 0.31005859375 0.1809895833333334 0.31005859375 0.32877604166666674 0.42919921875 0.32877604166666674
12 0.49365234375 0.24023437500000008 0.378173828125 0.24023437500000008 0.378173828125 0.39615885416666674 0.49365234375 0.3961588541666668
4 0.367919921875 0.4169921875 0.267578125 0.4169921875 0.267578125 0.5286458333333334 0.367919921875 0.5286458333333334
10 0.29296875000000006 0.4847005208333333 0.18334960937500006 0.4847005208333333 0.18334960937500006 0.6136067708333334 0.2929687500000001 0.6136067708333334
0 0.5791015625 0.5973307291666669 0.468994140625 0.5973307291666669 0.46899414062500006 0.720703125 0.5791015625 0.720703125
1 0.69775390625 0.5172526041666669 0.59521484375 0.5172526041666669 0.59521484375 0.6328125000000001 0.69775390625 0.6328125000000001
17 0.569091796875 0.4606119791666668 0.466552734375 0.4606119791666668 0.466552734375 0.5852864583333335 0.569091796875 0.5852864583333335
31 0.48632812500000006 0.5289713541666667 0.412109375 0.5289713541666666 0.41210937500000006 0.6523437500000001 0.4863281250000001 0.6523437500000001
2 0.430419921875 0.498046875 0.330810546875 0.498046875 0.330810546875 0.5891927083333334 0.430419921875 0.5891927083333334
30 0.41748046875000006 0.5888671875 0.31689453125 0.5888671875 0.31689453125000006 0.69140625 0.4174804687500001 0.69140625
27 0.67919921875 0.4039713541666668 0.608154296875 0.4039713541666668 0.608154296875 0.5227864583333335 0.67919921875 0.5227864583333335
11 0.837646484375 0.3421223958333335 0.732666015625 0.3421223958333335 0.732666015625 0.44921875000000017 0.837646484375 0.44921875000000017
2 0.68408203125 0.09342447916666678 0.610595703125 0.09342447916666678 0.610595703125 0.22395833333333345 0.68408203125 0.22395833333333348
22 0.704345703125 0.22428385416666677 0.592041015625 0.22428385416666674 0.592041015625 0.3421223958333335 0.704345703125 0.3421223958333335
33 0.625 0.8115234375 0.5419921875 0.8115234375 0.5419921875 0.9482421875 0.625 0.9482421875
9 0.544677734375 0.3470052083333334 0.435546875 0.3470052083333333 0.435546875 0.47851562500000006 0.544677734375 0.47851562500000017
3 0.592041015625 0.14355468750000008 0.47607421875 0.14355468750000008 0.47607421875 0.3059895833333334 0.592041015625 0.3059895833333334
28 0.13891601562500008 0.82421875 0.027832031250000076 0.82421875 0.027832031250000083 0.9938151041666666 0.1389160156250001 0.9938151041666666
24 0.48388671875 7.111881151298431e-17 0.38720703125 6.322558019035489e-17 0.38720703125 0.09537760416666674 0.48388671875 0.09537760416666674