22 0.4865451388888889 0.2187500000000001 0.416015625 0.2187500000000001 0.416015625 0.39015151515151525 0.4865451388888889 0.39015151515151525
0 0.9079861111111112 0.7812500000000002 0.8207465277777778 0.7812500000000002 0.8207465277777778 0.9488636363636366 0.9079861111111112 0.9488636363636366
0 1 0.04166666666666693 0.9587673611111112 0.04166666666666692 0.9587673611111112 0.22679924242424268 1 0.22679924242424268
0 1 0.010416666666666933 0.9930555555555556 0.010416666666666933 0.9930555555555556 0.05776515151515178 1 0.05776515151515178
0 1 0.23342803030303058 0.9917534722222222 0.23342803030303058 0.9917534722222222 0.3404356060606063 1 0.3404356060606063
0 1 0.4209280303030305 0.9728732638888888 0.4209280303030305 0.9728732638888888 0.5591856060606063 1 0.5591856060606063
0 0.7745225694444444 1.9558397980700864e-16 0.689453125 1.8421888640583054e-16 0.689453125 0.11174242424242445 0.7745225694444444 0.11174242424242446
23 0.8057725694444444 0.7670454545454548 0.7254774305555556 0.7670454545454548 0.7254774305555556 0.9128787878787881 0.8057725694444444 0.9128787878787881
28 0.8342013888888888 0.6207386363636366 0.7504340277777778 0.6207386363636366 0.7504340277777778 0.7959280303030305 0.8342013888888888 0.7959280303030305
33 0.7213541666666666 0.7159090909090912 0.6595052083333334 0.7159090909090912 0.6595052083333334 0.8835227272727275 0.7213541666666666 0.8835227272727275
24 0.6019965277777778 0.8617424242424244 0.5197482638888888 0.8617424242424244 0.5197482638888888 0.9995265151515151 0.6019965277777778 0.9995265151515151
2 0.6666666666666666 0.6406250000000002 0.6089409722222222 0.6406250000000002 0.6089409722222222 0.8044507575757578 0.6666666666666666 0.8044507575757578
10 0.7387152777777778 0.5378787878787881 0.6686197916666666 0.5378787878787881 0.6686197916666666 0.7092803030303032 0.7387152777777778 0.7092803030303032
2 0.8116319444444444 0.35890151515151536 0.7493489583333334 0.35890151515151536 0.7493489583333334 0.5241477272727275 0.8116319444444444 0.5241477272727275
18 0.7560763888888888 0.37310606060606083 0.67578125 0.37310606060606083 0.67578125 0.5312500000000002 0.7560763888888888 0.5312500000000002
26 0.6994357638888888 0.40577651515151536 0.6252170138888888 0.40577651515151536 0.6252170138888888 0.5838068181818183 0.6994357638888888 0.5838068181818183
4 0.7185329861111112 0.25520833333333354 0.658203125 0.25520833333333354 0.658203125 0.42708333333333354 0.7185329861111112 0.42708333333333354
29 0.6365017361111112 0.43797348484848503 0.5729166666666666 0.437973484848485 0.5729166666666666 0.5994318181818183 0.6365017361111112 0.5994318181818183
27 0.5794270833333334 0.40767045454545464 0.5219184027777778 0.40767045454545464 0.5219184027777778 0.5625000000000002 0.5794270833333334 0.5625000000000002
26 0.5403645833333334 0.5179924242424244 0.4641927083333333 0.5179924242424244 0.4641927083333333 0.6875000000000002 0.5403645833333334 0.6875000000000002
32 0.5453559027777778 0.3683712121212122 0.4817708333333333 0.3683712121212122 0.4817708333333333 0.5260416666666669 0.5453559027777778 0.5260416666666669
6 0.5861545138888888 0.19981060606060622 0.513671875 0.19981060606060622 0.513671875 0.37831439393939403 0.5861545138888888 0.37831439393939403
16 0.6924913194444444 0.046875000000000173 0.6193576388888888 0.04687500000000016 0.6193576388888888 0.2277462121212123 0.6924913194444444 0.2277462121212123
21 0.4103732638888889 0.262784090909091 0.3220486111111111 0.262784090909091 0.3220486111111111 0.4289772727272728 0.4103732638888889 0.4289772727272728