26 0.52880859375 0.29296875000000006 0.452880859375 0.29296875000000006 0.452880859375 0.3772786458333334 0.52880859375 0.3772786458333335
8 0.542236328125 0.35058593750000017 0.47119140625 0.35058593750000017 0.47119140625 0.43066406250000017 0.542236328125 0.43066406250000017
21 0.65478515625 0.6442057291666669 0.586181640625 0.6442057291666669 0.586181640625 0.7307942708333334 0.65478515625 0.7307942708333334
1 0.391845703125 0.30338541666666674 0.322265625 0.30338541666666674 0.322265625 0.4013671875 0.391845703125 0.4013671875
15 0.47216796875 0.30338541666666674 0.404052734375 0.30338541666666674 0.404052734375 0.3938802083333334 0.47216796875 0.3938802083333335
3 0.52099609375 0.42089843750000006 0.447509765625 0.4208984375 0.447509765625 0.49674479166666674 0.52099609375 0.4967447916666668
1 0.175537109375 0.019531250000000024 0.10205078125 0.019531250000000017 0.10205078125 0.12662760416666669 0.175537109375 0.1266276041666667
19 0.55712890625 0.6311848958333335 0.4858398437500001 0.6311848958333335 0.4858398437500001 0.7213541666666666 0.55712890625 0.7213541666666666
30 0.575927734375 0.5569661458333335 0.51123046875 0.5569661458333335 0.51123046875 0.6552734375000001 0.575927734375 0.6552734375000001
28 0.618408203125 0.5670572916666669 0.551513671875 0.5670572916666669 0.551513671875 0.6689453125 0.618408203125 0.6689453125
25 0.639404296875 0.4876302083333335 0.575927734375 0.4876302083333335 0.575927734375 0.5794270833333335 0.639404296875 0.5794270833333335
27 0.641845703125 0.40234375000000017 0.5712890625 0.40234375000000017 0.5712890625 0.4983723958333335 0.641845703125 0.4983723958333335
4 0.65283203125 0.2991536458333334 0.58349609375 0.2991536458333334 0.58349609375 0.38281250000000017 0.65283203125 0.38281250000000017
31 0.70361328125 0.16829427083333345 0.632568359375 0.1682942708333334 0.632568359375 0.24967447916666677 0.70361328125 0.24967447916666682
12 0.65283203125 0.13509114583333345 0.594970703125 0.13509114583333345 0.594970703125 0.23046875000000008 0.65283203125 0.23046875000000008
27 0.659912109375 0.051757812500000104 0.600830078125 0.05175781250000009 0.600830078125 0.14973958333333345 0.659912109375 0.14973958333333345
20 0.698486328125 0.07877604166666678 0.647216796875 0.07877604166666678 0.647216796875 0.17220052083333345 0.698486328125 0.17220052083333348
9 0.78125 0.010742187500000123 0.704833984375 0.010742187500000116 0.704833984375 0.10449218750000011 0.78125 0.10449218750000011
32 0.3447265625 0.4596354166666667 0.290771484375 0.4596354166666667 0.290771484375 0.5498046875 0.3447265625 0.5498046875
4 0.40673828125 0.4371744791666667 0.338134765625 0.4371744791666667 0.338134765625 0.5152994791666666 0.40673828125 0.5152994791666666
21 0.45703125 0.39713541666666674 0.389892578125 0.3971354166666667 0.389892578125 0.49121093750000006 0.45703125 0.49121093750000017
27 0.432373046875 0.3470052083333333 0.358154296875 0.3470052083333333 0.358154296875 0.4375 0.432373046875 0.4375
17 0.34912109375000006 0.5413411458333334 0.275146484375 0.5413411458333334 0.27514648437500006 0.6119791666666666 0.3491210937500001 0.6119791666666666
6 0.40356445312500006 0.5699869791666666 0.33984375 0.5699869791666666 0.33984375000000006 0.6647135416666666 0.4035644531250001 0.6647135416666666
5 0.45141601562500006 0.5439453125 0.38232421875 0.5439453125 0.38232421875000006 0.6256510416666666 0.4514160156250001 0.6256510416666666
13 0.41748046875 0.4931640625 0.3466796875 0.4931640625 0.3466796875 0.572265625 0.41748046875 0.572265625
23 0.509033203125 0.5358072916666667 0.442138671875 0.5358072916666666 0.44213867187500006 0.6266276041666667 0.509033203125 0.6266276041666669
3 0.482177734375 0.46875000000000006 0.410888671875 0.46875 0.410888671875 0.5595703125000001 0.482177734375 0.5595703125000001
33 0.59326171875 0.3821614583333335 0.524169921875 0.3821614583333335 0.524169921875 0.4762369791666668 0.59326171875 0.4762369791666668
16 0.576904296875 0.4563802083333335 0.505126953125 0.4563802083333335 0.505126953125 0.5455729166666669 0.576904296875 0.5455729166666669
17 0.547119140625 0.49414062500000017 0.474365234375 0.49414062500000017 0.474365234375 0.5921223958333335 0.547119140625 0.5921223958333335
14 0.689208984375 1.0627956922287902e-16 0.612548828125 1.0002079489129912e-16 0.612548828125 0.0683593750000001 0.689208984375 0.06835937500000011
8 0.806640625 1.2479677098733039e-16 0.721923828125 1.178802273788647e-16 0.721923828125 0.05240885416666679 0.806640625 0.052408854166666796