29 0.4229600694444445 0.741003787878788 0.3504774305555556 0.7410037878787878 0.3504774305555556 0.912878787878788 0.42296006944444453 0.9128787878787881
7 0.23068576388888898 0.896780303030303 0.16341145833333337 0.896780303030303 0.16341145833333337 1 0.23068576388888898 1
23 0.20290798611111113 0.4389204545454546 0.12825520833333334 0.43892045454545453 0.12825520833333337 0.6060606060606061 0.20290798611111116 0.6060606060606061
13 0.14605034722222227 0.75 0.06922743055555561 0.75 0.06922743055555561 0.9038825757575758 0.14605034722222227 0.9038825757575758
24 0.3960503472222223 0.9384469696969697 0.3276909722222223 0.9384469696969697 0.3276909722222223 1 0.3960503472222223 1
22 0.3396267361111112 0.9275568181818182 0.2615017361111112 0.9275568181818182 0.2615017361111112 1 0.3396267361111112 1
28 0.3721788194444445 0.7859848484848485 0.30078125 0.7859848484848485 0.30078125000000006 0.9573863636363636 0.37217881944444453 0.9573863636363636
26 0.3990885416666667 0.6046401515151515 0.3266059027777778 0.6046401515151515 0.3266059027777778 0.7660984848484849 0.3990885416666667 0.7660984848484849
11 0.14084201388888895 0.521780303030303 0.07096354166666669 0.521780303030303 0.0709635416666667 0.6983901515151515 0.14084201388888895 0.6983901515151515
4 0.21614583333333337 0.6112689393939394 0.1417100694444445 0.6112689393939394 0.1417100694444445 0.7509469696969697 0.21614583333333337 0.7509469696969697
27 0.23697916666666666 0.7064393939393939 0.1612413194444445 0.7064393939393939 0.1612413194444445 0.8589015151515151 0.23697916666666666 0.8589015151515151
24 0.2732204861111111 0.5108901515151515 0.20355902777777782 0.5108901515151515 0.20355902777777782 0.6889204545454546 0.2732204861111111 0.6889204545454546
29 0.15559895833333337 0.9251893939393939 0.07834201388888894 0.9251893939393939 0.07834201388888894 1 0.15559895833333337 1
11 0.24110243055555555 0.11884469696969702 0.16319444444444445 0.11884469696969702 0.16319444444444445 0.30587121212121215 0.24110243055555555 0.3058712121212122