26 0.7497829861111112 0.06628787878787898 0.6946614583333334 0.06628787878787898 0.6946614583333334 0.21732954545454564 0.7497829861111112 0.21732954545454566
24 0.5824652777777778 0.16666666666666682 0.5305989583333334 0.16666666666666682 0.5305989583333334 0.303503787878788 0.5824652777777778 0.303503787878788
24 0.8352864583333334 0.5677083333333336 0.7643229166666666 0.5677083333333336 0.7643229166666666 0.7367424242424244 0.8352864583333334 0.7367424242424244
27 0.6247829861111112 0.3039772727272729 0.5703125 0.3039772727272728 0.5703125 0.43418560606060624 0.6247829861111112 0.4341856060606063
6 0.7133246527777778 0.5942234848484851 0.6671006944444444 0.5942234848484851 0.6671006944444444 0.73532196969697 0.7133246527777778 0.73532196969697
26 0.7000868055555556 0.7892992424242427 0.6302083333333334 0.7892992424242427 0.6302083333333334 0.9067234848484851 0.7000868055555556 0.9067234848484851
20 0.6150173611111112 0.7642045454545456 0.5384114583333334 0.7642045454545456 0.5384114583333334 0.8967803030303032 0.6150173611111112 0.8967803030303032
6 0.4926215277777778 0.5369318181818183 0.4361979166666667 0.5369318181818183 0.4361979166666667 0.675662878787879 0.4926215277777778 0.675662878787879
29 0.3680555555555556 0.2821969696969698 0.3059895833333333 0.2821969696969698 0.3059895833333333 0.4303977272727274 0.3680555555555556 0.4303977272727274
19 0.5245225694444444 0.08049242424242438 0.4546440972222222 0.08049242424242438 0.4546440972222222 0.21732954545454558 0.5245225694444444 0.2173295454545456
28 0.677734375 0.07339015151515169 0.6072048611111112 0.07339015151515167 0.6072048611111112 0.1808712121212123 0.677734375 0.1808712121212123
30 0.7000868055555556 0.4019886363636366 0.6423611111111112 0.4019886363636366 0.6423611111111112 0.5374053030303032 0.7000868055555556 0.5374053030303032
31 0.9420572916666666 0.3285984848484851 0.8658854166666666 0.3285984848484851 0.8658854166666666 0.48248106060606083 0.9420572916666666 0.48248106060606083
8 0.8947482638888888 0.20265151515151536 0.826171875 0.20265151515151536 0.826171875 0.3551136363636366 0.8947482638888888 0.3551136363636366
7 0.80078125 0.17803030303030323 0.73046875 0.17803030303030323 0.73046875 0.31202651515151536 0.80078125 0.31202651515151536
4 0.8500434027777778 0.27272727272727293 0.7769097222222222 0.27272727272727293 0.7769097222222222 0.3996212121212123 0.8500434027777778 0.3996212121212123
12 0.6790364583333334 0.669507575757576 0.6117621527777778 0.669507575757576 0.6117621527777778 0.8271780303030305 0.6790364583333334 0.8271780303030305
29 0.2914496527777778 0.4270833333333334 0.2224392361111111 0.4270833333333334 0.2224392361111111 0.5890151515151515 0.2914496527777778 0.5890151515151515
33 0.8342013888888888 0.3750000000000002 0.7510850694444444 0.3750000000000002 0.7510850694444444 0.5326704545454548 0.8342013888888888 0.5326704545454548
14 0.7936197916666666 0.3072916666666669 0.7137586805555556 0.3072916666666669 0.7137586805555556 0.46638257575757597 0.7936197916666666 0.46638257575757597
32 0.7384982638888888 0.24621212121212144 0.6668836805555556 0.24621212121212144 0.6668836805555556 0.35748106060606083 0.7384982638888888 0.35748106060606083
33 0.5618489583333334 0.340909090909091 0.5108506944444444 0.340909090909091 0.5108506944444444 0.4862689393939396 0.5618489583333334 0.4862689393939396
2 0.5546875 0.4985795454545457 0.4913194444444444 0.4985795454545457 0.4913194444444444 0.6586174242424244 0.5546875 0.6586174242424244
2 0.6137152777777778 0.46164772727272746 0.5412326388888888 0.4616477272727274 0.5412326388888888 0.6051136363636366 0.6137152777777778 0.6051136363636366
2 0.6640625 0.5208333333333336 0.5950520833333334 0.5208333333333336 0.5950520833333334 0.675662878787879 0.6640625 0.675662878787879
19 0.6184895833333334 0.5866477272727275 0.5475260416666666 0.5866477272727275 0.5475260416666666 0.7367424242424244 0.6184895833333334 0.7367424242424244
7 0.7703993055555556 0.6529356060606063 0.712890625 0.6529356060606063 0.712890625 0.7968750000000002 0.7703993055555556 0.7968750000000002
0 0.5345052083333334 0.8158143939393941 0.4815538194444444 0.8158143939393941 0.4815538194444444 0.963068181818182 0.5345052083333334 0.963068181818182