8 0.39404296875000006 0.4462890625 0.268798828125 0.4462890625 0.26879882812500006 0.6070963541666666 0.3940429687500001 0.6070963541666666
8 0.5625 0.41373697916666674 0.41357421875 0.4137369791666667 0.41357421875 0.5957031250000001 0.5625 0.5957031250000001
26 0.609619140625 0.6373697916666667 0.4450683593750001 0.6373697916666666 0.4450683593750001 0.8541666666666666 0.609619140625 0.8541666666666666
15 0.71630859375 0.4576822916666668 0.566162109375 0.4576822916666668 0.566162109375 0.6106770833333335 0.71630859375 0.6106770833333335
5 0.40673828125 0.19596354166666674 0.255859375 0.19596354166666674 0.255859375 0.3997395833333333 0.40673828125 0.3997395833333333
32 0.526123046875 0.006510416666666743 0.409912109375 0.006510416666666734 0.409912109375 0.1956380208333334 0.526123046875 0.1956380208333334
32 0.413818359375 0.08919270833333338 0.27587890625 0.08919270833333337 0.27587890625 0.23307291666666674 0.413818359375 0.23307291666666674
28 0.2705078125 0.1569010416666667 0.143310546875 0.1569010416666667 0.14331054687500003 0.3391927083333333 0.2705078125 0.3391927083333333
14 0.298095703125 0.30664062500000006 0.15600585937500006 0.306640625 0.15600585937500006 0.4560546875 0.298095703125 0.4560546875
25 0.4707031250000001 0.6051432291666667 0.3134765625000001 0.6051432291666666 0.3134765625000001 0.8063151041666666 0.4707031250000001 0.8063151041666666
28 0.748046875 0.5944010416666669 0.597412109375 0.5944010416666669 0.597412109375 0.8108723958333334 0.748046875 0.8108723958333334
16 0.68115234375 0.71484375 0.514892578125 0.71484375 0.514892578125 0.9384765625 0.68115234375 0.9384765625
5 0.58154296875 0.26041666666666674 0.469482421875 0.26041666666666674 0.469482421875 0.4466145833333335 0.58154296875 0.4466145833333335
22 0.560302734375 0.1429036458333334 0.41748046875 0.1429036458333334 0.41748046875 0.31933593750000006 0.560302734375 0.31933593750000006
9 0.29760742187500006 0.4306640625 0.17773437500000006 0.4306640625 0.17773437500000006 0.6070963541666666 0.2976074218750001 0.6070963541666666
10 0.92431640625 0.47167968750000017 0.76904296875 0.47167968750000017 0.76904296875 0.6979166666666669 0.92431640625 0.697916666666667
0 0.853515625 0.5680338541666669 0.698974609375 0.5680338541666669 0.698974609375 0.8024088541666666 0.853515625 0.8024088541666666
3 0.678466796875 0.2561848958333334 0.560302734375 0.2561848958333334 0.560302734375 0.46386718750000017 0.678466796875 0.46386718750000017
5 0.456787109375 0.29752604166666674 0.3095703125 0.29752604166666674 0.3095703125 0.5016276041666667 0.456787109375 0.5016276041666669
16 0.52490234375 0.5237630208333334 0.379638671875 0.5237630208333334 0.37963867187500006 0.7034505208333334 0.52490234375 0.7034505208333334
28 0.416259765625 5.604991535160087e-17 0.270263671875 4.4130338758337245e-17 0.270263671875 0.11197916666666673 0.416259765625 0.11197916666666674