24 0.49975585937500006 0.47460937500000006 0.355224609375 0.474609375 0.35522460937500006 0.6585286458333334 0.4997558593750001 0.6585286458333335
9 0.548583984375 0.5638020833333334 0.4072265625 0.5638020833333334 0.40722656250000006 0.7457682291666666 0.548583984375 0.7457682291666666
3 0.4375000000000001 0.65625 0.3063964843750001 0.65625 0.3063964843750001 0.8264973958333334 0.4375000000000001 0.8264973958333334
0 0.732666015625 0.22298177083333345 0.576171875 0.2229817708333334 0.576171875 0.42578125000000017 0.732666015625 0.42578125000000017
22 0.609130859375 0.28808593750000006 0.47509765625 0.28808593750000006 0.47509765625 0.49316406250000017 0.609130859375 0.49316406250000017
31 0.65771484375 0.4104817708333335 0.51708984375 0.4104817708333335 0.51708984375 0.6106770833333335 0.65771484375 0.6106770833333335
7 0.512939453125 0.2942708333333334 0.38671875 0.2942708333333334 0.38671875 0.4837239583333334 0.512939453125 0.4837239583333335
32 0.38623046875 0.18033854166666674 0.26318359375 0.18033854166666674 0.26318359375 0.361328125 0.38623046875 0.361328125
10 0.4541015625 0.23730468750000008 0.32373046875 0.23730468750000008 0.32373046875 0.42154947916666674 0.4541015625 0.4215494791666668
28 0.28662109375 0.2526041666666667 0.17578125 0.2526041666666667 0.17578125000000003 0.43359375 0.28662109375 0.43359375
3 0.356689453125 0.3489583333333333 0.22241210937500006 0.3489583333333333 0.22241210937500006 0.53125 0.356689453125 0.53125
29 0.430419921875 0.4065755208333333 0.29052734375 0.4065755208333333 0.29052734375 0.583984375 0.430419921875 0.583984375
25 0.5732421875 0.7174479166666666 0.4309082031250001 0.7174479166666666 0.4309082031250001 0.859375 0.5732421875 0.859375
9 0.26464843750000006 0.4397786458333333 0.12988281250000006 0.4397786458333333 0.12988281250000006 0.6083984375 0.2646484375000001 0.6083984375
25 0.17846679687500006 0.5481770833333334 0.034667968750000056 0.5481770833333334 0.03466796875000006 0.7379557291666666 0.17846679687500006 0.7379557291666666
16 0.3103027343750001 0.6487630208333334 0.17504882812500006 0.6487630208333334 0.17504882812500006 0.8020833333333334 0.3103027343750001 0.8020833333333334
5 0.40795898437500006 0.5595703125 0.27099609375 0.5595703125 0.27099609375000006 0.7330729166666666 0.4079589843750001 0.7330729166666666
32 0.33837890625000006 0.4964192708333333 0.19946289062500006 0.4964192708333333 0.19946289062500006 0.6692708333333334 0.3383789062500001 0.6692708333333334