8 0.878662109375 0.2887369791666668 0.713623046875 0.2887369791666668 0.713623046875 0.5048828125000001 0.878662109375 0.5048828125000001
28 0.45410156250000006 0.5878906250000001 0.30419921875 0.587890625 0.30419921875000006 0.7841796875 0.4541015625000001 0.7841796875
28 0.32226562500000006 0.5667317708333334 0.14575195312500006 0.5667317708333334 0.14575195312500006 0.8050130208333334 0.3222656250000001 0.8050130208333334
14 0.30126953125 0.25195312500000006 0.20654296875 0.251953125 0.20654296875000003 0.416015625 0.30126953125 0.416015625
14 0.9462890625 0.3938802083333335 0.77392578125 0.3938802083333335 0.77392578125 0.6324869791666669 0.9462890625 0.6324869791666669
15 0.755615234375 0.5029296875000001 0.605712890625 0.5029296875000001 0.605712890625 0.693359375 0.755615234375 0.693359375
17 0.767333984375 0.3561197916666668 0.60302734375 0.3561197916666668 0.60302734375 0.5501302083333335 0.767333984375 0.5501302083333335
29 0.651611328125 0.23697916666666674 0.49267578125 0.23697916666666674 0.49267578125 0.4401041666666668 0.651611328125 0.4401041666666668
33 0.519287109375 0.22721354166666674 0.400634765625 0.22721354166666674 0.400634765625 0.4182942708333334 0.519287109375 0.4182942708333335
20 0.474365234375 0.37500000000000006 0.34326171875 0.375 0.34326171875 0.5172526041666667 0.474365234375 0.5172526041666669
16 0.315673828125 0.3942057291666667 0.16992187500000006 0.3942057291666667 0.16992187500000006 0.5618489583333334 0.315673828125 0.5618489583333334
9 0.23828125000000006 0.5068359375 0.08569335937500006 0.5068359375 0.08569335937500006 0.685546875 0.23828125000000006 0.685546875
9 0.408203125 0.2727864583333334 0.30029296875 0.2727864583333334 0.30029296875 0.3844401041666667 0.408203125 0.3844401041666667
12 0.49804687500000006 0.49707031250000006 0.34619140625 0.4970703125 0.34619140625000006 0.701171875 0.4980468750000001 0.701171875
24 0.689453125 0.6549479166666669 0.56591796875 0.6549479166666669 0.56591796875 0.8492838541666666 0.689453125 0.8492838541666666
26 0.559326171875 0.6676432291666666 0.4350585937500001 0.6676432291666666 0.4350585937500001 0.8619791666666666 0.559326171875 0.8619791666666666
7 0.564697265625 0.10677083333333341 0.43017578125 0.10677083333333341 0.43017578125 0.24967447916666674 0.564697265625 0.24967447916666674
32 0.42822265625 0.15429687500000006 0.296875 0.15429687500000003 0.296875 0.2913411458333334 0.42822265625 0.2913411458333334
10 0.5751953125 0.38867187500000017 0.467529296875 0.38867187500000017 0.467529296875 0.5686848958333335 0.5751953125 0.5686848958333335
32 0.616943359375 0.5403645833333335 0.481201171875 0.5403645833333335 0.48120117187500006 0.6803385416666666 0.616943359375 0.6803385416666666
3 0.76708984375 0.2255859375000001 0.614990234375 0.22558593750000008 0.614990234375 0.4225260416666668 0.76708984375 0.4225260416666668
4 0.39404296875000006 0.4596354166666667 0.252197265625 0.4596354166666667 0.25219726562500006 0.6458333333333334 0.3940429687500001 0.6458333333333334