31 0.5065104166666666 0.2594696969696971 0.4342447916666667 0.2594696969696971 0.4342447916666667 0.41240530303030315 0.5065104166666666 0.41240530303030315
24 0.6616753472222222 0.43134469696969713 0.6028645833333334 0.4313446969696971 0.6028645833333334 0.5875946969696972 0.6616753472222222 0.5875946969696972
29 0.8079427083333334 0.35748106060606083 0.7361111111111112 0.35748106060606083 0.7361111111111112 0.5137310606060608 0.8079427083333334 0.5137310606060608
0 0.623046875 0.23816287878787895 0.55078125 0.23816287878787895 0.55078125 0.39062500000000017 0.623046875 0.3906250000000002
28 0.6061197916666666 0.6316287878787881 0.5447048611111112 0.6316287878787881 0.5447048611111112 0.7897727272727275 0.6061197916666666 0.7897727272727275
2 0.5755208333333334 0.8186553030303032 0.5230034722222222 0.8186553030303032 0.5230034722222222 0.9692234848484851 0.5755208333333334 0.9692234848484851
32 0.7191840277777778 0.7154356060606063 0.6378038194444444 0.7154356060606063 0.6378038194444444 0.841382575757576 0.7191840277777778 0.841382575757576
23 0.544921875 0.03693181818181832 0.4911024305555556 0.036931818181818316 0.4911024305555556 0.1822916666666668 0.544921875 0.18229166666666682
21 0.4715711805555556 0.16429924242424254 0.4021267361111111 0.16429924242424254 0.4021267361111111 0.3162878787878789 0.4715711805555556 0.3162878787878789
12 0.5464409722222222 0.17803030303030318 0.4733072916666667 0.17803030303030315 0.4733072916666667 0.328598484848485 0.5464409722222222 0.328598484848485
30 0.6840277777777778 0.27888257575757597 0.6104600694444444 0.27888257575757597 0.6104600694444444 0.4431818181818184 0.6840277777777778 0.4431818181818184
33 0.7697482638888888 0.2627840909090911 0.701171875 0.2627840909090911 0.701171875 0.4237689393939396 0.7697482638888888 0.4237689393939396
29 0.7300347222222222 0.3773674242424245 0.6729600694444444 0.3773674242424245 0.6729600694444444 0.5331439393939396 0.7300347222222222 0.5331439393939396
7 0.7398003472222222 0.5241477272727275 0.6681857638888888 0.5241477272727275 0.6681857638888888 0.6377840909090912 0.7398003472222222 0.6377840909090912
9 0.6779513888888888 0.5857007575757578 0.6098090277777778 0.5857007575757578 0.6098090277777778 0.7466856060606063 0.6779513888888888 0.7466856060606063
11 0.6323784722222222 0.541193181818182 0.5588107638888888 0.541193181818182 0.5588107638888888 0.6780303030303032 0.6323784722222222 0.6780303030303032
13 0.5551215277777778 0.6614583333333336 0.4793836805555556 0.6614583333333336 0.4793836805555556 0.82907196969697 0.5551215277777778 0.82907196969697
27 0.4561631944444444 0.7045454545454547 0.3821614583333333 0.7045454545454546 0.3821614583333333 0.8484848484848486 0.4561631944444444 0.8484848484848487
2 0.5186631944444444 0.5089962121212124 0.4476996527777778 0.5089962121212124 0.4476996527777778 0.6448863636363639 0.5186631944444444 0.6448863636363639
11 0.5844184027777778 0.4479166666666668 0.5101996527777778 0.4479166666666668 0.5101996527777778 0.6017992424242427 0.5844184027777778 0.6017992424242427
15 0.6215277777777778 0.39820075757575774 0.5483940972222222 0.3982007575757577 0.5483940972222222 0.5407196969696972 0.6215277777777778 0.5407196969696972
30 0.5842013888888888 0.27556818181818193 0.509765625 0.27556818181818193 0.509765625 0.4289772727272728 0.5842013888888888 0.4289772727272728
29 0.5470920138888888 0.33143939393939403 0.4759114583333333 0.33143939393939403 0.4759114583333333 0.4891098484848487 0.5470920138888888 0.4891098484848487
17 0.501953125 0.4185606060606062 0.4281684027777778 0.4185606060606062 0.4281684027777778 0.5426136363636366 0.501953125 0.5426136363636366