7 0.6692708333333334 0.1557765151515153 0.6239149305555556 0.1557765151515153 0.6239149305555556 0.2940340909090911 0.6692708333333334 0.2940340909090911
9 0.7458767361111112 0.27272727272727293 0.7022569444444444 0.27272727272727293 0.7022569444444444 0.4053030303030305 0.7458767361111112 0.4053030303030305
19 0.6475694444444444 0.39251893939393956 0.5792100694444444 0.3925189393939395 0.5792100694444444 0.5056818181818183 0.6475694444444444 0.5056818181818183
26 0.63671875 0.5468750000000002 0.5759548611111112 0.5468750000000002 0.5759548611111112 0.6922348484848487 0.63671875 0.6922348484848487
14 0.5889756944444444 0.4048295454545456 0.5388454861111112 0.4048295454545456 0.5388454861111112 0.5416666666666669 0.5889756944444444 0.5416666666666669
25 0.7391493055555556 0.5146780303030305 0.6684027777777778 0.5146780303030305 0.6684027777777778 0.6761363636363639 0.7391493055555556 0.6761363636363639
10 0.6009114583333334 0.6330492424242427 0.5303819444444444 0.6330492424242427 0.5303819444444444 0.769412878787879 0.6009114583333334 0.769412878787879
12 0.5755208333333334 0.5511363636363639 0.5154079861111112 0.5511363636363639 0.5154079861111112 0.6448863636363639 0.5755208333333334 0.6448863636363639
18 0.71484375 0.04261363636363655 0.6417100694444444 0.04261363636363654 0.6417100694444444 0.20359848484848503 0.71484375 0.20359848484848506
8 0.4060329861111111 0.2585227272727274 0.33203125 0.2585227272727274 0.33203125 0.40388257575757586 0.4060329861111111 0.40388257575757586
31 0.423828125 0.3423295454545456 0.3500434027777778 0.3423295454545456 0.3500434027777778 0.4862689393939395 0.423828125 0.4862689393939396
26 0.4490017361111111 0.7102272727272728 0.3784722222222222 0.7102272727272727 0.3784722222222222 0.8281250000000001 0.4490017361111111 0.8281250000000002
28 0.4583333333333333 0.8082386363636365 0.3888888888888889 0.8082386363636364 0.38888888888888895 0.9318181818181819 0.4583333333333333 0.931818181818182
19 0.5594618055555556 0.7452651515151517 0.4919704861111111 0.7452651515151517 0.4919704861111111 0.9048295454545456 0.5594618055555556 0.9048295454545456
7 0.4353298611111111 0.5842803030303031 0.3812934027777778 0.584280303030303 0.3812934027777778 0.7215909090909092 0.4353298611111111 0.7215909090909093
6 0.4895833333333333 0.5999053030303032 0.4220920138888889 0.5999053030303032 0.4220920138888889 0.7585227272727275 0.4895833333333333 0.7585227272727275
24 0.4375 0.42803030303030315 0.3721788194444444 0.42803030303030315 0.3721788194444444 0.597064393939394 0.4375 0.5970643939393941
24 0.4878472222222222 0.41950757575757586 0.4201388888888889 0.41950757575757586 0.4201388888888889 0.5577651515151517 0.4878472222222222 0.5577651515151517
22 0.5173611111111112 0.5170454545454548 0.4435763888888889 0.5170454545454548 0.4435763888888889 0.6638257575757578 0.5173611111111112 0.6638257575757578
33 0.5490451388888888 0.44554924242424254 0.4848090277777778 0.44554924242424254 0.4848090277777778 0.5520833333333336 0.5490451388888888 0.5520833333333336
33 0.5386284722222222 0.07907196969696983 0.4654947916666667 0.07907196969696983 0.4654947916666667 0.22206439393939406 0.5386284722222222 0.2220643939393941
2 0.4993489583333333 0.15009469696969707 0.4333767361111111 0.15009469696969707 0.4333767361111111 0.312973484848485 0.4993489583333333 0.312973484848485
29 0.6043836805555556 0.7907196969696972 0.5377604166666666 0.7907196969696972 0.5377604166666666 0.9611742424242427 0.6043836805555556 0.9611742424242427
27 0.5006510416666666 0.28551136363636376 0.427734375 0.28551136363636376 0.427734375 0.4493371212121213 0.5006510416666666 0.4493371212121213
11 0.5696614583333334 0.16382575757575774 0.5086805555555556 0.16382575757575774 0.5086805555555556 0.3262310606060607 0.5696614583333334 0.3262310606060607
30 0.4505208333333333 0.19886363636363646 0.3832465277777778 0.19886363636363646 0.3832465277777778 0.33428030303030315 0.4505208333333333 0.33428030303030315
4 0.6180555555555556 0.23153409090909108 0.5451388888888888 0.23153409090909108 0.5451388888888888 0.3707386363636365 0.6180555555555556 0.3707386363636366
33 0.6297743055555556 0.1339962121212123 0.5657552083333334 0.1339962121212123 0.5657552083333334 0.244318181818182 0.6297743055555556 0.24431818181818205
32 0.5054253472222222 0.7343750000000002 0.4398871527777778 0.7343750000000002 0.43988715277777785 0.8920454545454548 0.5054253472222222 0.8920454545454548
2 0.689453125 0.7059659090909093 0.623046875 0.7059659090909093 0.623046875 0.8702651515151517 0.689453125 0.8702651515151517
2 0.689453125 0.4535984848484851 0.6134982638888888 0.4535984848484851 0.6134982638888888 0.6060606060606063 0.689453125 0.6060606060606063
6 0.6349826388888888 0.6946022727272729 0.5709635416666666 0.6946022727272729 0.5709635416666666 0.8314393939393941 0.6349826388888888 0.8314393939393941
9 0.6575520833333334 0.8323863636363639 0.5989583333333334 0.8323863636363639 0.5989583333333334 0.9910037878787878 0.6575520833333334 0.9910037878787878
8 0.5388454861111112 0.650568181818182 0.4689670138888889 0.650568181818182 0.4689670138888889 0.7964015151515154 0.5388454861111112 0.7964015151515154