6 0.6100260416666666 0.5468750000000002 0.5394965277777778 0.5468750000000002 0.5394965277777778 0.6822916666666669 0.6100260416666666 0.6822916666666669
25 0.6371527777777778 0.7017045454545456 0.5629340277777778 0.7017045454545456 0.5629340277777778 0.8650568181818183 0.6371527777777778 0.8650568181818183
28 0.6145833333333334 0.02604166666666682 0.560546875 0.026041666666666814 0.560546875 0.17282196969696986 0.6145833333333334 0.17282196969696986
31 0.8585069444444444 0.4090909090909093 0.7938368055555556 0.4090909090909093 0.7938368055555556 0.572443181818182 0.8585069444444444 0.572443181818182
33 0.8504774305555556 0.5487689393939396 0.7625868055555556 0.5487689393939396 0.7625868055555556 0.7206439393939396 0.8504774305555556 0.7206439393939396
8 0.8728298611111112 0.21212121212121235 0.7862413194444444 0.21212121212121235 0.7862413194444444 0.3873106060606063 0.8728298611111112 0.3873106060606063
7 0.7890625 0.18229166666666688 0.7254774305555556 0.18229166666666688 0.7254774305555556 0.3428030303030305 0.7890625 0.3428030303030305
26 0.7235243055555556 0.07102272727272745 0.6458333333333334 0.07102272727272743 0.6458333333333334 0.21638257575757594 0.7235243055555556 0.21638257575757597
32 0.681640625 0.17850378787878804 0.6067708333333334 0.17850378787878804 0.6067708333333334 0.3096590909090911 0.681640625 0.3096590909090911
24 0.6905381944444444 0.3252840909090911 0.6360677083333334 0.3252840909090911 0.6360677083333334 0.48390151515151536 0.6905381944444444 0.48390151515151536
14 0.7515190972222222 0.3579545454545457 0.6814236111111112 0.3579545454545457 0.6814236111111112 0.4810606060606063 0.7515190972222222 0.4810606060606063
4 0.8127170138888888 0.4062500000000002 0.7348090277777778 0.4062500000000002 0.7348090277777778 0.5298295454545456 0.8127170138888888 0.5298295454545456
19 0.7790798611111112 0.5033143939393941 0.6998697916666666 0.5033143939393941 0.6998697916666666 0.6586174242424244 0.7790798611111112 0.6586174242424244
33 0.775390625 0.6396780303030305 0.6953125 0.6396780303030305 0.6953125 0.7964015151515154 0.775390625 0.7964015151515154
12 0.7076822916666666 0.6368371212121214 0.6449652777777778 0.6368371212121214 0.6449652777777778 0.8044507575757578 0.7076822916666666 0.8044507575757578
26 0.6595052083333334 0.5340909090909093 0.5972222222222222 0.5340909090909093 0.5972222222222222 0.6941287878787881 0.6595052083333334 0.6941287878787881
22 0.7065972222222222 0.4734848484848487 0.6438802083333334 0.4734848484848487 0.6438802083333334 0.6363636363636366 0.7065972222222222 0.6363636363636366
30 0.6462673611111112 0.4280303030303032 0.5737847222222222 0.42803030303030315 0.5737847222222222 0.5454545454545456 0.6462673611111112 0.5454545454545456
27 0.6460503472222222 0.322443181818182 0.5753038194444444 0.32244318181818193 0.5753038194444444 0.4493371212121214 0.6460503472222222 0.44933712121212144
7 0.5822482638888888 0.7703598484848487 0.5026041666666666 0.7703598484848487 0.5026041666666666 0.9185606060606063 0.5822482638888888 0.9185606060606063
11 0.515625 0.7234848484848487 0.4437934027777778 0.7234848484848487 0.4437934027777778 0.8489583333333336 0.515625 0.8489583333333336
2 0.5720486111111112 0.6278409090909093 0.4950086805555556 0.6278409090909093 0.4950086805555556 0.7727272727272729 0.5720486111111112 0.7727272727272729
2 0.5431857638888888 0.5246212121212124 0.4763454861111111 0.5246212121212124 0.4763454861111111 0.6477272727272729 0.5431857638888888 0.6477272727272729
10 0.5 0.603693181818182 0.43359375 0.603693181818182 0.43359375 0.7357954545454548 0.5 0.7357954545454548
33 0.5802951388888888 0.41240530303030315 0.5119357638888888 0.41240530303030315 0.5119357638888888 0.5407196969696972 0.5802951388888888 0.5407196969696972
0 0.5177951388888888 0.4209280303030304 0.4503038194444444 0.4209280303030304 0.4503038194444444 0.5416666666666669 0.5177951388888888 0.5416666666666669
29 0.4524739583333333 0.4356060606060607 0.3910590277777778 0.4356060606060607 0.3910590277777778 0.5999053030303031 0.4524739583333333 0.5999053030303032
2 0.4403211805555556 0.5823863636363638 0.3678385416666667 0.5823863636363636 0.3678385416666667 0.7462121212121213 0.4403211805555556 0.7462121212121214
29 0.4025607638888889 0.45596590909090917 0.3272569444444444 0.45596590909090917 0.3272569444444444 0.6212121212121212 0.4025607638888889 0.6212121212121212
19 0.5173611111111112 0.18276515151515166 0.4524739583333333 0.18276515151515163 0.4524739583333333 0.3058712121212122 0.5173611111111112 0.3058712121212122
6 0.4904513888888889 0.2916666666666668 0.4220920138888889 0.2916666666666668 0.4220920138888889 0.45454545454545464 0.4904513888888889 0.45454545454545464
24 0.5529513888888888 0.2803030303030304 0.4989149305555556 0.2803030303030304 0.4989149305555556 0.4313446969696971 0.5529513888888888 0.4313446969696971