26 0.4001736111111111 0.5558712121212122 0.3318142361111111 0.5558712121212122 0.3318142361111111 0.7391098484848485 0.4001736111111111 0.7391098484848485
33 0.23480902777777782 0.734375 0.17773437500000006 0.734375 0.17773437500000006 0.8835227272727273 0.23480902777777787 0.8835227272727273
11 0.4353298611111112 0.9914772727272727 0.3763020833333334 0.9914772727272727 0.3763020833333334 1 0.4353298611111112 1
14 0.11089409722222227 0.8129734848484849 0.022786458333333377 0.8129734848484849 0.022786458333333384 0.9692234848484849 0.11089409722222227 0.9692234848484849
12 0.2669270833333334 0.8830492424242424 0.2118055555555556 0.8830492424242424 0.2118055555555556 1 0.2669270833333334 1
30 0.3196614583333333 0.6283143939393939 0.2562934027777778 0.6283143939393939 0.2562934027777778 0.7888257575757576 0.3196614583333333 0.7888257575757576
2 0.2834201388888889 0.3958333333333334 0.2109375 0.3958333333333334 0.21093750000000003 0.5857007575757576 0.2834201388888889 0.5857007575757576
4 0.1510416666666667 0.9100378787878788 0.07660590277777783 0.9100378787878788 0.07660590277777783 1 0.1510416666666667 1
19 0.22222222222222232 0.9441287878787878 0.14995659722222227 0.9441287878787878 0.14995659722222227 1 0.22222222222222232 1
28 0.20052083333333337 0.8091856060606061 0.13411458333333337 0.8091856060606061 0.13411458333333337 0.962594696969697 0.20052083333333337 0.962594696969697
9 0.0907118055555556 0.5923295454545454 0.007378472222222256 0.5923295454545454 0.007378472222222261 0.771780303030303 0.09071180555555561 0.771780303030303
26 0.2632378472222222 0.5606060606060606 0.20681423611111116 0.5606060606060606 0.20681423611111116 0.7310606060606061 0.2632378472222222 0.7310606060606061
29 0.22395833333333334 0.4124053030303031 0.15147569444444445 0.41240530303030304 0.15147569444444448 0.5928030303030303 0.22395833333333334 0.5928030303030303
7 0.3311631944444444 0.5175189393939394 0.2560763888888889 0.5175189393939394 0.2560763888888889 0.6510416666666666 0.3311631944444444 0.6510416666666666
31 0.27907986111111116 0.7206439393939394 0.22547743055555555 0.7206439393939394 0.2254774305555556 0.8797348484848485 0.2790798611111112 0.8797348484848485
13 0.34201388888888895 0.7613636363636364 0.2790798611111111 0.7613636363636364 0.27907986111111116 0.9356060606060606 0.342013888888889 0.9356060606060606
27 0.39822048611111116 0.8333333333333334 0.3279079861111111 0.8333333333333334 0.32790798611111116 0.9512310606060606 0.3982204861111112 0.9512310606060606
17 0.373263888888889 0.9337121212121212 0.3042534722222223 0.9337121212121212 0.3042534722222223 1 0.373263888888889 1