10 0.23510742187500006 0.7024739583333334 0.13085937500000006 0.7024739583333334 0.13085937500000006 0.8264973958333334 0.23510742187500006 0.8264973958333334
31 0.2963867187500001 0.6510416666666666 0.21264648437500006 0.6510416666666666 0.21264648437500006 0.7939453125 0.2963867187500001 0.7939453125
6 0.11523437500000007 0.7255859375 0.004882812500000066 0.7255859375 0.004882812500000075 0.8981119791666666 0.11523437500000008 0.8981119791666666
5 0.19311523437500008 0.7916666666666666 0.06323242187500008 0.7916666666666666 0.06323242187500008 0.9446614583333334 0.1931152343750001 0.9446614583333334
3 0.2749023437500001 0.7916666666666666 0.17016601562500006 0.7916666666666666 0.17016601562500008 0.9658203125 0.2749023437500001 0.9658203125
32 0.3767089843750001 0.8115234375 0.24414062500000006 0.8115234375 0.24414062500000008 0.9723307291666666 0.3767089843750001 0.9723307291666666
6 0.4624023437500001 0.8401692708333334 0.3271484375000001 0.8401692708333334 0.3271484375000001 1 0.4624023437500001 1
25 0.4909667968750001 0.7119140625 0.3554687500000001 0.7119140625 0.3554687500000001 0.8655598958333334 0.4909667968750001 0.8655598958333334
20 0.3837890625000001 0.6751302083333334 0.2797851562500001 0.6751302083333334 0.2797851562500001 0.8776041666666666 0.3837890625000001 0.8776041666666666
33 0.506591796875 0.6005859375000001 0.3681640625 0.6005859375 0.36816406250000006 0.7708333333333334 0.506591796875 0.7708333333333334
28 0.62255859375 0.5563151041666669 0.48681640625 0.5563151041666669 0.48681640625000006 0.740234375 0.62255859375 0.740234375
14 0.48461914062500006 0.4641927083333334 0.382080078125 0.4641927083333333 0.38208007812500006 0.6269531250000001 0.4846191406250001 0.6269531250000001
3 0.26733398437500006 0.5628255208333334 0.14208984375000006 0.5628255208333334 0.14208984375000006 0.7265625 0.2673339843750001 0.7265625
22 0.14648437500000006 0.5133463541666666 0.03247070312500004 0.5133463541666666 0.03247070312500005 0.6748046875 0.14648437500000006 0.6748046875
1 0.259033203125 0.419921875 0.15380859375000006 0.419921875 0.15380859375000006 0.5774739583333334 0.259033203125 0.5774739583333334
33 0.18676757812500006 0.3623046875 0.06250000000000003 0.3623046875 0.06250000000000004 0.5240885416666666 0.18676757812500006 0.5240885416666666
16 0.353515625 0.3831380208333333 0.21679687500000006 0.3831380208333333 0.21679687500000006 0.5345052083333334 0.353515625 0.5345052083333334
5 0.39868164062500006 0.5615234375 0.2646484375 0.5615234375 0.26464843750000006 0.7158203125 0.3986816406250001 0.7158203125
13 0.37597656250000006 0.4723307291666667 0.23486328125000006 0.4723307291666667 0.23486328125000006 0.6318359375 0.3759765625000001 0.6318359375
15 0.596435546875 0.40234375000000017 0.461669921875 0.40234375000000017 0.461669921875 0.5976562500000001 0.596435546875 0.5976562500000001
9 0.825439453125 0.4817708333333335 0.67333984375 0.4817708333333335 0.67333984375 0.6708984375 0.825439453125 0.6708984375
29 0.95556640625 0.4723307291666668 0.806640625 0.4723307291666668 0.806640625 0.6702473958333335 0.95556640625 0.6702473958333336
28 0.752197265625 0.24772135416666677 0.59326171875 0.24772135416666674 0.59326171875 0.4557291666666668 0.752197265625 0.4557291666666668
9 0.6767578125 0.31901041666666674 0.536376953125 0.31901041666666674 0.536376953125 0.5091145833333335 0.6767578125 0.5091145833333335
9 0.57666015625 0.2561848958333334 0.4482421875 0.2561848958333334 0.4482421875 0.40625000000000006 0.57666015625 0.40625000000000017
20 0.517578125 0.3538411458333334 0.3876953125 0.3538411458333333 0.3876953125 0.4925130208333334 0.517578125 0.4925130208333335
3 0.794677734375 0.15625000000000014 0.63720703125 0.1562500000000001 0.63720703125 0.3518880208333335 0.794677734375 0.3518880208333335
7 0.83203125 0.04947916666666679 0.67822265625 0.049479166666666775 0.67822265625 0.24251302083333345 0.83203125 0.24251302083333348
14 0.641357421875 0.1132812500000001 0.50732421875 0.11328125000000007 0.50732421875 0.3011067708333334 0.641357421875 0.3011067708333334
21 0.4921875 0.12792968750000008 0.39697265625 0.12792968750000008 0.39697265625 0.2864583333333334 0.4921875 0.2864583333333334
4 0.483154296875 0.038736979166666734 0.35400390625 0.03873697916666672 0.35400390625 0.1604817708333334 0.483154296875 0.1604817708333334
8 0.413818359375 0.1429036458333334 0.3017578125 0.14290364583333337 0.3017578125 0.31315104166666674 0.413818359375 0.31315104166666674
32 0.334228515625 0.1070963541666667 0.2294921875 0.1070963541666667 0.2294921875 0.2874348958333334 0.334228515625 0.2874348958333334
17 0.334716796875 0.28352864583333337 0.21923828125 0.2835286458333333 0.21923828125000003 0.4326171875 0.334716796875 0.4326171875
16 0.451416015625 0.2610677083333334 0.312255859375 0.2610677083333334 0.312255859375 0.4322916666666667 0.451416015625 0.4322916666666667
7 0.50634765625 7.032151541978942e-17 0.35498046875 5.796342597526861e-17 0.35498046875 0.06250000000000007 0.50634765625 0.06250000000000007