7 0.6015625 0.7140151515151517 0.5368923611111112 0.7140151515151517 0.5368923611111112 0.8243371212121214 0.6015625 0.8243371212121214
26 0.5486111111111112 0.3896780303030304 0.4950086805555556 0.3896780303030304 0.4950086805555556 0.5236742424242427 0.5486111111111112 0.5236742424242427
6 0.5049913194444444 0.3584280303030304 0.4446614583333333 0.3584280303030304 0.4446614583333333 0.4635416666666668 0.5049913194444444 0.4635416666666668
18 0.3713107638888889 0.6609848484848485 0.3116319444444444 0.6609848484848485 0.3116319444444444 0.806344696969697 0.3713107638888889 0.806344696969697
9 0.3450520833333333 0.5232007575757576 0.2855902777777778 0.5232007575757576 0.2855902777777778 0.6614583333333334 0.3450520833333333 0.6614583333333334
14 0.3923611111111111 0.49384469696969696 0.3263888888888889 0.49384469696969696 0.3263888888888889 0.5946969696969697 0.3923611111111111 0.5946969696969697
17 0.4051649305555556 0.5842803030303031 0.3365885416666667 0.584280303030303 0.3365885416666667 0.7059659090909092 0.4051649305555556 0.7059659090909093
19 0.4153645833333333 0.7277462121212123 0.3543836805555556 0.7277462121212122 0.3543836805555556 0.8688446969696971 0.4153645833333333 0.8688446969696972
19 0.3226996527777778 0.20265151515151522 0.2599826388888889 0.2026515151515152 0.2599826388888889 0.31202651515151525 0.3226996527777778 0.31202651515151525
29 0.48828125 0.058238636363636485 0.4242621527777778 0.05823863636363647 0.4242621527777778 0.18418560606060616 0.48828125 0.18418560606060616
4 0.5861545138888888 0.23106060606060622 0.5201822916666666 0.23106060606060622 0.5201822916666666 0.37642045454545464 0.5861545138888888 0.37642045454545464
16 0.4817708333333333 0.5620265151515154 0.4368489583333333 0.5620265151515154 0.4368489583333333 0.6879734848484851 0.4817708333333333 0.6879734848484851
24 0.443359375 0.631628787878788 0.3858506944444444 0.6316287878787878 0.3858506944444444 0.7713068181818183 0.443359375 0.7713068181818183
32 0.7276475694444444 0.5677083333333336 0.6610243055555556 0.5677083333333336 0.6610243055555556 0.7296401515151517 0.7276475694444444 0.7296401515151517
23 0.04513888888888891 0.19270833333333334 1.0816650331010694e-17 0.19270833333333334 1.56535799630597e-17 0.3650568181818182 0.045138888888888916 0.3650568181818182
29 0.2654079861111111 0.1136363636363637 0.19205729166666666 0.11363636363636369 0.19205729166666666 0.2561553030303031 0.2654079861111111 0.25615530303030315
25 0.2721354166666667 0.24479166666666677 0.20399305555555555 0.24479166666666677 0.20399305555555555 0.3678977272727274 0.2721354166666667 0.3678977272727274
18 0.2914496527777778 0.3404356060606062 0.2228732638888889 0.3404356060606062 0.2228732638888889 0.4843750000000001 0.2914496527777778 0.4843750000000001
18 0.2890625 0.49573863636363635 0.2263454861111111 0.49573863636363635 0.2263454861111111 0.6084280303030303 0.2890625 0.6084280303030303
31 0.259765625 0.7040719696969697 0.19097222222222227 0.7040719696969697 0.19097222222222227 0.8503787878787878 0.259765625 0.8503787878787878
31 0.43619791666666674 0.8683712121212123 0.36328125 0.8683712121212122 0.36328125000000006 1 0.43619791666666674 1
0 0.4546440972222222 0.7642045454545456 0.4060329861111111 0.7642045454545456 0.40603298611111116 0.9000946969696972 0.4546440972222222 0.9000946969696972
30 0.4937065972222222 0.6808712121212124 0.4416232638888889 0.6808712121212124 0.4416232638888889 0.8262310606060608 0.4937065972222222 0.8262310606060608
29 0.5470920138888888 0.7211174242424244 0.482421875 0.7211174242424244 0.482421875 0.8323863636363639 0.5470920138888888 0.8323863636363639
26 0.6829427083333334 0.6619318181818183 0.6111111111111112 0.6619318181818183 0.6111111111111112 0.8120265151515154 0.6829427083333334 0.8120265151515154
33 0.6770833333333334 0.31865530303030326 0.6232638888888888 0.31865530303030326 0.6232638888888888 0.4540719696969699 0.6770833333333334 0.4540719696969699
27 0.6319444444444444 0.2769886363636365 0.5783420138888888 0.27698863636363646 0.5783420138888888 0.41287878787878807 0.6319444444444444 0.41287878787878807
12 0.6490885416666666 0.14157196969696986 0.5959201388888888 0.14157196969696986 0.5959201388888888 0.28787878787878807 0.6490885416666666 0.28787878787878807
22 0.6011284722222222 0.12263257575757591 0.541015625 0.12263257575757591 0.541015625 0.26846590909090917 0.6011284722222222 0.26846590909090917
2 0.6801215277777778 0.0539772727272729 0.607421875 0.05397727272727289 0.607421875 0.20785984848484865 0.6801215277777778 0.20785984848484865
24 0.5659722222222222 1.4122288254372057e-16 0.4911024305555556 1.3122044064727557e-16 0.4911024305555556 0.16003787878787892 0.5659722222222222 0.16003787878787895
28 0.5562065972222222 0.1363636363636365 0.4876302083333333 0.13636363636363646 0.4876302083333333 0.2675189393939395 0.5562065972222222 0.2675189393939395
8 0.4375 0.11553030303030314 0.3734809027777778 0.11553030303030314 0.3734809027777778 0.23390151515151525 0.4375 0.23390151515151525
23 0.4424913194444444 0.29119318181818193 0.3953993055555556 0.29119318181818193 0.3953993055555556 0.42140151515151525 0.4424913194444444 0.42140151515151525
21 0.3923611111111111 0.2902462121212122 0.3439670138888889 0.2902462121212122 0.3439670138888889 0.4180871212121213 0.3923611111111111 0.4180871212121213
11 0.5164930555555556 0.45643939393939403 0.44921875 0.45643939393939403 0.44921875 0.5989583333333336 0.5164930555555556 0.5989583333333336
2 0.4407552083333333 0.4938446969696971 0.3862847222222222 0.49384469696969696 0.3862847222222222 0.6259469696969698 0.4407552083333333 0.62594696969697
13 0.4509548611111111 0.40956439393939403 0.3873697916666667 0.40956439393939403 0.3873697916666667 0.5085227272727274 0.4509548611111111 0.5085227272727275
11 0.3949652777777778 0.40909090909090917 0.3324652777777778 0.40909090909090917 0.3324652777777778 0.5104166666666666 0.3949652777777778 0.5104166666666666
30 0.3409288194444444 0.34990530303030315 0.2849392361111111 0.34990530303030315 0.2849392361111111 0.49384469696969696 0.3409288194444444 0.49384469696969696
6 0.4537760416666667 0.21259469696969707 0.3904079861111111 0.21259469696969707 0.3904079861111111 0.30823863636363646 0.4537760416666667 0.30823863636363646