6 0.7875434027777778 0.05587121212121232 0.7105034722222222 0.05587121212121231 0.7105034722222222 0.23390151515151536 0.7875434027777778 0.23390151515151536
8 0.7582465277777778 0.22869318181818202 0.6864149305555556 0.228693181818182 0.6864149305555556 0.40767045454545475 0.7582465277777778 0.40767045454545475
10 0.7819010416666666 0.39725378787878807 0.7135416666666666 0.39725378787878807 0.7135416666666666 0.5738636363636366 0.7819010416666666 0.5738636363636366
20 0.8860677083333334 0.5336174242424244 0.8068576388888888 0.5336174242424244 0.8068576388888888 0.7088068181818183 0.8860677083333334 0.7088068181818183
15 0.904296875 0.7732007575757578 0.8472222222222222 0.7732007575757578 0.8472222222222222 0.9299242424242427 0.904296875 0.9299242424242427
26 0.580078125 0.06960227272727287 0.5186631944444444 0.06960227272727286 0.5186631944444444 0.2376893939393941 0.580078125 0.2376893939393941
26 0.6475694444444444 0.1898674242424244 0.5694444444444444 0.1898674242424244 0.5694444444444444 0.3304924242424244 0.6475694444444444 0.3304924242424245
12 0.6069878472222222 0.5213068181818183 0.5390625 0.5213068181818183 0.5390625 0.6903409090909093 0.6069878472222222 0.6903409090909093
4 0.681640625 0.30445075757575774 0.6032986111111112 0.3044507575757577 0.6032986111111112 0.4801136363636365 0.681640625 0.4801136363636366
27 0.7111545138888888 0.4223484848484851 0.630859375 0.4223484848484851 0.630859375 0.5738636363636366 0.7111545138888888 0.5738636363636366
23 0.6234809027777778 0.653882575757576 0.54296875 0.653882575757576 0.54296875 0.8409090909090912 0.6234809027777778 0.8409090909090912
29 0.5753038194444444 0.6079545454545456 0.4993489583333333 0.6079545454545456 0.4993489583333333 0.7528409090909093 0.5753038194444444 0.7528409090909093
2 0.4650607638888889 0.6486742424242425 0.3791232638888889 0.6486742424242424 0.3791232638888889 0.8214962121212123 0.4650607638888889 0.8214962121212124
24 0.5607638888888888 0.8053977272727275 0.4798177083333333 0.8053977272727275 0.4798177083333333 0.9820075757575758 0.5607638888888888 0.9820075757575758
0 0.6807725694444444 0.6988636363636366 0.6013454861111112 0.6988636363636366 0.6013454861111112 0.8357007575757578 0.6807725694444444 0.8357007575757578
24 0.7352430555555556 0.7021780303030305 0.6627604166666666 0.7021780303030305 0.6627604166666666 0.8480113636363639 0.7352430555555556 0.8480113636363639
19 0.6831597222222222 0.79782196969697 0.6156684027777778 0.79782196969697 0.6156684027777778 0.9303977272727275 0.6831597222222222 0.9303977272727275
28 0.7157118055555556 0.5553977272727275 0.6427951388888888 0.5553977272727275 0.6427951388888888 0.700757575757576 0.7157118055555556 0.700757575757576
22 0.6599392361111112 0.5539772727272729 0.591796875 0.5539772727272729 0.591796875 0.7296401515151517 0.6599392361111112 0.7296401515151517
21 0.1898871527777778 0.06581439393939398 0.09526909722222222 0.06581439393939396 0.09526909722222224 0.27320075757575757 0.1898871527777778 0.27320075757575757
33 0.6163194444444444 0.4090909090909092 0.5358072916666666 0.40909090909090917 0.5358072916666666 0.5639204545454548 0.6163194444444444 0.5639204545454548
32 0.5939670138888888 0.29971590909090917 0.5138888888888888 0.29971590909090917 0.5138888888888888 0.44554924242424254 0.5939670138888888 0.44554924242424254
30 0.810546875 0.6472537878787881 0.7428385416666666 0.6472537878787881 0.7428385416666666 0.8087121212121214 0.810546875 0.8087121212121214
20 0.6516927083333334 1.6259041784134368e-16 0.5653211805555556 1.5105136892892305e-16 0.5653211805555556 0.12215909090909106 0.6516927083333334 0.12215909090909106
20 0.7725694444444444 1.9555498722180155e-16 0.6911892361111112 1.8468276776914393e-16 0.6911892361111112 0.06770833333333354 0.7725694444444444 0.06770833333333355
20 0.9995659722222222 0.5970643939393941 0.9806857638888888 0.5970643939393941 0.9806857638888888 0.7054924242424244 0.9995659722222222 0.7054924242424244