24 0.5911458333333334 0.603693181818182 0.5167100694444444 0.603693181818182 0.5167100694444444 0.7518939393939396 0.5911458333333334 0.7518939393939396
23 0.5397135416666666 0.18181818181818196 0.4871961805555556 0.18181818181818193 0.4871961805555556 0.3399621212121213 0.5397135416666666 0.3399621212121213
0 0.6247829861111112 0.19176136363636379 0.5536024305555556 0.19176136363636379 0.5536024305555556 0.3120265151515153 0.6247829861111112 0.31202651515151536
29 0.6087239583333334 0.4199810606060608 0.5388454861111112 0.4199810606060607 0.5388454861111112 0.5336174242424244 0.6087239583333334 0.5336174242424244
32 0.6362847222222222 0.810132575757576 0.564453125 0.810132575757576 0.564453125 0.9498106060606063 0.6362847222222222 0.9498106060606063
33 0.7810329861111112 0.002367424242424439 0.6883680555555556 0.002367424242424427 0.6883680555555556 0.13352272727272746 0.7810329861111112 0.1335227272727275
19 0.8693576388888888 0.5303030303030305 0.8072916666666666 0.5303030303030305 0.8072916666666666 0.6969696969696972 0.8693576388888888 0.6969696969696972
4 0.857421875 0.36079545454545475 0.7693142361111112 0.36079545454545475 0.7693142361111112 0.5435606060606063 0.857421875 0.5435606060606063
18 0.8216145833333334 0.2684659090909093 0.7358940972222222 0.2684659090909093 0.7358940972222222 0.4498106060606063 0.8216145833333334 0.4498106060606063
15 0.7493489583333334 0.3181818181818184 0.6666666666666666 0.3181818181818184 0.6666666666666666 0.46306818181818205 0.7493489583333334 0.46306818181818205
29 0.7834201388888888 0.4550189393939396 0.7068142361111112 0.4550189393939396 0.7068142361111112 0.5970643939393941 0.7834201388888888 0.5970643939393941
26 0.814453125 0.5539772727272729 0.7504340277777778 0.5539772727272729 0.7504340277777778 0.722537878787879 0.814453125 0.722537878787879
14 0.7847222222222222 0.6789772727272729 0.7029079861111112 0.6789772727272729 0.7029079861111112 0.8465909090909093 0.7847222222222222 0.8465909090909093
33 0.7502170138888888 0.5984848484848487 0.6707899305555556 0.5984848484848487 0.6707899305555556 0.7784090909090912 0.7502170138888888 0.7784090909090912
28 0.6831597222222222 0.5838068181818183 0.6043836805555556 0.5838068181818183 0.6043836805555556 0.7376893939393941 0.6831597222222222 0.7376893939393941
7 0.7146267361111112 0.4815340909090911 0.6384548611111112 0.4815340909090911 0.6384548611111112 0.6188446969696972 0.7146267361111112 0.6188446969696972
11 0.6877170138888888 0.3929924242424245 0.6102430555555556 0.3929924242424245 0.6102430555555556 0.5369318181818183 0.6877170138888888 0.5369318181818183
30 0.6536458333333334 0.3049242424242426 0.5724826388888888 0.30492424242424254 0.5724826388888888 0.43939393939393956 0.6536458333333334 0.4393939393939396
30 0.7057291666666666 0.17234848484848503 0.6306423611111112 0.172348484848485 0.6306423611111112 0.3560606060606063 0.7057291666666666 0.3560606060606063
29 0.791015625 0.13257575757575776 0.705078125 0.13257575757575774 0.705078125 0.31912878787878807 0.791015625 0.31912878787878807
12 0.5846354166666666 0.30823863636363646 0.5091145833333334 0.30823863636363646 0.5091145833333334 0.4412878787878789 0.5846354166666666 0.4412878787878789
2 0.62890625 0.5123106060606063 0.5518663194444444 0.5123106060606063 0.5518663194444444 0.6619318181818183 0.62890625 0.6619318181818183
26 0.6610243055555556 0.6832386363636366 0.5859375 0.6832386363636366 0.5859375 0.8238636363636366 0.6610243055555556 0.8238636363636366
27 0.5049913194444444 0.7561553030303032 0.4255642361111111 0.7561553030303032 0.42556423611111116 0.90719696969697 0.5049913194444444 0.90719696969697
11 0.5158420138888888 0.5265151515151517 0.4370659722222222 0.5265151515151517 0.4370659722222222 0.6865530303030305 0.5158420138888888 0.6865530303030305
31 0.5234375 0.3768939393939395 0.4470486111111111 0.3768939393939395 0.4470486111111111 0.5374053030303032 0.5234375 0.5374053030303032
13 0.5570746527777778 0.4621212121212122 0.4826388888888889 0.4621212121212122 0.4826388888888889 0.6245265151515154 0.5570746527777778 0.6245265151515154
21 0.4450954861111111 0.32575757575757586 0.3693576388888889 0.32575757575757586 0.3693576388888889 0.47490530303030315 0.4450954861111111 0.47490530303030315
17 0.4576822916666667 0.450284090909091 0.3908420138888889 0.450284090909091 0.3908420138888889 0.6197916666666667 0.4576822916666667 0.6197916666666669