8 0.926513671875 0.35058593750000017 0.790771484375 0.35058593750000017 0.790771484375 0.4820963541666668 0.926513671875 0.4820963541666668
15 0.85791015625 0.5384114583333335 0.717529296875 0.5384114583333335 0.717529296875 0.6764322916666666 0.85791015625 0.6764322916666666
17 0.791015625 0.3600260416666668 0.687744140625 0.3600260416666668 0.687744140625 0.5400390625000001 0.791015625 0.5400390625000001
14 0.96044921875 0.4690755208333335 0.84912109375 0.4690755208333335 0.84912109375 0.6500651041666669 0.96044921875 0.6500651041666669
27 0.676025390625 0.7936197916666666 0.520751953125 0.7936197916666666 0.520751953125 0.9807942708333334 0.676025390625 0.9807942708333334
24 0.800537109375 0.7223307291666666 0.663330078125 0.7223307291666666 0.663330078125 0.9222005208333334 0.800537109375 0.9222005208333334
26 0.728759765625 0.5218098958333335 0.609619140625 0.5218098958333335 0.609619140625 0.7080078125 0.728759765625 0.7080078125
19 0.62890625 0.5439453125000001 0.4931640625 0.5439453125000001 0.49316406250000006 0.6868489583333334 0.62890625 0.6868489583333334
12 0.528076171875 0.35253906250000006 0.407958984375 0.3525390625 0.407958984375 0.49479166666666674 0.528076171875 0.4947916666666668
14 0.25 0.14355468750000003 0.134033203125 0.14355468750000003 0.134033203125 0.2858072916666667 0.25 0.28580729166666674
16 0.19726562500000006 0.3515625 0.08203125000000003 0.3515625 0.08203125000000004 0.4612630208333333 0.19726562500000006 0.4612630208333333
9 0.17529296875000006 0.4996744791666667 0.06787109375000006 0.4996744791666667 0.06787109375000006 0.6565755208333334 0.17529296875000006 0.6565755208333334
16 0.3564453125000001 0.6969401041666666 0.23095703125000006 0.6969401041666666 0.23095703125000006 0.8548177083333334 0.3564453125000001 0.8548177083333334
23 0.49658203125000006 0.5836588541666667 0.374267578125 0.5836588541666666 0.37426757812500006 0.7141927083333334 0.4965820312500001 0.7141927083333334
21 0.39404296875000006 0.5029296875 0.26708984375 0.5029296875 0.26708984375000006 0.654296875 0.3940429687500001 0.654296875
6 0.4682617187500001 0.8177083333333334 0.3693847656250001 0.8177083333333334 0.3693847656250001 0.9977213541666666 0.4682617187500001 0.9977213541666666
33 0.517822265625 0.09114583333333341 0.400146484375 0.09114583333333341 0.400146484375 0.26367187500000006 0.517822265625 0.26367187500000006
25 0.6982421875 0.671875 0.54736328125 0.671875 0.54736328125 0.8590494791666666 0.6982421875 0.8590494791666666
7 0.5791015625 0.0029296875000000837 0.448974609375 0.002929687500000073 0.448974609375 0.1682942708333334 0.5791015625 0.1682942708333334
10 0.6005859375 0.19921875000000008 0.481201171875 0.19921875000000008 0.481201171875 0.37304687500000017 0.6005859375 0.37304687500000017
9 0.4169921875 0.1868489583333334 0.301025390625 0.1868489583333334 0.301025390625 0.3352864583333333 0.4169921875 0.3352864583333333
9 0.32177734375 0.31282552083333337 0.20263671875000006 0.3128255208333333 0.20263671875000006 0.4547526041666667 0.32177734375 0.4547526041666667
28 0.27124023437500006 0.5237630208333334 0.16552734375000006 0.5237630208333334 0.16552734375000006 0.7027994791666666 0.2712402343750001 0.7027994791666666
13 0.22094726562500006 0.7024739583333334 0.12524414062500006 0.7024739583333334 0.12524414062500006 0.8802083333333334 0.22094726562500006 0.8802083333333334
4 0.294921875 0.2223307291666667 0.1669921875 0.22233072916666666 0.16699218750000003 0.375 0.294921875 0.375
20 0.403564453125 0.3580729166666667 0.263916015625 0.3580729166666667 0.263916015625 0.5198567708333334 0.403564453125 0.5198567708333334
28 0.580810546875 0.44824218750000006 0.442626953125 0.4482421875 0.442626953125 0.5862630208333334 0.580810546875 0.5862630208333335
32 0.690185546875 0.36425781250000017 0.552978515625 0.36425781250000017 0.552978515625 0.49902343750000017 0.690185546875 0.49902343750000017
30 0.524169921875 0.69921875 0.4001464843750001 0.69921875 0.4001464843750001 0.8453776041666666 0.524169921875 0.8453776041666666
29 0.685546875 0.15006510416666677 0.59228515625 0.15006510416666677 0.59228515625 0.3056640625000001 0.685546875 0.30566406250000017
32 0.4052734375 0.09440104166666673 0.28759765625 0.0944010416666667 0.28759765625 0.21451822916666674 0.4052734375 0.21451822916666674
3 0.82421875 0.20670572916666682 0.685302734375 0.20670572916666682 0.685302734375 0.3518880208333335 0.82421875 0.3518880208333335