26 0.5824652777777778 0.6235795454545456 0.5203993055555556 0.6235795454545456 0.5203993055555556 0.7646780303030305 0.5824652777777778 0.7646780303030305
31 0.35677083333333337 0.8314393939393939 0.2868923611111111 0.8314393939393939 0.28689236111111116 0.9820075757575758 0.3567708333333334 0.9820075757575758
0 0.3728298611111111 0.7339015151515151 0.3229166666666667 0.7339015151515151 0.3229166666666667 0.8707386363636364 0.3728298611111111 0.8707386363636364
29 0.4578993055555556 0.6794507575757577 0.3967013888888889 0.6794507575757576 0.3967013888888889 0.7921401515151516 0.4578993055555556 0.7921401515151517
30 0.4079861111111111 0.6524621212121213 0.3572048611111111 0.6524621212121212 0.3572048611111111 0.8025568181818183 0.4079861111111111 0.8025568181818183
7 0.5134548611111112 0.67282196969697 0.4450954861111111 0.67282196969697 0.4450954861111111 0.7940340909090912 0.5134548611111112 0.7940340909090912
19 0.3331163194444444 0.6946022727272727 0.279296875 0.6946022727272727 0.279296875 0.8428030303030303 0.3331163194444444 0.8428030303030303
18 0.2960069444444444 0.6373106060606061 0.22721354166666666 0.6373106060606061 0.22721354166666666 0.7992424242424242 0.2960069444444444 0.7992424242424242
17 0.3205295138888889 0.5639204545454546 0.2517361111111111 0.5639204545454546 0.2517361111111111 0.7102272727272727 0.3205295138888889 0.7102272727272727
24 0.3639322916666667 0.6060606060606061 0.2955729166666667 0.6060606060606061 0.2955729166666667 0.7637310606060606 0.3639322916666667 0.7637310606060606
16 0.39453125 0.537405303030303 0.3446180555555556 0.537405303030303 0.3446180555555556 0.6742424242424242 0.39453125 0.6742424242424242
11 0.4244791666666667 0.43892045454545464 0.3604600694444444 0.43892045454545464 0.3604600694444444 0.5809659090909092 0.4244791666666667 0.5809659090909093
26 0.4609375 0.3650568181818183 0.4001736111111111 0.3650568181818183 0.4001736111111111 0.5255681818181819 0.4609375 0.525568181818182
6 0.4155815972222222 0.3437500000000001 0.349609375 0.3437500000000001 0.349609375 0.4734848484848486 0.4155815972222222 0.4734848484848486
13 0.3589409722222222 0.3574810606060607 0.2897135416666667 0.3574810606060607 0.2897135416666667 0.5014204545454546 0.3589409722222222 0.5014204545454546
33 0.5789930555555556 0.2883522727272728 0.5282118055555556 0.2883522727272728 0.5282118055555556 0.4431818181818183 0.5789930555555556 0.4431818181818183
27 0.5286458333333334 0.2589962121212122 0.4813368055555556 0.2589962121212122 0.4813368055555556 0.3996212121212122 0.5286458333333334 0.3996212121212122
4 0.4850260416666667 0.2244318181818183 0.4246961805555556 0.2244318181818183 0.4246961805555556 0.38636363636363646 0.4850260416666667 0.38636363636363646
12 0.5477430555555556 0.13778409090909105 0.498046875 0.13778409090909102 0.498046875 0.2727272727272728 0.5477430555555556 0.2727272727272728
2 0.5785590277777778 0.03503787878787893 0.5093315972222222 0.03503787878787892 0.5093315972222222 0.18276515151515169 0.5785590277777778 0.18276515151515169
22 0.4991319444444444 0.10984848484848497 0.4468315972222222 0.10984848484848496 0.4468315972222222 0.25142045454545464 0.4991319444444444 0.25142045454545464
28 0.4529079861111111 0.12736742424242434 0.3921440972222222 0.12736742424242434 0.3921440972222222 0.2575757575757577 0.4529079861111111 0.2575757575757577
24 0.4661458333333333 1.1504257810172103e-16 0.3949652777777778 1.0553301015379653e-16 0.3949652777777778 0.13967803030303041 0.4661458333333333 0.13967803030303041
29 0.3982204861111111 0.05729166666666677 0.3311631944444444 0.05729166666666676 0.3311631944444444 0.17992424242424254 0.3982204861111111 0.17992424242424254
17 0.3465711805555556 0.10416666666666674 0.2775607638888889 0.10416666666666674 0.2775607638888889 0.20833333333333343 0.3465711805555556 0.20833333333333345
6 0.365234375 0.19081439393939403 0.29296875 0.190814393939394 0.29296875 0.3110795454545456 0.365234375 0.3110795454545456
23 0.3016493055555556 0.2395833333333334 0.2341579861111111 0.2395833333333334 0.2341579861111111 0.3664772727272728 0.3016493055555556 0.3664772727272728
19 0.2426215277777778 0.20596590909090914 0.1723090277777778 0.20596590909090914 0.1723090277777778 0.3413825757575758 0.2426215277777778 0.34138257575757586
25 0.19053819444444445 0.23816287878787884 0.11957465277777778 0.23816287878787884 0.11957465277777778 0.3816287878787879 0.19053819444444445 0.3816287878787879
29 0.1762152777777778 0.11553030303030307 0.1072048611111111 0.11553030303030305 0.10720486111111112 0.26988636363636365 0.1762152777777778 0.26988636363636365
2 0.2523871527777778 0.4436553030303031 0.18142361111111116 0.44365530303030304 0.18142361111111116 0.5767045454545454 0.2523871527777778 0.5767045454545454
21 0.06076388888888894 0.8148674242424242 4.573821921294694e-17 0.8148674242424242 5.018978906661841e-17 0.9734848484848485 0.06076388888888894 0.9734848484848485
17 0.1334635416666667 0.9071969696969697 0.05815972222222227 0.9071969696969697 0.05815972222222227 0.9995265151515151 0.1334635416666667 0.9995265151515151
32 0.6295572916666666 0.5232007575757578 0.5609809027777778 0.5232007575757578 0.5609809027777778 0.6808712121212124 0.6295572916666666 0.6808712121212124