25 0.523193359375 0.47753906250000006 0.414306640625 0.4775390625 0.414306640625 0.6028645833333334 0.523193359375 0.6028645833333335
23 0.259521484375 0.4534505208333333 0.19458007812500006 0.4534505208333333 0.19458007812500006 0.599609375 0.259521484375 0.599609375
4 0.76123046875 0.5742187500000001 0.649169921875 0.5742187500000001 0.649169921875 0.7552083333333334 0.76123046875 0.7552083333333334
31 0.24609375000000003 0.28125000000000006 0.159912109375 0.28125 0.15991210937500003 0.4368489583333333 0.24609375000000006 0.4368489583333333
33 0.5546875 0.36523437500000006 0.4365234375 0.365234375 0.4365234375 0.48632812500000006 0.5546875 0.48632812500000017
29 0.19482421875000006 0.4567057291666667 0.11035156250000006 0.4567057291666667 0.11035156250000006 0.5631510416666666 0.19482421875000006 0.5631510416666666
20 0.336669921875 0.33072916666666674 0.22851562500000006 0.33072916666666674 0.22851562500000006 0.4641927083333333 0.336669921875 0.4641927083333333
3 0.43896484375 0.3411458333333333 0.32861328125 0.3411458333333333 0.32861328125 0.4654947916666667 0.43896484375 0.4654947916666667
15 0.283203125 0.001953125000000037 0.166259765625 0.0019531250000000273 0.166259765625 0.11458333333333337 0.283203125 0.11458333333333337
4 0.40747070312500006 0.4609375 0.33251953125 0.4609375 0.33251953125000006 0.61328125 0.4074707031250001 0.61328125
21 0.497314453125 0.00195312500000007 0.359130859375 0.0019531250000000585 0.359130859375 0.16308593750000008 0.497314453125 0.16308593750000008
30 0.55859375 0.7161458333333334 0.4172363281250001 0.7161458333333334 0.4172363281250001 0.876953125 0.55859375 0.876953125
27 0.18725585937500006 0.685546875 0.07177734375000006 0.685546875 0.07177734375000007 0.8518880208333334 0.18725585937500006 0.8518880208333334
18 0.08129882812500006 0.5224609375 4.798725860916753e-17 0.5224609375 5.508817693918453e-17 0.6770833333333334 0.08129882812500006 0.6770833333333334
17 0.34716796875000006 0.4723307291666667 0.26025390625 0.4723307291666667 0.26025390625000006 0.6389973958333334 0.3471679687500001 0.6389973958333334
1 0.17456054687500006 0.3053385416666667 0.06811523437500003 0.3053385416666667 0.06811523437500004 0.458984375 0.17456054687500006 0.458984375
1 0.11572265625000003 0.2373046875 0.01318359375000002 0.2373046875 0.013183593750000028 0.3942057291666667 0.11572265625000003 0.3942057291666667
27 0.19506835937500003 0.16113281250000003 0.09570312500000003 0.1611328125 0.09570312500000003 0.3277994791666667 0.19506835937500006 0.3277994791666667
31 0.276123046875 0.10937500000000004 0.1513671875 0.10937500000000004 0.1513671875 0.2867838541666667 0.276123046875 0.28678385416666674
27 0.48779296875000006 0.5921223958333334 0.37744140625 0.5921223958333334 0.37744140625000006 0.765625 0.4877929687500001 0.765625
13 0.611083984375 0.5768229166666669 0.46875 0.5768229166666669 0.46875000000000006 0.7301432291666666 0.611083984375 0.7301432291666666
7 0.682373046875 0.4358723958333335 0.534912109375 0.4358723958333335 0.534912109375 0.6256510416666669 0.682373046875 0.6256510416666669
12 0.80810546875 0.3795572916666668 0.650634765625 0.3795572916666668 0.650634765625 0.5751953125000001 0.80810546875 0.5751953125000001
9 0.702392578125 0.2799479166666668 0.554443359375 0.27994791666666674 0.554443359375 0.46875000000000017 0.702392578125 0.46875000000000017
6 0.684814453125 0.1044921875000001 0.534423828125 0.10449218750000007 0.534423828125 0.3040364583333334 0.684814453125 0.3040364583333335
3 0.55615234375 0.06933593750000008 0.416748046875 0.06933593750000007 0.416748046875 0.2513020833333334 0.55615234375 0.2513020833333334
14 0.422119140625 0.07128906250000007 0.2919921875 0.07128906250000006 0.2919921875 0.2464192708333334 0.422119140625 0.2464192708333334
21 0.632568359375 9.182857753372161e-17 0.4921875 8.036744619404505e-17 0.4921875 0.17675781250000008 0.632568359375 0.17675781250000008
24 0.788818359375 0.19108072916666677 0.628662109375 0.19108072916666674 0.628662109375 0.3932291666666668 0.788818359375 0.3932291666666668
16 0.449951171875 0.2239583333333334 0.326904296875 0.2239583333333334 0.326904296875 0.3597005208333333 0.449951171875 0.3597005208333333
10 0.56591796875 0.24186197916666674 0.43701171875 0.24186197916666674 0.43701171875 0.3723958333333334 0.56591796875 0.3723958333333335
1 0.18701171875 2.3659761565558403e-17 0.102783203125 1.6783082761752465e-17 0.102783203125 0.13216145833333334 0.18701171875 0.13216145833333337
0 0.11352539062500001 0.001627604166666678 0.0263671875 0.0016276041666666706 0.026367187500000007 0.15169270833333334 0.11352539062500003 0.15169270833333337