8 0.36669921875 0.32226562500000006 0.2607421875 0.32226562500000006 0.2607421875 0.470703125 0.36669921875 0.470703125
9 0.47216796875 0.30533854166666674 0.3623046875 0.30533854166666674 0.3623046875 0.4075520833333334 0.47216796875 0.4075520833333335
27 0.84375 0.7119140625 0.69873046875 0.7119140625 0.69873046875 0.8697916666666666 0.84375 0.8697916666666666
21 0.501953125 0.1761067708333334 0.415283203125 0.1761067708333334 0.415283203125 0.31510416666666674 0.501953125 0.31510416666666674
28 0.479248046875 0.40625000000000006 0.3916015625 0.40625 0.3916015625 0.5472005208333334 0.479248046875 0.5472005208333335
33 0.39501953125 0.19303385416666674 0.281982421875 0.19303385416666674 0.281982421875 0.2962239583333334 0.39501953125 0.2962239583333334
33 0.220947265625 0.19921875 0.11743164062500003 0.19921875 0.11743164062500003 0.2994791666666667 0.220947265625 0.2994791666666667
1 0.18847656250000006 0.4231770833333333 0.08764648437500003 0.4231770833333333 0.08764648437500004 0.5537109375 0.18847656250000006 0.5537109375
17 0.26806640625 0.4189453125 0.16162109375000006 0.4189453125 0.16162109375000006 0.5660807291666666 0.26806640625 0.5660807291666666
22 0.19873046875000006 0.3212890625 0.09228515625000003 0.3212890625 0.09228515625000003 0.41796875 0.19873046875000006 0.41796875
15 0.10595703125000006 0.4703776041666667 0.01660156250000004 0.4703776041666667 0.01660156250000005 0.6123046875 0.10595703125000006 0.6123046875
5 0.19653320312500006 0.5478515625 0.08593750000000006 0.5478515625 0.08593750000000006 0.6481119791666666 0.19653320312500006 0.6481119791666666
16 0.395751953125 0.4534505208333333 0.27734375 0.4534505208333333 0.27734375 0.5872395833333334 0.395751953125 0.5872395833333334
16 0.3483886718750001 0.6549479166666666 0.22143554687500006 0.6549479166666666 0.22143554687500006 0.8033854166666666 0.3483886718750001 0.8033854166666666
27 0.24536132812500006 0.6949869791666666 0.13330078125000006 0.6949869791666666 0.13330078125000006 0.833984375 0.24536132812500006 0.833984375
20 0.44921875000000006 0.5374348958333334 0.32470703125 0.5374348958333334 0.32470703125000006 0.6712239583333334 0.4492187500000001 0.6712239583333334
9 0.51220703125 0.5973307291666667 0.39306640625 0.5973307291666666 0.39306640625000006 0.7415364583333334 0.51220703125 0.7415364583333334
20 0.52099609375 0.7233072916666666 0.4033203125000001 0.7233072916666666 0.4033203125000001 0.8466796875 0.52099609375 0.8466796875
15 0.3146972656250001 0.8072916666666666 0.20483398437500006 0.8072916666666666 0.20483398437500008 0.9462890625 0.3146972656250001 0.9462890625
13 0.18383789062500008 0.8271484375 0.10961914062500008 0.8271484375 0.10961914062500008 0.9632161458333334 0.1838378906250001 0.9632161458333334
31 0.6240234375 0.5406901041666669 0.4931640625 0.5406901041666669 0.49316406250000006 0.6826171875 0.6240234375 0.6826171875
10 0.686279296875 0.6129557291666669 0.563232421875 0.6129557291666669 0.563232421875 0.7666015625 0.686279296875 0.7666015625
5 0.710693359375 0.3619791666666668 0.591552734375 0.3619791666666668 0.591552734375 0.4820963541666668 0.710693359375 0.4820963541666668
29 0.862060546875 0.24674479166666682 0.740478515625 0.24674479166666682 0.740478515625 0.4212239583333335 0.862060546875 0.4212239583333335
7 0.749267578125 0.08268229166666678 0.64208984375 0.08268229166666678 0.64208984375 0.2626953125000001 0.749267578125 0.26269531250000017
14 0.6728515625 0.041992187500000104 0.5498046875 0.04199218750000009 0.5498046875 0.2112630208333334 0.6728515625 0.2112630208333334
9 0.629638671875 0.15852864583333343 0.5048828125 0.1585286458333334 0.5048828125 0.31933593750000006 0.629638671875 0.31933593750000006
4 0.5263671875 0.07747395833333341 0.43017578125 0.07747395833333341 0.43017578125 0.17773437500000008 0.5263671875 0.17773437500000008
13 0.598876953125 0.4283854166666668 0.487548828125 0.4283854166666668 0.487548828125 0.5387369791666669 0.598876953125 0.5387369791666669
33 0.607666015625 0.6813151041666666 0.4970703125000001 0.6813151041666666 0.4970703125000001 0.8434244791666666 0.607666015625 0.8434244791666666
3 0.73583984375 0.4798177083333335 0.5986328125 0.4798177083333335 0.5986328125 0.6376953125000001 0.73583984375 0.6376953125000001
3 0.596435546875 0.3147786458333334 0.4765625 0.3147786458333334 0.4765625 0.4466145833333335 0.596435546875 0.4466145833333335
28 0.12988281250000008 0.9049479166666666 0.04589843750000008 0.9049479166666666 0.04589843750000009 0.9996744791666666 0.1298828125000001 0.9996744791666666
32 0.82568359375 0.3987630208333335 0.701904296875 0.3987630208333335 0.701904296875 0.5849609375000001 0.82568359375 0.5849609375000001