25 0.739013671875 0.5048828125000001 0.671142578125 0.5048828125000001 0.671142578125 0.6113281250000001 0.739013671875 0.6113281250000001
19 0.68310546875 0.5416666666666669 0.5947265625 0.5416666666666669 0.5947265625 0.6282552083333335 0.68310546875 0.6282552083333335
27 0.783935546875 0.40722656250000017 0.71044921875 0.40722656250000017 0.71044921875 0.5169270833333335 0.783935546875 0.5169270833333335
23 0.804443359375 0.6510416666666669 0.7412109375 0.6510416666666669 0.7412109375 0.7477213541666666 0.804443359375 0.7477213541666666
5 0.591796875 0.5722656250000001 0.525390625 0.5722656250000001 0.525390625 0.6481119791666669 0.591796875 0.6481119791666669
13 0.672119140625 0.6171875000000001 0.59228515625 0.6171875000000001 0.59228515625 0.7080078125 0.672119140625 0.7080078125
6 0.5029296875 0.5543619791666667 0.4111328125 0.5543619791666666 0.41113281250000006 0.6617838541666667 0.5029296875 0.6617838541666669
21 0.55712890625 0.26660156250000006 0.473388671875 0.26660156250000006 0.473388671875 0.3665364583333335 0.55712890625 0.3665364583333335
31 0.729736328125 0.24967447916666677 0.6640625 0.24967447916666674 0.6640625 0.3216145833333334 0.729736328125 0.3216145833333335
13 0.602783203125 0.30240885416666674 0.522216796875 0.30240885416666674 0.522216796875 0.3981119791666668 0.602783203125 0.3981119791666668
16 0.6484375 0.39453125000000017 0.578857421875 0.39453125000000017 0.578857421875 0.49804687500000017 0.6484375 0.49804687500000017
20 0.7060546875 0.39160156250000017 0.635009765625 0.39160156250000017 0.635009765625 0.49902343750000017 0.7060546875 0.49902343750000017
21 0.82568359375 0.5764973958333335 0.74267578125 0.5764973958333335 0.74267578125 0.6448567708333335 0.82568359375 0.6448567708333335
12 0.808349609375 0.5113932291666669 0.730224609375 0.5113932291666669 0.730224609375 0.5787760416666669 0.808349609375 0.5787760416666669
4 0.720947265625 0.3212890625000001 0.64501953125 0.32128906250000006 0.64501953125 0.3909505208333335 0.720947265625 0.3909505208333335
17 0.498779296875 0.37695312500000006 0.419921875 0.376953125 0.419921875 0.4622395833333334 0.498779296875 0.4622395833333335
30 0.574462890625 0.4114583333333335 0.5009765625 0.4114583333333335 0.5009765625 0.4895833333333335 0.574462890625 0.4895833333333335
3 0.51318359375 0.4544270833333334 0.42626953125 0.4544270833333333 0.42626953125 0.5462239583333334 0.51318359375 0.5462239583333335
4 0.546875 0.4934895833333335 0.469482421875 0.4934895833333335 0.46948242187500006 0.6070963541666669 0.546875 0.6070963541666669
32 0.36669921875 0.4840494791666667 0.320556640625 0.4840494791666667 0.320556640625 0.5901692708333334 0.36669921875 0.5901692708333334
28 0.621826171875 0.4576822916666668 0.534912109375 0.4576822916666668 0.534912109375 0.5745442708333335 0.621826171875 0.5745442708333335