29 0.5705295138888888 0.2405303030303032 0.5203993055555556 0.2405303030303032 0.5203993055555556 0.3787878787878789 0.5705295138888888 0.3787878787878789
4 0.6317274305555556 0.1652462121212123 0.56640625 0.1652462121212123 0.56640625 0.3049242424242426 0.6317274305555556 0.30492424242424265
30 0.5863715277777778 0.6524621212121214 0.5197482638888888 0.6524621212121214 0.5197482638888888 0.7675189393939396 0.5863715277777778 0.7675189393939396
18 0.6801215277777778 0.8858901515151517 0.6206597222222222 0.8858901515151517 0.6206597222222222 0.9995265151515151 0.6801215277777778 0.9995265151515151
6 0.591796875 0.8035037878787881 0.5232204861111112 0.8035037878787881 0.5232204861111112 0.92282196969697 0.591796875 0.92282196969697
14 0.6822916666666666 0.6401515151515154 0.615234375 0.6401515151515154 0.615234375 0.7518939393939396 0.6822916666666666 0.7518939393939396
24 0.7973090277777778 0.49053030303030326 0.7261284722222222 0.49053030303030326 0.7261284722222222 0.6216856060606063 0.7973090277777778 0.6216856060606063
6 0.7877604166666666 0.36742424242424265 0.7139756944444444 0.36742424242424265 0.7139756944444444 0.5047348484848487 0.7877604166666666 0.5047348484848487
7 0.7606336805555556 0.2836174242424245 0.6903211805555556 0.2836174242424245 0.6903211805555556 0.39583333333333354 0.7606336805555556 0.39583333333333354
8 0.7473958333333334 0.1865530303030305 0.6770833333333334 0.18655303030303047 0.6770833333333334 0.3016098484848487 0.7473958333333334 0.3016098484848487
7 0.6818576388888888 0.1908143939393941 0.6228298611111112 0.1908143939393941 0.6228298611111112 0.3446969696969699 0.6818576388888888 0.3446969696969699
33 0.744140625 0.4157196969696972 0.6762152777777778 0.4157196969696972 0.6762152777777778 0.5677083333333336 0.744140625 0.5677083333333336
11 0.6881510416666666 0.3844696969696972 0.6291232638888888 0.3844696969696972 0.6291232638888888 0.528882575757576 0.6881510416666666 0.528882575757576
9 0.7183159722222222 0.5085227272727275 0.6438802083333334 0.5085227272727275 0.6438802083333334 0.6628787878787881 0.7183159722222222 0.6628787878787881
2 0.6362847222222222 0.5643939393939396 0.564453125 0.5643939393939396 0.564453125 0.6964962121212124 0.6362847222222222 0.6964962121212124
29 0.5755208333333334 0.5198863636363639 0.5086805555555556 0.5198863636363639 0.5086805555555556 0.6609848484848487 0.5755208333333334 0.6609848484848487
10 0.4934895833333333 0.5890151515151517 0.4450954861111111 0.5890151515151517 0.4450954861111111 0.7324810606060608 0.4934895833333333 0.7324810606060608
33 0.4010416666666667 0.4834280303030304 0.3307291666666667 0.4834280303030304 0.3307291666666667 0.6070075757575758 0.4010416666666667 0.6070075757575758
19 0.4986979166666667 0.4337121212121213 0.4309895833333333 0.4337121212121213 0.4309895833333333 0.5852272727272729 0.4986979166666667 0.5852272727272729
28 0.5190972222222222 0.2793560606060607 0.4613715277777778 0.2793560606060607 0.4613715277777778 0.42518939393939403 0.5190972222222222 0.42518939393939403
2 0.5570746527777778 0.37263257575757586 0.4876302083333333 0.37263257575757586 0.4876302083333333 0.51657196969697 0.5570746527777778 0.51657196969697
32 0.6139322916666666 0.2864583333333335 0.5592447916666666 0.2864583333333334 0.5592447916666666 0.43750000000000017 0.6139322916666666 0.4375000000000002
31 0.6558159722222222 0.3049242424242426 0.6030815972222222 0.30492424242424254 0.6030815972222222 0.4455492424242426 0.6558159722222222 0.44554924242424265
26 0.6512586805555556 0.06960227272727289 0.5831163194444444 0.06960227272727289 0.5831163194444444 0.19602272727272743 0.6512586805555556 0.19602272727272743
27 0.5815972222222222 0.09375000000000015 0.5264756944444444 0.09375000000000014 0.5264756944444444 0.2414772727272729 0.5815972222222222 0.2414772727272729
24 0.4312065972222222 0.09090909090909102 0.3654513888888889 0.09090909090909102 0.3654513888888889 0.24857954545454555 0.4312065972222222 0.24857954545454555
33 0.6343315972222222 0.4417613636363638 0.5631510416666666 0.44176136363636376 0.5631510416666666 0.5733901515151517 0.6343315972222222 0.5733901515151517
19 0.7584635416666666 0.6169507575757578 0.6924913194444444 0.6169507575757578 0.6924913194444444 0.7717803030303032 0.7584635416666666 0.7717803030303032