24 0.5442708333333334 0.07765151515151529 0.4815538194444444 0.07765151515151529 0.4815538194444444 0.22017045454545467 0.5442708333333334 0.2201704545454547
26 0.6903211805555556 0.08475378787878805 0.6226128472222222 0.08475378787878804 0.6226128472222222 0.1908143939393941 0.6903211805555556 0.1908143939393941
8 0.7944878472222222 0.15435606060606083 0.7233072916666666 0.15435606060606083 0.7233072916666666 0.2926136363636366 0.7944878472222222 0.2926136363636366
27 0.642578125 0.12926136363636379 0.5818142361111112 0.12926136363636379 0.5818142361111112 0.27982954545454564 0.642578125 0.2798295454545457
7 0.7024739583333334 0.20028409090909108 0.6391059027777778 0.20028409090909108 0.6391059027777778 0.32054924242424265 0.7024739583333334 0.32054924242424265
7 0.7638888888888888 0.35179924242424265 0.7068142361111112 0.35179924242424265 0.7068142361111112 0.5071022727272729 0.7638888888888888 0.5071022727272729
24 0.7682291666666666 0.5160984848484851 0.7022569444444444 0.5160984848484851 0.7022569444444444 0.6794507575757578 0.7682291666666666 0.6794507575757578
6 0.5436197916666666 0.6524621212121214 0.4789496527777778 0.6524621212121214 0.4789496527777778 0.79782196969697 0.5436197916666666 0.79782196969697
6 0.70703125 0.513257575757576 0.6512586805555556 0.513257575757576 0.6512586805555556 0.6529356060606063 0.70703125 0.6529356060606063
2 0.5653211805555556 0.24905303030303041 0.4943576388888889 0.24905303030303041 0.4943576388888889 0.4138257575757577 0.5653211805555556 0.4138257575757577
10 0.5314670138888888 0.3712121212121213 0.4611545138888889 0.3712121212121213 0.4611545138888889 0.5179924242424244 0.5314670138888888 0.5179924242424244
11 0.5551215277777778 0.465909090909091 0.4943576388888889 0.465909090909091 0.4943576388888889 0.5989583333333336 0.5551215277777778 0.5989583333333336
29 0.4778645833333333 0.32386363636363646 0.4151475694444444 0.32386363636363646 0.4151475694444444 0.459753787878788 0.4778645833333333 0.459753787878788
30 0.4939236111111111 0.47159090909090917 0.4266493055555556 0.47159090909090917 0.4266493055555556 0.607007575757576 0.4939236111111111 0.607007575757576
4 0.6649305555555556 0.31297348484848503 0.6009114583333334 0.312973484848485 0.6009114583333334 0.41903409090909105 0.6649305555555556 0.4190340909090911
28 0.5952690972222222 0.02320075757575773 0.537109375 0.023200757575757718 0.537109375 0.1714015151515153 0.5952690972222222 0.1714015151515153
29 0.4446614583333333 0.5454545454545455 0.3767361111111111 0.5454545454545454 0.3767361111111111 0.6922348484848486 0.4446614583333333 0.6922348484848487
32 0.60546875 0.3712121212121214 0.5401475694444444 0.3712121212121213 0.5401475694444444 0.5179924242424244 0.60546875 0.5179924242424244
2 0.5857204861111112 0.7878787878787881 0.5141059027777778 0.7878787878787881 0.5141059027777778 0.9460227272727275 0.5857204861111112 0.9460227272727275
18 0.6306423611111112 0.7376893939393941 0.55859375 0.7376893939393941 0.55859375 0.8792613636363639 0.6306423611111112 0.8792613636363639
14 0.576171875 0.5828598484848487 0.5162760416666666 0.5828598484848487 0.5162760416666666 0.7334280303030305 0.576171875 0.7334280303030305
33 0.6436631944444444 0.603693181818182 0.5716145833333334 0.603693181818182 0.5716145833333334 0.738162878787879 0.6436631944444444 0.738162878787879
9 0.6961805555555556 0.722537878787879 0.6221788194444444 0.722537878787879 0.6221788194444444 0.8745265151515154 0.6961805555555556 0.8745265151515154
33 0.6325954861111112 0.48153409090909105 0.5609809027777778 0.481534090909091 0.5609809027777778 0.6245265151515154 0.6325954861111112 0.6245265151515154
31 0.6779513888888888 0.4166666666666669 0.61328125 0.4166666666666669 0.61328125 0.513257575757576 0.6779513888888888 0.513257575757576
2 0.6030815972222222 0.19176136363636379 0.5321180555555556 0.19176136363636379 0.5321180555555556 0.34611742424242437 0.6030815972222222 0.34611742424242437
33 0.5303819444444444 0.20075757575757588 0.4607204861111111 0.20075757575757586 0.4607204861111111 0.3508522727272728 0.5303819444444444 0.3508522727272728
19 0.4331597222222222 0.23295454545454555 0.3645833333333333 0.23295454545454555 0.3645833333333333 0.38494318181818193 0.4331597222222222 0.38494318181818193
19 0.7504340277777778 0.653882575757576 0.6768663194444444 0.653882575757576 0.6768663194444444 0.7769886363636366 0.7504340277777778 0.7769886363636366