8 0.373779296875 0.14355468750000006 0.25439453125 0.14355468750000003 0.25439453125 0.30664062500000006 0.373779296875 0.30664062500000006
5 0.4052734375 0.33268229166666674 0.288330078125 0.33268229166666674 0.288330078125 0.501953125 0.4052734375 0.501953125
12 0.471435546875 0.0501302083333334 0.37890625 0.05013020833333339 0.37890625 0.2102864583333334 0.471435546875 0.2102864583333334
13 0.46728515625 0.2141927083333334 0.333251953125 0.2141927083333334 0.333251953125 0.38769531250000006 0.46728515625 0.38769531250000017
21 0.45703125 0.41373697916666674 0.341064453125 0.4137369791666667 0.341064453125 0.6018880208333334 0.45703125 0.6018880208333335
18 0.5673828125 0.4661458333333334 0.431640625 0.4661458333333333 0.43164062500000006 0.6269531250000001 0.5673828125 0.6269531250000001
20 0.20434570312500006 0.435546875 0.09545898437500003 0.435546875 0.09545898437500004 0.6028645833333334 0.20434570312500006 0.6028645833333334
31 0.306640625 0.4029947916666667 0.17407226562500006 0.4029947916666667 0.17407226562500006 0.5546875 0.306640625 0.5546875
33 0.22802734375000003 0.19824218750000003 0.11596679687500003 0.1982421875 0.11596679687500003 0.3489583333333333 0.22802734375000006 0.3489583333333333
7 0.279052734375 0.06184895833333337 0.17822265625 0.06184895833333337 0.17822265625 0.22688802083333337 0.279052734375 0.2268880208333334
16 0.560302734375 0.31054687500000006 0.423095703125 0.31054687500000006 0.423095703125 0.48111979166666674 0.560302734375 0.4811197916666668
4 0.691162109375 0.3619791666666668 0.534912109375 0.3619791666666668 0.534912109375 0.5462239583333335 0.691162109375 0.5462239583333335
3 0.328857421875 0.2760416666666667 0.2080078125 0.2760416666666667 0.20800781250000003 0.4098307291666667 0.328857421875 0.4098307291666667
33 0.28784179687500006 0.5455729166666666 0.16162109375000006 0.5455729166666666 0.16162109375000006 0.7255859375 0.2878417968750001 0.7255859375
14 0.37353515625000006 0.5966796875 0.22924804687500006 0.5966796875 0.22924804687500006 0.7981770833333334 0.3735351562500001 0.7981770833333334
20 0.4372558593750001 0.6614583333333334 0.3039550781250001 0.6614583333333334 0.3039550781250001 0.8636067708333334 0.4372558593750001 0.8636067708333334
15 0.4975585937500001 0.8037109375 0.3400878906250001 0.8037109375 0.3400878906250001 0.9993489583333334 0.4975585937500001 0.9993489583333334
7 0.97216796875 0.3346354166666668 0.796630859375 0.3346354166666668 0.796630859375 0.5283203125000001 0.97216796875 0.5283203125000001
17 0.833984375 0.2708333333333334 0.669677734375 0.2708333333333334 0.669677734375 0.4635416666666668 0.833984375 0.4635416666666668
16 0.668212890625 0.19010416666666674 0.532470703125 0.19010416666666674 0.532470703125 0.3811848958333335 0.668212890625 0.3811848958333335
1 0.587646484375 0.1230468750000001 0.443115234375 0.12304687500000007 0.443115234375 0.31933593750000006 0.587646484375 0.31933593750000006
32 0.819091796875 0.07324218750000012 0.701904296875 0.07324218750000011 0.701904296875 0.2779947916666668 0.819091796875 0.2779947916666668
7 0.60595703125 8.638703169766649e-17 0.4521484375 7.382961822984695e-17 0.4521484375 0.14713541666666677 0.60595703125 0.14713541666666677
7 0.07275390625000006 0.5149739583333334 4.7299590728786934e-17 0.5149739583333334 5.565625040558589e-17 0.6969401041666666 0.07275390625000006 0.6969401041666666
7 0.043457031250000076 0.6962890625 6.395311287539523e-17 0.6962890625 7.121847352463367e-17 0.8544921875 0.04345703125000008 0.8544921875
7 0.17285156250000008 0.8720703125 0.00659179687500008 0.8720703125 0.006591796875000086 1 0.1728515625000001 1
7 0.01782226562500009 0.9700520833333334 8.909783841452911e-17 0.9700520833333334 9.04582248735429e-17 0.9996744791666666 0.01782226562500009 0.9996744791666666