26 0.23339843750000006 0.7034505208333334 0.12377929687500006 0.7034505208333334 0.12377929687500007 0.8434244791666666 0.23339843750000006 0.8434244791666666
8 0.16650390625000006 0.5973307291666666 0.051269531250000056 0.5973307291666666 0.05126953125000006 0.7268880208333334 0.16650390625000006 0.7268880208333334
27 0.291015625 0.2086588541666667 0.176513671875 0.20865885416666666 0.17651367187500003 0.3583984375 0.291015625 0.3583984375
5 0.257080078125 0.040690104166666706 0.15283203125 0.04069010416666669 0.15283203125 0.1617838541666667 0.257080078125 0.1617838541666667
5 0.529541015625 0.05664062500000008 0.40966796875 0.056640625000000076 0.40966796875 0.21744791666666674 0.529541015625 0.21744791666666674
25 0.609130859375 0.0986328125000001 0.493896484375 0.09863281250000007 0.493896484375 0.26269531250000006 0.609130859375 0.26269531250000006
33 0.739990234375 0.17838541666666677 0.62060546875 0.17838541666666674 0.62060546875 0.3509114583333335 0.739990234375 0.3509114583333335
6 0.92333984375 0.25195312500000017 0.772705078125 0.25195312500000017 0.772705078125 0.4485677083333335 0.92333984375 0.4485677083333335
20 0.821044921875 0.3811848958333335 0.695556640625 0.3811848958333335 0.695556640625 0.5377604166666669 0.821044921875 0.5377604166666669
21 0.958740234375 0.6813151041666669 0.80419921875 0.6813151041666666 0.80419921875 0.8655598958333335 0.958740234375 0.8655598958333336
17 0.609130859375 0.5364583333333335 0.49951171875 0.5364583333333335 0.49951171875000006 0.697265625 0.609130859375 0.697265625
25 0.53759765625 0.6035156250000001 0.416748046875 0.603515625 0.41674804687500006 0.7415364583333334 0.53759765625 0.7415364583333334
24 0.47924804687500006 0.49869791666666674 0.37744140625 0.4986979166666667 0.37744140625000006 0.6061197916666667 0.4792480468750001 0.6061197916666669
23 0.306640625 0.3662109375 0.21997070312500006 0.3662109375 0.21997070312500006 0.5094401041666666 0.306640625 0.5094401041666666
14 0.438232421875 0.1510416666666667 0.325439453125 0.1510416666666667 0.325439453125 0.27832031250000006 0.438232421875 0.27832031250000006
30 0.57373046875 0.3736979166666668 0.475830078125 0.3736979166666668 0.475830078125 0.5387369791666669 0.57373046875 0.5387369791666669
21 0.68798828125 0.36328125000000017 0.559326171875 0.36328125000000017 0.559326171875 0.49902343750000017 0.68798828125 0.49902343750000017
28 0.71630859375 0.5836588541666669 0.60498046875 0.5836588541666669 0.60498046875 0.751953125 0.71630859375 0.751953125
12 0.88720703125 0.5585937500000001 0.736572265625 0.5585937500000001 0.736572265625 0.724609375 0.88720703125 0.724609375
19 0.709228515625 0.46386718750000017 0.556884765625 0.46386718750000017 0.556884765625 0.6093750000000001 0.709228515625 0.6093750000000001
22 0.47216796875 0.40299479166666674 0.375732421875 0.4029947916666667 0.375732421875 0.5000000000000001 0.47216796875 0.5000000000000001
31 0.3759765625 0.3600260416666667 0.286865234375 0.3600260416666667 0.286865234375 0.4990234375 0.3759765625 0.4990234375
31 0.346923828125 0.23730468750000008 0.252197265625 0.23730468750000008 0.252197265625 0.3697916666666667 0.346923828125 0.3697916666666667
13 0.556396484375 0.20768229166666674 0.432373046875 0.20768229166666674 0.432373046875 0.3655598958333334 0.556396484375 0.3655598958333335
9 0.83349609375 0.11653645833333347 0.723876953125 0.11653645833333344 0.723876953125 0.2942708333333335 0.83349609375 0.2942708333333335
27 0.6533203125 0.2425130208333334 0.521484375 0.2425130208333334 0.521484375 0.3938802083333335 0.6533203125 0.3938802083333335
27 0.37377929687500006 0.5091145833333334 0.271728515625 0.5091145833333334 0.27172851562500006 0.6165364583333334 0.3737792968750001 0.6165364583333334
28 0.20190429687500006 0.337890625 0.11352539062500003 0.337890625 0.11352539062500004 0.4886067708333333 0.20190429687500006 0.4886067708333333
1 0.13354492187500003 0.2412109375 0.03393554687500003 0.2412109375 0.03393554687500003 0.3697916666666667 0.13354492187500006 0.3697916666666667
5 0.4272460937500001 0.6048177083333334 0.3229980468750001 0.6048177083333334 0.3229980468750001 0.7259114583333334 0.4272460937500001 0.7259114583333334
3 0.68310546875 0.045898437500000104 0.567138671875 0.04589843750000009 0.567138671875 0.2070312500000001 0.68310546875 0.20703125000000014
3 0.3349609375 0.05240885416666671 0.229248046875 0.052408854166666706 0.229248046875 0.20703125000000008 0.3349609375 0.20703125000000008
13 0.20361328125000006 0.4840494791666667 0.11499023437500006 0.4840494791666667 0.11499023437500006 0.6292317708333334 0.20361328125000006 0.6292317708333334
32 0.4453125 0.26432291666666674 0.333251953125 0.26432291666666674 0.333251953125 0.3971354166666667 0.4453125 0.3971354166666667