20 0.30126953125000006 0.4671223958333333 0.17114257812500006 0.4671223958333333 0.17114257812500006 0.6227213541666666 0.3012695312500001 0.6227213541666666
0 0.63134765625 0.07063802083333343 0.479736328125 0.07063802083333341 0.479736328125 0.2483723958333334 0.63134765625 0.2483723958333334
13 0.6279296875 0.44628906250000017 0.493896484375 0.44628906250000017 0.49389648437500006 0.6155598958333335 0.6279296875 0.6155598958333335
7 0.960693359375 0.3385416666666668 0.793701171875 0.3385416666666668 0.793701171875 0.5250651041666669 0.960693359375 0.5250651041666669
17 0.8232421875 0.3421223958333335 0.686767578125 0.3421223958333335 0.686767578125 0.5527343750000001 0.8232421875 0.5527343750000001
32 0.80810546875 0.15527343750000014 0.696533203125 0.1552734375000001 0.696533203125 0.3580729166666668 0.80810546875 0.3580729166666668
16 0.730224609375 0.37304687500000017 0.595458984375 0.37304687500000017 0.595458984375 0.5768229166666669 0.730224609375 0.5768229166666669
1 0.63232421875 0.23925781250000008 0.517822265625 0.23925781250000008 0.517822265625 0.4417317708333335 0.63232421875 0.4417317708333335
12 0.534912109375 0.13639322916666674 0.404052734375 0.13639322916666674 0.404052734375 0.33203125000000006 0.534912109375 0.33203125000000006
8 0.5146484375 0.29394531250000006 0.380126953125 0.29394531250000006 0.380126953125 0.44791666666666674 0.5146484375 0.4479166666666668
3 0.478515625 0.3919270833333334 0.339599609375 0.3919270833333333 0.339599609375 0.5367838541666667 0.478515625 0.5367838541666669
31 0.48925781250000006 0.49869791666666674 0.34716796875 0.4986979166666667 0.34716796875000006 0.6569010416666667 0.4892578125000001 0.6569010416666669
33 0.39819335937500006 0.5755208333333334 0.25927734375 0.5755208333333334 0.25927734375000006 0.7698567708333334 0.3981933593750001 0.7698567708333334
14 0.4780273437500001 0.6292317708333334 0.3430175781250001 0.6292317708333334 0.3430175781250001 0.8186848958333334 0.4780273437500001 0.8186848958333334
5 0.591064453125 0.6015625000000001 0.45458984375 0.6015625000000001 0.45458984375000006 0.791015625 0.591064453125 0.791015625
33 0.281494140625 0.1940104166666667 0.16943359375 0.19401041666666666 0.16943359375000003 0.3723958333333333 0.281494140625 0.3723958333333333
7 0.396484375 0.17740885416666674 0.278076171875 0.17740885416666674 0.278076171875 0.35546875 0.396484375 0.35546875
33 0.11791992187500006 0.4944661458333333 4.5415978708614e-17 0.4944661458333333 5.3383956539980444e-17 0.66796875 0.11791992187500006 0.66796875
10 0.20019531250000008 0.8359375 0.06787109375000008 0.8359375 0.06787109375000008 1 0.2001953125000001 1
22 0.08496093750000007 0.6712239583333334 6.165092040629498e-17 0.6712239583333334 7.048595773901088e-17 0.8636067708333334 0.08496093750000008 0.8636067708333334