0 0.804931640625 0.015625000000000118 0.642578125 0.015625000000000108 0.642578125 0.20638020833333345 0.804931640625 0.20638020833333348
10 0.82275390625 0.12434895833333347 0.6884765625 0.12434895833333344 0.6884765625 0.3444010416666668 0.82275390625 0.3444010416666668
14 0.64404296875 9.326371050147241e-17 0.498291015625 8.136406631053866e-17 0.498291015625 0.1692708333333334 0.64404296875 0.1692708333333334
3 0.646728515625 0.10188802083333343 0.508544921875 0.10188802083333341 0.508544921875 0.27604166666666674 0.646728515625 0.27604166666666674
32 0.692138671875 0.2050781250000001 0.534912109375 0.20507812500000008 0.534912109375 0.37109375000000017 0.692138671875 0.37109375000000017
7 0.683837890625 0.3271484375000001 0.55859375 0.32714843750000006 0.55859375 0.5413411458333335 0.683837890625 0.5413411458333335
29 0.780517578125 0.3043619791666668 0.668701171875 0.30436197916666674 0.668701171875 0.5224609375000001 0.780517578125 0.5224609375000001
25 0.87890625 0.47167968750000017 0.709228515625 0.47167968750000017 0.709228515625 0.6513671875000001 0.87890625 0.6513671875000001
17 0.7451171875 0.5621744791666669 0.59130859375 0.5621744791666669 0.59130859375 0.7395833333333334 0.7451171875 0.7395833333333334
23 0.622802734375 0.6113281250000001 0.4602050781250001 0.6113281250000001 0.4602050781250001 0.7962239583333334 0.622802734375 0.7962239583333334
9 0.590576171875 0.5058593750000001 0.433349609375 0.505859375 0.43334960937500006 0.6663411458333334 0.590576171875 0.6663411458333335
16 0.586669921875 0.3704427083333334 0.441650390625 0.3704427083333333 0.441650390625 0.5416666666666667 0.586669921875 0.5416666666666669
28 0.56103515625 0.27018229166666674 0.41748046875 0.27018229166666674 0.41748046875 0.4192708333333334 0.56103515625 0.4192708333333335
21 0.503173828125 0.12662760416666674 0.3876953125 0.12662760416666674 0.3876953125 0.31347656250000006 0.503173828125 0.31347656250000006
3 0.433837890625 0.24674479166666674 0.283203125 0.24674479166666674 0.283203125 0.4270833333333333 0.433837890625 0.4270833333333333
27 0.45434570312500006 0.3987630208333334 0.34375 0.3987630208333333 0.34375000000000006 0.6064453125000001 0.4543457031250001 0.6064453125000001
5 0.369140625 0.4147135416666667 0.22412109375000006 0.4147135416666667 0.22412109375000006 0.5725911458333334 0.369140625 0.5725911458333334
13 0.27734375 0.3678385416666667 0.15600585937500006 0.3678385416666667 0.15600585937500006 0.5579427083333334 0.27734375 0.5579427083333334
1 0.24560546875000006 0.533203125 0.13354492187500006 0.533203125 0.13354492187500006 0.7177734375 0.24560546875000006 0.7177734375
24 0.34838867187500006 0.54296875 0.21533203125000006 0.54296875 0.21533203125000006 0.7535807291666666 0.3483886718750001 0.7535807291666666
8 0.47436523437500006 0.5742187500000001 0.308837890625 0.57421875 0.30883789062500006 0.7838541666666666 0.4743652343750001 0.7838541666666666
13 0.4584960937500001 0.7561848958333334 0.2995605468750001 0.7561848958333334 0.2995605468750001 0.98046875 0.4584960937500001 0.98046875
31 0.3359375000000001 0.779296875 0.18579101562500006 0.779296875 0.18579101562500008 0.9820963541666666 0.3359375000000001 0.9820963541666666
22 0.22460937500000008 0.791015625 0.09692382812500008 0.791015625 0.09692382812500008 0.9996744791666666 0.2246093750000001 0.9996744791666666
4 0.13964843750000008 0.828125 0.009521484375000076 0.828125 0.009521484375000083 1 0.1396484375000001 1