31 0.802978515625 0.4407552083333335 0.64208984375 0.4407552083333335 0.64208984375 0.6132812500000001 0.802978515625 0.6132812500000001
27 0.59423828125 0.21875000000000008 0.466064453125 0.21875000000000008 0.466064453125 0.43359375000000017 0.59423828125 0.43359375000000017
20 0.738037109375 0.22819010416666677 0.576904296875 0.22819010416666674 0.576904296875 0.4684244791666668 0.738037109375 0.4684244791666668
23 0.44067382812500006 0.5784505208333334 0.296142578125 0.5784505208333334 0.29614257812500006 0.7623697916666666 0.4406738281250001 0.7623697916666666
5 0.5244140625 0.6474609375000001 0.3520507812500001 0.6474609375 0.3520507812500001 0.8860677083333334 0.5244140625 0.8860677083333334
21 0.6240234375 0.5888671875000001 0.45849609375 0.5888671875000001 0.45849609375000006 0.794921875 0.6240234375 0.794921875
21 0.34130859375000006 0.4807942708333333 0.22143554687500006 0.4807942708333333 0.22143554687500006 0.6689453125 0.3413085937500001 0.6689453125
33 0.24536132812500006 0.6005859375 0.11425781250000006 0.6005859375 0.11425781250000006 0.7457682291666666 0.24536132812500006 0.7457682291666666
16 0.406005859375 0.15625000000000006 0.25439453125 0.15625000000000003 0.25439453125 0.32584635416666674 0.406005859375 0.32584635416666674
17 0.574462890625 0.09114583333333343 0.431640625 0.09114583333333341 0.431640625 0.2532552083333334 0.574462890625 0.2532552083333334
12 0.64306640625 0.4420572916666668 0.527099609375 0.4420572916666668 0.527099609375 0.6321614583333335 0.64306640625 0.6321614583333335
9 0.838623046875 1.2350116483588868e-16 0.674072265625 1.1006672566555476e-16 0.674072265625 0.17936197916666677 0.838623046875 0.17936197916666682
15 0.22338867187500008 0.7666015625 0.07690429687500008 0.7666015625 0.07690429687500008 0.9508463541666666 0.2233886718750001 0.9508463541666666
27 0.3720703125000001 0.7180989583333334 0.22509765625000006 0.7180989583333334 0.22509765625000008 0.9228515625 0.3720703125000001 0.9228515625
3 0.294921875 0.17805989583333337 0.164306640625 0.17805989583333334 0.16430664062500003 0.4078776041666667 0.294921875 0.4078776041666667
25 0.392578125 5.198370527630692e-17 0.244140625 3.986480465974457e-17 0.244140625 0.18619791666666674 0.392578125 0.18619791666666674
3 0.275146484375 0.05240885416666669 0.119140625 0.052408854166666685 0.11914062500000001 0.22167968750000003 0.275146484375 0.22167968750000008
13 0.407470703125 0.27929687500000006 0.26318359375 0.27929687500000006 0.26318359375 0.4853515625 0.407470703125 0.4853515625
30 0.48876953125 0.35253906250000006 0.33251953125 0.3525390625 0.33251953125 0.5481770833333334 0.48876953125 0.5481770833333335
28 0.54052734375 0.4680989583333334 0.3916015625 0.4680989583333333 0.39160156250000006 0.6637369791666667 0.54052734375 0.6637369791666669