26 0.5870225694444444 0.2556818181818183 0.5262586805555556 0.2556818181818183 0.5262586805555556 0.3873106060606062 0.5870225694444444 0.3873106060606062
24 0.6254340277777778 0.4507575757575759 0.5575086805555556 0.45075757575757586 0.5575086805555556 0.5625000000000002 0.6254340277777778 0.5625000000000002
24 0.6929253472222222 0.41051136363636387 0.6328125 0.41051136363636387 0.6328125 0.5459280303030305 0.6929253472222222 0.5459280303030305
31 0.609375 0.5677083333333336 0.56640625 0.5677083333333336 0.56640625 0.6879734848484851 0.609375 0.6879734848484851
27 0.4574652777777778 0.6164772727272728 0.3940972222222222 0.6164772727272727 0.3940972222222222 0.750473484848485 0.4574652777777778 0.7504734848484851
8 0.5902777777777778 0.6789772727272729 0.5230034722222222 0.6789772727272729 0.5230034722222222 0.8020833333333336 0.5902777777777778 0.8020833333333336
6 0.5143229166666666 0.32386363636363646 0.462890625 0.32386363636363646 0.462890625 0.4498106060606062 0.5143229166666666 0.4498106060606062
28 0.5366753472222222 0.0426136363636365 0.4743923611111111 0.042613636363636485 0.4743923611111111 0.1491477272727274 0.5366753472222222 0.14914772727272743
29 0.3956163194444444 0.05965909090909101 0.3411458333333333 0.059659090909091 0.3411458333333333 0.17424242424242434 0.3956163194444444 0.17424242424242434
0 0.3470052083333333 0.0871212121212122 0.2918836805555556 0.0871212121212122 0.2918836805555556 0.22159090909090917 0.3470052083333333 0.2215909090909092
2 0.3196614583333333 0.19460227272727282 0.2523871527777778 0.1946022727272728 0.2523871527777778 0.32054924242424254 0.3196614583333333 0.32054924242424254
6 0.3585069444444444 0.2277462121212122 0.2951388888888889 0.22774621212121218 0.2951388888888889 0.35369318181818193 0.3585069444444444 0.35369318181818193
26 0.3394097222222222 0.34611742424242437 0.2797309027777778 0.34611742424242437 0.2797309027777778 0.4834280303030304 0.3394097222222222 0.4834280303030304
25 0.2398003472222222 0.39630681818181823 0.1814236111111111 0.3963068181818182 0.18142361111111113 0.5359848484848485 0.2398003472222222 0.5359848484848485
19 0.3298611111111111 0.5440340909090909 0.271484375 0.5440340909090909 0.271484375 0.6463068181818182 0.3298611111111111 0.6463068181818182
7 0.2782118055555556 0.740530303030303 0.2339409722222222 0.740530303030303 0.2339409722222222 0.8716856060606061 0.2782118055555556 0.8716856060606061
33 0.34006076388888895 0.7836174242424242 0.2747395833333333 0.7836174242424242 0.27473958333333337 0.884469696969697 0.340060763888889 0.884469696969697
7 0.6412760416666666 0.3461174242424244 0.5792100694444444 0.34611742424242437 0.5792100694444444 0.47064393939393956 0.6412760416666666 0.4706439393939396
12 0.4186197916666667 0.3688446969696971 0.3645833333333333 0.3688446969696971 0.3645833333333333 0.4914772727272728 0.4186197916666667 0.49147727272727293
14 0.3930121527777778 0.4895833333333333 0.3493923611111111 0.4895833333333333 0.3493923611111111 0.615530303030303 0.3930121527777778 0.615530303030303
19 0.4312065972222222 0.16382575757575768 0.3780381944444444 0.16382575757575768 0.3780381944444444 0.294034090909091 0.4312065972222222 0.294034090909091
10 0.4025607638888889 0.26846590909090917 0.3441840277777778 0.26846590909090917 0.3441840277777778 0.40388257575757586 0.4025607638888889 0.40388257575757586
9 0.2135416666666667 0.634469696969697 0.16623263888888895 0.634469696969697 0.16623263888888895 0.7490530303030303 0.2135416666666667 0.7490530303030303
33 0.4535590277777778 0.481534090909091 0.3875868055555556 0.481534090909091 0.3875868055555556 0.5781250000000001 0.4535590277777778 0.5781250000000002
22 0.4663628472222222 0.3688446969696971 0.4194878472222222 0.3688446969696971 0.4194878472222222 0.5028409090909093 0.4663628472222222 0.5028409090909093
29 0.4644097222222222 0.26136363636363646 0.4112413194444444 0.26136363636363646 0.4112413194444444 0.356534090909091 0.4644097222222222 0.356534090909091
2 0.28515625 0.453598484848485 0.23502604166666666 0.453598484848485 0.23502604166666666 0.5961174242424242 0.28515625 0.5961174242424242
11 0.3936631944444444 0.724905303030303 0.3441840277777778 0.724905303030303 0.3441840277777778 0.8536931818181818 0.3936631944444444 0.8536931818181818
33 0.44140625 0.7850378787878789 0.3882378472222222 0.7850378787878788 0.3882378472222222 0.8787878787878789 0.44140625 0.878787878787879
2 0.482421875 0.7348484848484851 0.435546875 0.7348484848484851 0.435546875 0.8607954545454548 0.482421875 0.8607954545454548
4 0.3591579861111111 0.6974431818181818 0.2912326388888889 0.6974431818181818 0.2912326388888889 0.7826704545454546 0.3591579861111111 0.7826704545454546
18 0.26019965277777785 0.8196022727272727 0.19162326388888895 0.8196022727272727 0.19162326388888895 0.9734848484848485 0.2601996527777779 0.9734848484848485
32 0.5308159722222222 0.1803977272727274 0.4641927083333333 0.18039772727272738 0.4641927083333333 0.3162878787878789 0.5308159722222222 0.3162878787878789
30 0.5314670138888888 0.7362689393939396 0.4737413194444444 0.7362689393939396 0.4737413194444444 0.8551136363636366 0.5314670138888888 0.8551136363636366