24 0.93994140625 0.3245442708333335 0.78662109375 0.3245442708333335 0.78662109375 0.5426432291666669 0.93994140625 0.5426432291666669
27 0.17016601562500006 0.3486328125 0.04541015625000003 0.3486328125 0.04541015625000004 0.5335286458333334 0.17016601562500006 0.5335286458333334
27 0.556640625 0.48535156250000006 0.407958984375 0.4853515625 0.40795898437500006 0.6526692708333334 0.556640625 0.6526692708333335
21 0.5263671875 0.16210937500000008 0.40966796875 0.16210937500000008 0.40966796875 0.36100260416666674 0.5263671875 0.3610026041666668
25 0.688720703125 0.2236328125000001 0.549072265625 0.22363281250000008 0.549072265625 0.3600260416666668 0.688720703125 0.3600260416666668
7 0.806884765625 0.2138671875000001 0.671875 0.21386718750000008 0.671875 0.4225260416666668 0.806884765625 0.4225260416666668
9 0.87646484375 0.03548177083333346 0.743408203125 0.035481770833333454 0.743408203125 0.2760416666666668 0.87646484375 0.2760416666666668
33 0.7646484375 0.07845052083333344 0.62109375 0.07845052083333343 0.62109375 0.24251302083333345 0.7646484375 0.24251302083333348
19 0.520751953125 0.052083333333333405 0.38720703125 0.05208333333333339 0.38720703125 0.2151692708333334 0.520751953125 0.2151692708333334
15 0.21899414062500003 0.19173177083333334 0.07446289062500003 0.19173177083333334 0.07446289062500003 0.3782552083333333 0.21899414062500006 0.3782552083333333
31 0.2666015625 0.33105468750000006 0.12426757812500003 0.3310546875 0.12426757812500004 0.4833984375 0.2666015625 0.4833984375
31 0.3359375 0.3899739583333333 0.22827148437500006 0.3899739583333333 0.22827148437500006 0.5615234375 0.3359375 0.5615234375
23 0.33203125000000006 0.5530598958333334 0.21289062500000006 0.5530598958333334 0.21289062500000006 0.7337239583333334 0.3320312500000001 0.7337239583333334
13 0.67822265625 0.34179687500000017 0.5400390625 0.34179687500000017 0.5400390625 0.4915364583333335 0.67822265625 0.4915364583333335
4 0.682861328125 0.4573567708333335 0.561279296875 0.4573567708333335 0.561279296875 0.6539713541666669 0.682861328125 0.6539713541666669
30 0.637939453125 0.6106770833333335 0.4934082031250001 0.6106770833333335 0.4934082031250001 0.7682291666666666 0.637939453125 0.7682291666666666
27 0.342041015625 0.19954427083333337 0.2021484375 0.19954427083333334 0.20214843750000003 0.3873697916666667 0.342041015625 0.3873697916666667
14 0.4140625 0.2688802083333334 0.27734375 0.2688802083333334 0.27734375 0.4622395833333333 0.4140625 0.4622395833333333
16 0.63330078125 0.0013020833333334259 0.5009765625 0.0013020833333334148 0.5009765625 0.14225260416666677 0.63330078125 0.14225260416666677
12 0.818603515625 0.39843750000000017 0.66357421875 0.39843750000000017 0.66357421875 0.5595703125000001 0.818603515625 0.5595703125000001
29 0.19189453125000006 0.5921223958333334 0.047363281250000056 0.5921223958333334 0.04736328125000006 0.7395833333333334 0.19189453125000006 0.7395833333333334
13 0.33154296875 0.09407552083333337 0.17919921875 0.09407552083333337 0.17919921875 0.2779947916666667 0.33154296875 0.27799479166666674
20 0.468994140625 0.3997395833333334 0.326171875 0.3997395833333333 0.326171875 0.5914713541666667 0.468994140625 0.5914713541666669
4 0.543701171875 0.3147786458333334 0.433349609375 0.3147786458333334 0.433349609375 0.5019531250000001 0.543701171875 0.5019531250000001
32 0.25341796875 0.004231770833333365 0.1328125 0.004231770833333356 0.1328125 0.1940104166666667 0.25341796875 0.19401041666666674
1 0.11816406250000003 0.15983072916666669 1.468021431595094e-17 0.15983072916666666 2.3470403743424614e-17 0.3512369791666667 0.11816406250000003 0.3512369791666667
1 0.12768554687500006 0.4801432291666667 4.410044015484243e-17 0.4801432291666667 5.28607309788213e-17 0.6708984375 0.12768554687500006 0.6708984375
3 0.636474609375 0.11555989583333343 0.5029296875 0.11555989583333341 0.5029296875 0.27115885416666674 0.636474609375 0.27115885416666674
27 0.10766601562500008 0.8831380208333334 8.111491128141527e-17 0.8831380208333334 8.648171060873338e-17 1 0.10766601562500008 1
10 1 1.4833693813890954e-16 0.81689453125 1.3338763639150532e-16 0.81689453125 0.16048177083333348 1 0.16048177083333348
10 0.7802734375 1.1351503126862266e-16 0.610107421875 9.962214684470168e-17 0.610107421875 0.12727864583333345 0.7802734375 0.12727864583333345
23 0.45458984375 6.48799695837343e-17 0.340087890625 5.55316728910242e-17 0.340087890625 0.12402343750000007 0.45458984375 0.12402343750000007