26 0.5347222222222222 0.34801136363636376 0.4696180555555556 0.34801136363636376 0.4696180555555556 0.5113636363636366 0.5347222222222222 0.5113636363636366
8 0.3949652777777778 0.057765151515151617 0.3285590277777778 0.05776515151515161 0.3285590277777778 0.19696969696969707 0.3949652777777778 0.19696969696969707
27 0.5922309027777778 0.2571022727272728 0.5486111111111112 0.2571022727272728 0.5486111111111112 0.3858901515151516 0.5922309027777778 0.3858901515151516
33 0.6467013888888888 0.28882575757575774 0.5948350694444444 0.2888257575757577 0.5948350694444444 0.4446022727272729 0.6467013888888888 0.44460227272727293
28 0.5169270833333334 0.11221590909090923 0.4552951388888889 0.11221590909090923 0.4552951388888889 0.23626893939393953 0.5169270833333334 0.23626893939393956
25 0.3131510416666667 0.34611742424242437 0.2445746527777778 0.34611742424242437 0.2445746527777778 0.5071022727272727 0.3131510416666667 0.5071022727272727
31 0.3016493055555556 0.48579545454545453 0.24479166666666666 0.48579545454545453 0.24479166666666666 0.6055871212121212 0.3016493055555556 0.6055871212121212
18 0.3706597222222222 0.5194128787878788 0.2973090277777778 0.5194128787878788 0.2973090277777778 0.6519886363636364 0.3706597222222222 0.6519886363636364
18 0.4329427083333333 0.5639204545454547 0.357421875 0.5639204545454546 0.357421875 0.7040719696969698 0.4329427083333333 0.70407196969697
11 0.3843315972222222 0.6463068181818182 0.31640625 0.6463068181818182 0.31640625 0.8110795454545454 0.3843315972222222 0.8110795454545454
10 0.3450520833333333 0.6856060606060606 0.2797309027777778 0.6856060606060606 0.2797309027777778 0.8494318181818182 0.3450520833333333 0.8494318181818182
23 0.30099826388888895 0.7878787878787878 0.2421875 0.7878787878787878 0.24218750000000006 0.9360795454545454 0.300998263888889 0.9360795454545454
18 0.24348958333333334 0.46354166666666674 0.18598090277777782 0.4635416666666667 0.18598090277777782 0.6126893939393939 0.24348958333333334 0.6126893939393939
20 0.2615017361111111 0.34090909090909094 0.1890190972222222 0.3409090909090909 0.18901909722222224 0.48484848484848486 0.2615017361111111 0.48484848484848486
23 0.3023003472222222 0.16666666666666674 0.236328125 0.1666666666666667 0.236328125 0.303503787878788 0.3023003472222222 0.303503787878788
21 0.3515625 0.24195075757575765 0.2797309027777778 0.24195075757575762 0.2797309027777778 0.3873106060606062 0.3515625 0.3873106060606062
19 0.3342013888888889 0.08191287878787887 0.2632378472222222 0.08191287878787887 0.2632378472222222 0.2367424242424243 0.3342013888888889 0.23674242424242434
23 0.3980034722222222 0.20549242424242434 0.333984375 0.20549242424242434 0.333984375 0.3267045454545456 0.3980034722222222 0.3267045454545456
26 0.4177517361111111 0.4493371212121213 0.3454861111111111 0.4493371212121213 0.3454861111111111 0.578598484848485 0.4177517361111111 0.5785984848484851
25 0.4917534722222222 0.5402462121212124 0.4246961805555556 0.5402462121212124 0.4246961805555556 0.6652462121212124 0.4917534722222222 0.6652462121212124
20 0.4874131944444444 0.4313446969696971 0.4184027777777778 0.4313446969696971 0.4184027777777778 0.5558712121212124 0.4874131944444444 0.5558712121212124
19 0.40950520833333337 0.7798295454545455 0.3326822916666667 0.7798295454545454 0.33268229166666674 0.9483901515151516 0.4095052083333334 0.9483901515151517
30 0.4874131944444444 0.6960227272727275 0.43359375 0.6960227272727275 0.43359375 0.8522727272727275 0.4874131944444444 0.8522727272727275
7 0.60546875 0.7471590909090912 0.5407986111111112 0.7471590909090912 0.5407986111111112 0.8593750000000002 0.60546875 0.8593750000000002
29 0.544921875 0.7433712121212124 0.4787326388888889 0.7433712121212124 0.4787326388888889 0.8636363636363639 0.544921875 0.8636363636363639
0 0.447265625 0.8465909090909092 0.3776041666666667 0.8465909090909091 0.37760416666666674 0.9995265151515151 0.447265625 0.9995265151515151
13 0.4242621527777778 0.297348484848485 0.3506944444444444 0.297348484848485 0.3506944444444444 0.434659090909091 0.4242621527777778 0.434659090909091
6 0.4791666666666667 0.325284090909091 0.4112413194444444 0.325284090909091 0.4112413194444444 0.444128787878788 0.4791666666666667 0.444128787878788
6 0.4529079861111111 0.1581439393939395 0.3997395833333333 0.1581439393939395 0.3997395833333333 0.294034090909091 0.4529079861111111 0.294034090909091
29 0.4507378472222222 0.03314393939393951 0.3797743055555556 0.0331439393939395 0.3797743055555556 0.16287878787878798 0.4507378472222222 0.16287878787878798
22 0.5638020833333334 0.09611742424242439 0.5101996527777778 0.09611742424242438 0.5101996527777778 0.24573863636363646 0.5638020833333334 0.24573863636363646
4 0.5492621527777778 0.20880681818181832 0.4832899305555556 0.2088068181818183 0.4832899305555556 0.36931818181818193 0.5492621527777778 0.36931818181818193
12 0.6119791666666666 0.11789772727272743 0.5616319444444444 0.11789772727272743 0.5616319444444444 0.2651515151515153 0.6119791666666666 0.26515151515151536
30 0.2947048611111111 0.5928030303030303 0.23697916666666666 0.5928030303030303 0.23697916666666666 0.7296401515151515 0.2947048611111111 0.7296401515151515
2 0.2647569444444444 0.22632575757575762 0.1994357638888889 0.22632575757575762 0.1994357638888889 0.37310606060606066 0.2647569444444444 0.3731060606060607
2 0.6438802083333334 0.028409090909091075 0.5753038194444444 0.028409090909091064 0.5753038194444444 0.16666666666666682 0.6438802083333334 0.16666666666666682
5 0.5245225694444444 1.309595073804118e-16 0.4557291666666667 1.2176885786976523e-16 0.4557291666666667 0.13115530303030318 0.5245225694444444 0.1311553030303032
29 0.27734375 6.47114501822181e-17 0.20703125 5.5317852575121927e-17 0.20703125 0.13778409090909097 0.27734375 0.13778409090909097
2 0.3604600694444444 0.3802083333333334 0.3059895833333333 0.3802083333333334 0.3059895833333333 0.5265151515151515 0.3604600694444444 0.5265151515151515
24 0.4377170138888889 0.6666666666666667 0.37109375 0.6666666666666666 0.37109375 0.8385416666666667 0.4377170138888889 0.8385416666666669
31 0.3808593750000001 0.9341856060606061 0.302951388888889 0.9341856060606061 0.302951388888889 0.9995265151515151 0.3808593750000001 0.9995265151515151
26 0.7098524305555556 0.5629734848484851 0.6378038194444444 0.5629734848484851 0.6378038194444444 0.7258522727272729 0.7098524305555556 0.7258522727272729
26 0.6577690972222222 0.6609848484848487 0.5874565972222222 0.6609848484848487 0.5874565972222222 0.8229166666666669 0.6577690972222222 0.8229166666666669