25 0.51611328125 0.5195312500000001 0.4072265625 0.51953125 0.40722656250000006 0.681640625 0.51611328125 0.681640625
27 0.19482421875000006 0.6487630208333334 0.07031250000000006 0.6487630208333334 0.07031250000000007 0.7760416666666666 0.19482421875000006 0.7760416666666666
29 0.348876953125 0.03678385416666671 0.225830078125 0.036783854166666706 0.225830078125 0.20247395833333337 0.348876953125 0.2024739583333334
10 0.416259765625 0.09602864583333338 0.286865234375 0.09602864583333337 0.286865234375 0.26529947916666674 0.416259765625 0.26529947916666674
24 0.481689453125 0.2913411458333334 0.355712890625 0.2913411458333334 0.355712890625 0.4593098958333334 0.481689453125 0.4593098958333335
31 0.5859375 0.2825520833333334 0.4765625 0.2825520833333334 0.4765625 0.4700520833333335 0.5859375 0.4700520833333335
7 0.671630859375 0.39453125000000017 0.513671875 0.39453125000000017 0.513671875 0.5992838541666669 0.671630859375 0.5992838541666669
9 0.72314453125 0.4739583333333335 0.5634765625 0.4739583333333335 0.5634765625 0.6884765625 0.72314453125 0.6884765625
33 0.539794921875 0.6708984375 0.4277343750000001 0.6708984375 0.4277343750000001 0.8486328125 0.539794921875 0.8486328125
21 0.4545898437500001 0.7428385416666666 0.3435058593750001 0.7428385416666666 0.3435058593750001 0.923828125 0.4545898437500001 0.923828125
15 0.35644531250000006 0.5745442708333334 0.22241210937500006 0.5745442708333334 0.22241210937500006 0.7561848958333334 0.3564453125000001 0.7561848958333334
25 0.15405273437500006 0.4420572916666667 0.06542968750000003 0.4420572916666667 0.06542968750000004 0.5901692708333334 0.15405273437500006 0.5901692708333334
28 0.24609375000000006 0.43359375 0.14038085937500006 0.43359375 0.14038085937500006 0.5787760416666666 0.24609375000000006 0.5787760416666666
5 0.22802734375000006 0.3486328125 0.12231445312500003 0.3486328125 0.12231445312500004 0.4947916666666667 0.22802734375000006 0.4947916666666667
16 0.21606445312500003 0.2470703125 0.09667968750000003 0.2470703125 0.09667968750000003 0.404296875 0.21606445312500006 0.404296875
9 0.198974609375 0.10872395833333336 0.099365234375 0.10872395833333333 0.09936523437500001 0.287109375 0.198974609375 0.287109375
5 0.452392578125 0.20507812500000008 0.314453125 0.20507812500000008 0.314453125 0.396484375 0.452392578125 0.396484375
14 0.3564453125 0.3196614583333334 0.24438476562500006 0.3196614583333334 0.24438476562500006 0.5192057291666666 0.3564453125 0.5192057291666666
32 0.28857421875 0.19921875000000003 0.18603515625 0.19921875 0.18603515625000003 0.3655598958333333 0.28857421875 0.3655598958333333
0 0.675537109375 0.13899739583333343 0.53515625 0.1389973958333334 0.53515625 0.30729166666666674 0.675537109375 0.30729166666666674
4 0.29565429687500006 0.5016276041666666 0.17651367187500006 0.5016276041666666 0.17651367187500006 0.6647135416666666 0.2956542968750001 0.6647135416666666
3 0.4130859375000001 0.6204427083333334 0.2749023437500001 0.6204427083333334 0.2749023437500001 0.8033854166666666 0.4130859375000001 0.8033854166666666
3 0.2783203125 0.02180989583333337 0.168701171875 0.02180989583333336 0.168701171875 0.20735677083333337 0.2783203125 0.2073567708333334
15 0.53955078125 0.08886718750000007 0.409912109375 0.08886718750000007 0.409912109375 0.2298177083333334 0.53955078125 0.2298177083333334
10 0.515380859375 0.4095052083333334 0.36865234375 0.4095052083333333 0.36865234375 0.5472005208333334 0.515380859375 0.5472005208333335
8 0.09887695312500003 0.2513020833333333 2.3081721897992108e-17 0.2513020833333333 3.164767179925472e-17 0.4378255208333333 0.09887695312500003 0.4378255208333333
22 0.54541015625 8.026778418239569e-17 0.437744140625 7.147759475492201e-17 0.437744140625 0.12141927083333341 0.54541015625 0.12141927083333341