31 0.4453125 0.49242424242424254 0.3825954861111111 0.49242424242424243 0.3825954861111111 0.6543560606060607 0.4453125 0.6543560606060608
4 0.9997829861111112 0.3773674242424245 0.939453125 0.3773674242424245 0.939453125 0.5596590909090912 0.9997829861111112 0.5596590909090912
10 1 0.5539772727272729 0.9142795138888888 0.5539772727272729 0.9142795138888888 0.744318181818182 1 0.744318181818182
29 0.7907986111111112 0.4498106060606063 0.71484375 0.4498106060606063 0.71484375 0.6268939393939396 0.7907986111111112 0.6268939393939396
7 0.7426215277777778 0.519412878787879 0.6790364583333334 0.519412878787879 0.6790364583333334 0.68844696969697 0.7426215277777778 0.68844696969697
2 0.6955295138888888 0.5326704545454548 0.6328125 0.5326704545454548 0.6328125 0.7121212121212124 0.6955295138888888 0.7121212121212124
26 0.6558159722222222 0.6482007575757578 0.5720486111111112 0.6482007575757578 0.5720486111111112 0.8238636363636366 0.6558159722222222 0.8238636363636366
33 0.6078559027777778 0.666193181818182 0.5190972222222222 0.666193181818182 0.5190972222222222 0.8551136363636366 0.6078559027777778 0.8551136363636366
31 0.5983072916666666 0.8517992424242427 0.5227864583333334 0.8517992424242427 0.5227864583333334 1 0.5983072916666666 1
13 0.541015625 0.7623106060606063 0.4609375 0.7623106060606063 0.4609375 0.9147727272727275 0.541015625 0.9147727272727275
17 0.4802517361111111 0.591382575757576 0.4190538194444444 0.591382575757576 0.4190538194444444 0.7717803030303032 0.4802517361111111 0.7717803030303032
29 0.5340711805555556 0.5748106060606063 0.4722222222222222 0.5748106060606063 0.4722222222222222 0.7315340909090912 0.5340711805555556 0.7315340909090912
11 0.5824652777777778 0.5085227272727275 0.5203993055555556 0.5085227272727275 0.5203993055555556 0.691287878787879 0.5824652777777778 0.691287878787879
25 0.6467013888888888 0.5359848484848487 0.5687934027777778 0.5359848484848487 0.5687934027777778 0.6562500000000002 0.6467013888888888 0.6562500000000002
0 0.5366753472222222 0.2637310606060607 0.4455295138888889 0.2637310606060607 0.4455295138888889 0.4303977272727274 0.5366753472222222 0.4303977272727274
12 0.4713541666666667 0.33049242424242437 0.3980034722222222 0.33049242424242437 0.3980034722222222 0.5146780303030304 0.4713541666666667 0.5146780303030305
21 0.4053819444444444 0.325284090909091 0.3411458333333333 0.325284090909091 0.3411458333333333 0.4919507575757577 0.4053819444444444 0.4919507575757578
5 0.4268663194444444 0.0643939393939395 0.3611111111111111 0.0643939393939395 0.3611111111111111 0.2400568181818183 0.4268663194444444 0.2400568181818183
30 0.5206163194444444 0.41429924242424254 0.4424913194444444 0.41429924242424254 0.4424913194444444 0.5771780303030305 0.5206163194444444 0.5771780303030305
23 0.5753038194444444 0.37263257575757586 0.5169270833333334 0.37263257575757586 0.5169270833333334 0.5345643939393941 0.5753038194444444 0.5345643939393941
15 0.6412760416666666 0.4024621212121214 0.5659722222222222 0.4024621212121213 0.5659722222222222 0.5246212121212124 0.6412760416666666 0.5246212121212124
29 0.6946614583333334 0.35179924242424265 0.6282552083333334 0.35179924242424265 0.6282552083333334 0.5203598484848487 0.6946614583333334 0.5203598484848487
30 0.6358506944444444 0.20123106060606077 0.5726996527777778 0.20123106060606077 0.5726996527777778 0.3863636363636365 0.6358506944444444 0.3863636363636366
33 0.6979166666666666 0.13778409090909108 0.6293402777777778 0.13778409090909108 0.6293402777777778 0.3248106060606063 0.6979166666666666 0.3248106060606063