12 0.619384765625 0.3411458333333335 0.5009765625 0.3411458333333335 0.5009765625 0.4612630208333335 0.619384765625 0.4612630208333335
10 0.70751953125 0.1962890625000001 0.5830078125 0.19628906250000008 0.5830078125 0.37304687500000017 0.70751953125 0.37304687500000017
28 0.4042968750000001 0.65625 0.2932128906250001 0.65625 0.2932128906250001 0.8203125 0.4042968750000001 0.8203125
21 0.49169921875000006 0.5491536458333334 0.40576171875 0.5491536458333334 0.40576171875000006 0.6953125 0.4916992187500001 0.6953125
23 0.6083984375 0.5657552083333335 0.4853515625 0.5657552083333335 0.48535156250000006 0.6839192708333334 0.6083984375 0.6839192708333334
21 0.251708984375 0.4449869791666667 0.14819335937500006 0.4449869791666667 0.14819335937500006 0.5986328125 0.251708984375 0.5986328125
19 0.7060546875 0.6162109375000001 0.5625 0.6162109375000001 0.5625 0.8108723958333334 0.7060546875 0.8108723958333334
6 0.576904296875 0.8063151041666666 0.4812011718750001 0.8063151041666666 0.4812011718750001 0.9619140625 0.576904296875 0.9619140625
27 0.19409179687500006 0.5374348958333334 0.08984375000000006 0.5374348958333334 0.08984375000000006 0.6848958333333334 0.19409179687500006 0.6848958333333334
28 0.14208984375000006 0.6549479166666666 0.06616210937500006 0.6549479166666666 0.06616210937500007 0.7939453125 0.14208984375000006 0.7939453125
9 0.3232421875000001 0.6194661458333334 0.22387695312500006 0.6194661458333334 0.22387695312500006 0.77734375 0.3232421875000001 0.77734375
16 0.4492187500000001 0.7506510416666666 0.3378906250000001 0.7506510416666666 0.3378906250000001 0.91796875 0.4492187500000001 0.91796875
30 0.56591796875 0.6959635416666666 0.4467773437500001 0.6959635416666666 0.4467773437500001 0.8033854166666666 0.56591796875 0.8033854166666666
32 0.771484375 0.5071614583333335 0.6552734375 0.5071614583333335 0.6552734375 0.6848958333333334 0.771484375 0.6848958333333334
28 0.62890625 0.4596354166666668 0.508056640625 0.4596354166666668 0.508056640625 0.5641276041666669 0.62890625 0.5641276041666669
20 0.4814453125 0.4095052083333334 0.365478515625 0.4095052083333333 0.365478515625 0.5452473958333334 0.4814453125 0.5452473958333335
9 0.450927734375 0.3264973958333334 0.334716796875 0.3264973958333334 0.334716796875 0.4527994791666667 0.450927734375 0.4527994791666667
4 0.417724609375 0.24121093750000008 0.308837890625 0.24121093750000008 0.308837890625 0.3665364583333333 0.417724609375 0.3665364583333333
14 0.42333984375 0.10481770833333338 0.312744140625 0.10481770833333337 0.312744140625 0.25846354166666674 0.42333984375 0.25846354166666674
32 0.533447265625 0.04915364583333342 0.41357421875 0.049153645833333405 0.41357421875 0.17968750000000008 0.533447265625 0.17968750000000008
9 0.525634765625 0.16666666666666674 0.41357421875 0.16666666666666674 0.41357421875 0.28483072916666674 0.525634765625 0.28483072916666674
33 0.646240234375 0.08821614583333343 0.53955078125 0.08821614583333341 0.53955078125 0.2405598958333334 0.646240234375 0.2405598958333334
7 0.72021484375 0.003906250000000108 0.5986328125 0.003906250000000098 0.5986328125 0.17545572916666677 0.72021484375 0.17545572916666682
29 0.806884765625 0.18977864583333348 0.69091796875 0.18977864583333348 0.69091796875 0.3815104166666668 0.806884765625 0.3815104166666668
20 0.570556640625 0.23307291666666674 0.4482421875 0.23307291666666674 0.4482421875 0.37597656250000006 0.570556640625 0.37597656250000017
16 0.41235351562500006 0.50390625 0.29150390625 0.50390625 0.29150390625000006 0.6595052083333334 0.4123535156250001 0.6595052083333334
10 0.348388671875 0.4166666666666667 0.24658203125000006 0.4166666666666667 0.24658203125000006 0.556640625 0.348388671875 0.556640625
31 0.308349609375 0.3411458333333333 0.21508789062500006 0.3411458333333333 0.21508789062500006 0.4905598958333333 0.308349609375 0.4905598958333333
3 0.29248046875000006 0.544921875 0.18603515625000006 0.544921875 0.18603515625000006 0.693359375 0.2924804687500001 0.693359375
3 0.328857421875 0.16992187500000008 0.22705078125 0.16992187500000008 0.22705078125000003 0.30664062500000006 0.328857421875 0.30664062500000006
3 0.81787109375 0.6897786458333334 0.68603515625 0.6897786458333334 0.68603515625 0.8600260416666666 0.81787109375 0.8600260416666666
13 0.3405761718750001 0.7822265625 0.23095703125000006 0.7822265625 0.23095703125000008 0.9388020833333334 0.3405761718750001 0.9388020833333334