27 0.4301757812500001 0.640625 0.3088378906250001 0.640625 0.3088378906250001 0.8014322916666666 0.4301757812500001 0.8014322916666666
17 0.696533203125 0.6318359375000001 0.565673828125 0.6318359375000001 0.565673828125 0.7887369791666666 0.696533203125 0.7887369791666666
14 0.557861328125 0.2434895833333334 0.433349609375 0.2434895833333334 0.433349609375 0.3919270833333334 0.557861328125 0.3919270833333335
25 0.45166015625 0.18359375000000008 0.351318359375 0.18359375000000008 0.351318359375 0.3414713541666667 0.45166015625 0.3414713541666667
25 0.650146484375 0.806640625 0.52001953125 0.806640625 0.52001953125 0.9488932291666666 0.650146484375 0.9488932291666666
5 0.4611816406250001 0.7906901041666666 0.3569335937500001 0.7906901041666666 0.3569335937500001 0.9576822916666666 0.4611816406250001 0.9576822916666666
31 0.51611328125 0.4378255208333334 0.405029296875 0.4378255208333333 0.405029296875 0.5934244791666667 0.51611328125 0.5934244791666669
31 0.521728515625 0.6067708333333334 0.4096679687500001 0.6067708333333334 0.4096679687500001 0.7584635416666666 0.521728515625 0.7584635416666666
22 0.576904296875 0.47753906250000017 0.469482421875 0.47753906250000017 0.46948242187500006 0.6490885416666669 0.576904296875 0.6490885416666669
30 0.6533203125 0.15950520833333343 0.50732421875 0.1595052083333334 0.50732421875 0.3352864583333335 0.6533203125 0.3352864583333335
19 0.7275390625 0.4000651041666668 0.57861328125 0.4000651041666668 0.57861328125 0.5992838541666669 0.7275390625 0.5992838541666669
32 0.65234375 0.31705729166666674 0.506591796875 0.31705729166666674 0.506591796875 0.4925130208333335 0.65234375 0.4925130208333335
26 0.11352539062500003 0.3040364583333333 2.792529566415107e-17 0.3040364583333333 3.471227865747258e-17 0.4518229166666667 0.11352539062500003 0.4518229166666667
28 0.301513671875 0.16731770833333337 0.1826171875 0.16731770833333334 0.18261718750000003 0.3447265625 0.301513671875 0.3447265625
27 0.38330078125 0.1412760416666667 0.268798828125 0.1412760416666667 0.268798828125 0.29752604166666674 0.38330078125 0.29752604166666674
13 0.375732421875 0.29589843750000006 0.25341796875 0.29589843750000006 0.25341796875 0.4651692708333333 0.375732421875 0.4651692708333333
26 0.3408203125 0.435546875 0.22460937500000006 0.435546875 0.22460937500000006 0.5914713541666666 0.3408203125 0.5914713541666666
5 0.448974609375 0.3743489583333333 0.31494140625 0.3743489583333333 0.31494140625 0.5426432291666666 0.448974609375 0.5426432291666666
23 0.41601562500000006 0.5042317708333334 0.29052734375 0.5042317708333334 0.29052734375000006 0.6800130208333334 0.4160156250000001 0.6800130208333334
24 0.58251953125 0.7083333333333334 0.4472656250000001 0.7083333333333334 0.4472656250000001 0.861328125 0.58251953125 0.861328125
28 0.778564453125 0.5406901041666669 0.6318359375 0.5406901041666669 0.6318359375 0.7311197916666666 0.778564453125 0.7311197916666666
21 0.837158203125 0.3522135416666668 0.69970703125 0.3522135416666668 0.69970703125 0.5478515625000001 0.837158203125 0.5478515625000001
12 0.761962890625 0.22037760416666677 0.616455078125 0.22037760416666674 0.616455078125 0.40332031250000017 0.761962890625 0.40332031250000017
12 0.80859375 1.193751575536051e-16 0.653564453125 1.0671808207413623e-16 0.653564453125 0.16731770833333345 0.80859375 0.16731770833333348
12 0.130126953125 1.0623970441821927e-17 0 0 3.318744987923736e-18 0.07226562500000001 0.130126953125 0.07226562500000001