7 0.61474609375 0.5260416666666669 0.508056640625 0.5260416666666669 0.508056640625 0.7080078125 0.61474609375 0.7080078125
0 0.65966796875 0.16276041666666677 0.522216796875 0.16276041666666674 0.522216796875 0.32877604166666674 0.65966796875 0.32877604166666674
31 0.591064453125 0.35058593750000017 0.457763671875 0.35058593750000017 0.457763671875 0.5367838541666669 0.591064453125 0.5367838541666669
14 0.40429687500000006 0.5081380208333334 0.278076171875 0.5081380208333334 0.27807617187500006 0.6783854166666666 0.4042968750000001 0.6783854166666666
27 0.18066406250000006 0.7034505208333334 0.04418945312500007 0.7034505208333334 0.044189453125000076 0.8505859375 0.18066406250000006 0.8505859375
25 0.14697265625000006 0.4996744791666667 0.05688476562500004 0.4996744791666667 0.05688476562500005 0.6585286458333334 0.14697265625000006 0.6585286458333334
5 0.25390625000000006 0.474609375 0.13330078125000006 0.474609375 0.13330078125000006 0.6227213541666666 0.2539062500000001 0.6227213541666666
28 0.28613281250000006 0.5543619791666666 0.16870117187500006 0.5543619791666666 0.16870117187500006 0.7047526041666666 0.2861328125000001 0.7047526041666666
15 0.4382324218750001 0.685546875 0.3176269531250001 0.685546875 0.3176269531250001 0.8528645833333334 0.4382324218750001 0.8528645833333334
15 0.51220703125 0.5332031250000001 0.3994140625 0.533203125 0.39941406250000006 0.72265625 0.51220703125 0.72265625
5 0.588623046875 0.7076822916666666 0.4489746093750001 0.7076822916666666 0.4489746093750001 0.8453776041666666 0.588623046875 0.8453776041666666
28 0.228759765625 0.05240885416666669 0.126953125 0.052408854166666685 0.126953125 0.1754557291666667 0.228759765625 0.17545572916666674
9 0.18066406250000003 0.2109375 0.09301757812500003 0.2109375 0.09301757812500003 0.359375 0.18066406250000006 0.359375
29 0.373779296875 0.17838541666666674 0.25537109375 0.17838541666666674 0.25537109375 0.32031250000000006 0.373779296875 0.32031250000000006
10 0.4287109375 0.2727864583333334 0.308837890625 0.2727864583333334 0.308837890625 0.4306640625 0.4287109375 0.4306640625
22 0.503662109375 0.3714192708333334 0.370361328125 0.3714192708333333 0.370361328125 0.5367838541666667 0.503662109375 0.5367838541666669
16 0.23339843750000006 0.3557942708333333 0.11206054687500003 0.3557942708333333 0.11206054687500004 0.5009765625 0.23339843750000006 0.5009765625
32 0.44140625 0.08072916666666673 0.308837890625 0.08072916666666673 0.308837890625 0.2239583333333334 0.44140625 0.2239583333333334
32 0.303466796875 0.26660156250000006 0.16796875 0.2666015625 0.16796875000000003 0.4306640625 0.303466796875 0.4306640625
3 0.298095703125 0.09863281250000004 0.18994140625 0.09863281250000004 0.18994140625 0.26171875000000006 0.298095703125 0.26171875000000006
4 0.3391113281250001 0.642578125 0.22607421875000006 0.642578125 0.22607421875000006 0.8160807291666666 0.3391113281250001 0.8160807291666666