24 0.4869791666666667 0.4952651515151517 0.4312065972222222 0.4952651515151517 0.4312065972222222 0.650568181818182 0.4869791666666667 0.650568181818182
11 0.4592013888888889 0.3229166666666668 0.38671875 0.3229166666666668 0.38671875 0.4531250000000001 0.4592013888888889 0.4531250000000001
29 0.5659722222222222 0.40909090909090917 0.4898003472222222 0.40909090909090917 0.4898003472222222 0.5487689393939396 0.5659722222222222 0.5487689393939396
2 0.5518663194444444 0.513257575757576 0.4835069444444444 0.513257575757576 0.4835069444444444 0.6671401515151517 0.5518663194444444 0.6671401515151517
0 0.7107204861111112 0.8300189393939396 0.6349826388888888 0.8300189393939396 0.6349826388888888 0.9483901515151517 0.7107204861111112 0.9483901515151517
18 0.7230902777777778 0.6458333333333336 0.6623263888888888 0.6458333333333336 0.6623263888888888 0.8016098484848487 0.7230902777777778 0.8016098484848487
29 0.7482638888888888 0.48200757575757597 0.6879340277777778 0.48200757575757597 0.6879340277777778 0.6434659090909093 0.7482638888888888 0.6434659090909093
33 0.7973090277777778 0.3584280303030305 0.7137586805555556 0.3584280303030305 0.7137586805555556 0.5061553030303032 0.7973090277777778 0.5061553030303032
30 0.6920572916666666 0.3773674242424245 0.6236979166666666 0.3773674242424245 0.6236979166666666 0.5520833333333336 0.6920572916666666 0.5520833333333336
15 0.6864149305555556 0.5284090909090912 0.6078559027777778 0.5284090909090912 0.6078559027777778 0.6832386363636366 0.6864149305555556 0.6832386363636366
29 0.6673177083333334 0.6761363636363639 0.5870225694444444 0.6761363636363639 0.5870225694444444 0.8522727272727275 0.6673177083333334 0.8522727272727275
33 0.6111111111111112 0.7845643939393941 0.5460069444444444 0.7845643939393941 0.5460069444444444 0.9640151515151517 0.6111111111111112 0.9640151515151517
28 0.5592447916666666 0.6642992424242427 0.4947916666666667 0.6642992424242427 0.4947916666666667 0.8347537878787881 0.5592447916666666 0.8347537878787881
7 0.6148003472222222 0.5984848484848487 0.5358072916666666 0.5984848484848487 0.5358072916666666 0.7566287878787881 0.6148003472222222 0.7566287878787881
11 0.6217447916666666 0.4919507575757578 0.5444878472222222 0.4919507575757578 0.5444878472222222 0.6463068181818183 0.6217447916666666 0.6463068181818183
30 0.6319444444444444 0.36789772727272746 0.5529513888888888 0.3678977272727274 0.5529513888888888 0.5317234848484851 0.6319444444444444 0.5317234848484851
0 0.6532118055555556 0.26089015151515166 0.5759548611111112 0.2608901515151516 0.5759548611111112 0.42850378787878807 0.6532118055555556 0.42850378787878807
12 0.5876736111111112 0.27698863636363646 0.5082465277777778 0.27698863636363646 0.5082465277777778 0.4266098484848486 0.5876736111111112 0.4266098484848486
13 0.5071614583333334 0.350378787878788 0.447265625 0.350378787878788 0.447265625 0.513257575757576 0.5071614583333334 0.513257575757576
31 0.5199652777777778 0.24621212121212133 0.4483506944444444 0.24621212121212133 0.4483506944444444 0.38115530303030315 0.5199652777777778 0.38115530303030315
23 0.6030815972222222 0.1486742424242426 0.5264756944444444 0.1486742424242426 0.5264756944444444 0.31581439393939403 0.6030815972222222 0.31581439393939403
21 0.4906684027777778 0.08143939393939406 0.4090711805555556 0.08143939393939405 0.4090711805555556 0.23863636363636376 0.4906684027777778 0.23863636363636376
17 0.4555121527777778 0.18465909090909102 0.3778211805555556 0.18465909090909102 0.3778211805555556 0.3399621212121213 0.4555121527777778 0.3399621212121213
27 0.43359375 0.6041666666666667 0.3537326388888889 0.6041666666666666 0.3537326388888889 0.7684659090909092 0.43359375 0.7684659090909093
26 0.5073784722222222 0.6392045454545456 0.44140625 0.6392045454545456 0.44140625 0.7997159090909093 0.5073784722222222 0.7997159090909093