26 0.6254340277777778 0.6458333333333336 0.5549045138888888 0.6458333333333336 0.5549045138888888 0.7940340909090912 0.6254340277777778 0.7940340909090912
26 0.4594184027777778 0.391098484848485 0.4184027777777778 0.391098484848485 0.4184027777777778 0.5307765151515154 0.4594184027777778 0.5307765151515154
27 0.5475260416666666 0.2571022727272728 0.5032552083333334 0.2571022727272728 0.5032552083333334 0.3844696969696971 0.5475260416666666 0.3844696969696971
33 0.5985243055555556 0.28361742424242437 0.5575086805555556 0.28361742424242437 0.5575086805555556 0.41761363636363646 0.5985243055555556 0.41761363636363646
4 0.5028211805555556 0.22111742424242434 0.4381510416666667 0.22111742424242434 0.4381510416666667 0.3650568181818183 0.5028211805555556 0.3650568181818183
12 0.5596788194444444 0.11789772727272742 0.5101996527777778 0.1178977272727274 0.5101996527777778 0.2518939393939395 0.5596788194444444 0.2518939393939395
6 0.4173177083333333 0.37831439393939403 0.3537326388888889 0.37831439393939403 0.3537326388888889 0.4777462121212122 0.4173177083333333 0.4777462121212122
23 0.3509114583333333 0.3200757575757577 0.3053385416666667 0.3200757575757577 0.3053385416666667 0.4483901515151516 0.3509114583333333 0.4483901515151516
14 0.2595486111111111 0.5482954545454546 0.18728298611111116 0.5482954545454546 0.18728298611111116 0.6808712121212122 0.2595486111111111 0.6808712121212122
11 0.2437065972222222 0.43276515151515155 0.16883680555555555 0.4327651515151515 0.16883680555555558 0.5653409090909091 0.2437065972222222 0.5653409090909091
13 0.3539496527777778 0.4464962121212122 0.2970920138888889 0.4464962121212122 0.2970920138888889 0.5487689393939394 0.3539496527777778 0.5487689393939394
2 0.3374565972222222 0.5591856060606061 0.2938368055555556 0.5591856060606061 0.2938368055555556 0.6865530303030303 0.3374565972222222 0.6865530303030303
22 0.5130208333333334 0.1041666666666668 0.4572482638888889 0.1041666666666668 0.4572482638888889 0.24384469696969707 0.5130208333333334 0.24384469696969707
32 0.6692708333333334 0.5317234848484851 0.6052517361111112 0.5317234848484851 0.6052517361111112 0.6936553030303032 0.6692708333333334 0.6936553030303032
11 0.4281684027777778 0.4829545454545456 0.3526475694444444 0.4829545454545456 0.3526475694444444 0.6112689393939394 0.4281684027777778 0.6112689393939396
0 0.37109375000000006 0.8536931818181818 0.3103298611111111 0.8536931818181818 0.31032986111111116 0.9976325757575758 0.3710937500000001 0.9976325757575758
17 0.3111979166666667 0.6775568181818182 0.2508680555555556 0.6775568181818182 0.2508680555555556 0.8229166666666666 0.3111979166666667 0.8229166666666666
24 0.3598090277777778 0.7196969696969697 0.2918836805555556 0.7196969696969697 0.2918836805555556 0.834280303030303 0.3598090277777778 0.834280303030303
30 0.408203125 0.7296401515151516 0.3543836805555556 0.7296401515151515 0.3543836805555556 0.8764204545454547 0.408203125 0.8764204545454548
29 0.4680989583333333 0.7433712121212123 0.3999565972222222 0.7433712121212122 0.3999565972222222 0.8697916666666667 0.4680989583333333 0.8697916666666669
7 0.5347222222222222 0.7050189393939396 0.4622395833333333 0.7050189393939396 0.4622395833333333 0.8555871212121214 0.5347222222222222 0.8555871212121214
16 0.4097222222222222 0.5677083333333335 0.3324652777777778 0.5677083333333334 0.3324652777777778 0.7201704545454547 0.4097222222222222 0.7201704545454548
21 0.3046875 0.36174242424242437 0.2348090277777778 0.36174242424242437 0.2348090277777778 0.5123106060606061 0.3046875 0.5123106060606061
6 0.3658854166666667 0.2211174242424243 0.2977430555555556 0.2211174242424243 0.2977430555555556 0.32765151515151525 0.3658854166666667 0.32765151515151525
8 0.3463541666666667 0.1358901515151516 0.2823350694444444 0.13589015151515157 0.2823350694444444 0.26136363636363646 0.3463541666666667 0.26136363636363646
29 0.3984375 0.057765151515151617 0.3283420138888889 0.05776515151515161 0.3283420138888889 0.19933712121212133 0.3984375 0.19933712121212133
28 0.4670138888888889 0.12452651515151526 0.40234375 0.12452651515151526 0.40234375 0.2656250000000001 0.4670138888888889 0.2656250000000001
24 0.4672309027777778 1.1646321477686831e-16 0.4045138888888889 1.0808435765202018e-16 0.4045138888888889 0.14393939393939403 0.4672309027777778 0.14393939393939403
2 0.5952690972222222 0.01657196969696985 0.5249565972222222 0.01657196969696984 0.5249565972222222 0.1576704545454547 0.5952690972222222 0.1576704545454547