9 0.71240234375 0.2698567708333334 0.5830078125 0.2698567708333334 0.5830078125 0.42871093750000017 0.71240234375 0.42871093750000017
32 0.552490234375 0.24121093750000008 0.428466796875 0.24121093750000008 0.428466796875 0.37500000000000006 0.552490234375 0.37500000000000017
27 0.520751953125 0.73046875 0.3769531250000001 0.73046875 0.3769531250000001 0.9215494791666666 0.520751953125 0.9215494791666666
25 0.637939453125 0.6204427083333335 0.50830078125 0.6204427083333335 0.50830078125 0.8173828125 0.637939453125 0.8173828125
20 0.5439453125 0.5940755208333334 0.403076171875 0.5940755208333334 0.40307617187500006 0.7662760416666666 0.5439453125 0.7662760416666666
3 0.37255859375000006 0.6009114583333334 0.265869140625 0.6009114583333334 0.26586914062500006 0.7802734375 0.3725585937500001 0.7802734375
31 0.48657226562500006 0.47721354166666674 0.34765625 0.4772135416666667 0.34765625000000006 0.6448567708333334 0.4865722656250001 0.6448567708333335
21 0.41162109375 0.3590494791666667 0.312255859375 0.3590494791666667 0.312255859375 0.5240885416666666 0.41162109375 0.5240885416666666
10 0.669189453125 0.4632161458333335 0.53955078125 0.4632161458333335 0.53955078125 0.6601562500000001 0.669189453125 0.6601562500000001
3 0.808837890625 0.4651692708333335 0.65234375 0.4651692708333335 0.65234375 0.6595052083333335 0.808837890625 0.6595052083333335
21 0.8798828125 0.34667968750000017 0.770751953125 0.34667968750000017 0.770751953125 0.5322265625000001 0.8798828125 0.5322265625000001
6 0.7783203125 0.3444010416666668 0.63037109375 0.3444010416666668 0.63037109375 0.5253906250000001 0.7783203125 0.5253906250000001
31 0.766845703125 0.1533203125000001 0.63134765625 0.1533203125000001 0.63134765625 0.3183593750000001 0.766845703125 0.31835937500000017
17 0.640869140625 0.15722656250000008 0.543212890625 0.15722656250000008 0.543212890625 0.33789062500000017 0.640869140625 0.33789062500000017
5 0.5517578125 0.09440104166666674 0.457763671875 0.09440104166666674 0.457763671875 0.25553385416666674 0.5517578125 0.25553385416666674
14 0.471435546875 0.1389973958333334 0.35693359375 0.1389973958333334 0.35693359375 0.2639973958333334 0.471435546875 0.2639973958333334
28 0.43798828125 0.24967447916666674 0.322509765625 0.24967447916666674 0.322509765625 0.3824869791666667 0.43798828125 0.3824869791666667
16 0.528076171875 0.34179687500000006 0.3984375 0.341796875 0.3984375 0.49869791666666674 0.528076171875 0.4986979166666668
33 0.60302734375 0.4016927083333335 0.474853515625 0.4016927083333335 0.474853515625 0.5843098958333335 0.60302734375 0.5843098958333335