27 0.38525390625000006 0.5589192708333334 0.23217773437500006 0.5589192708333334 0.23217773437500006 0.7145182291666666 0.3852539062500001 0.7145182291666666
5 0.39013671875 0.4147135416666667 0.24267578125000006 0.4147135416666667 0.24267578125000006 0.54296875 0.39013671875 0.54296875
24 0.6982421875 0.5039062500000001 0.583740234375 0.5039062500000001 0.583740234375 0.7047526041666666 0.6982421875 0.7047526041666666
7 0.8505859375 0.6282552083333335 0.664306640625 0.6282552083333335 0.664306640625 0.8196614583333334 0.8505859375 0.8196614583333334
19 0.583984375 0.47656250000000017 0.486083984375 0.47656250000000017 0.48608398437500006 0.6647135416666669 0.583984375 0.6647135416666669
28 0.535888671875 0.35058593750000006 0.384521484375 0.3505859375 0.384521484375 0.49902343750000006 0.535888671875 0.49902343750000017
6 0.22216796875000006 0.4192708333333333 0.11791992187500003 0.4192708333333333 0.11791992187500004 0.6129557291666666 0.22216796875000006 0.6129557291666666
4 0.4870605468750001 0.6266276041666667 0.3884277343750001 0.6266276041666666 0.3884277343750001 0.8264973958333334 0.4870605468750001 0.8264973958333334
0 0.7705078125 0.03352864583333345 0.601806640625 0.03352864583333343 0.601806640625 0.22688802083333345 0.7705078125 0.22688802083333348
22 0.620849609375 0.6787109375 0.4978027343750001 0.6787109375 0.4978027343750001 0.8899739583333334 0.620849609375 0.8899739583333334
3 0.362548828125 0.27701822916666674 0.234130859375 0.27701822916666674 0.23413085937500003 0.4117838541666667 0.362548828125 0.4117838541666667
32 0.6533203125 0.25097656250000006 0.5087890625 0.25097656250000006 0.5087890625 0.4339192708333335 0.6533203125 0.4339192708333335
31 0.80029296875 0.76171875 0.6123046875 0.76171875 0.6123046875 0.9944661458333334 0.80029296875 0.9944661458333334
25 0.92724609375 0.4417317708333335 0.74755859375 0.4417317708333335 0.74755859375 0.6751302083333335 0.92724609375 0.6751302083333336
29 0.815673828125 0.3522135416666668 0.640380859375 0.3522135416666668 0.640380859375 0.5944010416666669 0.815673828125 0.5944010416666669
10 0.809326171875 0.1608072916666668 0.651611328125 0.16080729166666677 0.651611328125 0.3863932291666668 0.809326171875 0.3863932291666668
14 0.598388671875 0.037760416666666755 0.446044921875 0.03776041666666674 0.446044921875 0.1907552083333334 0.598388671875 0.1907552083333334
3 0.614501953125 0.15690104166666677 0.46875 0.15690104166666674 0.46875 0.3089192708333334 0.614501953125 0.3089192708333334
21 0.48779296875 0.1292317708333334 0.3251953125 0.12923177083333337 0.3251953125 0.35319010416666674 0.48779296875 0.3531901041666668