25 0.67919921875 0.7412109375 0.546630859375 0.7412109375 0.546630859375 0.8916015625 0.67919921875 0.8916015625
5 0.5341796875 0.7513020833333334 0.3901367187500001 0.7513020833333334 0.3901367187500001 0.9368489583333334 0.5341796875 0.9368489583333334
31 0.599609375 0.5996093750000001 0.47314453125 0.5996093750000001 0.47314453125000006 0.7477213541666666 0.599609375 0.7477213541666666
17 0.732177734375 0.5738932291666669 0.588623046875 0.5738932291666669 0.588623046875 0.7333984375 0.732177734375 0.7333984375
27 0.49291992187500006 0.5595703125000001 0.37451171875 0.5595703125 0.37451171875000006 0.7486979166666666 0.4929199218750001 0.7486979166666666
31 0.568115234375 0.4104817708333334 0.427734375 0.4104817708333333 0.427734375 0.5947265625000001 0.568115234375 0.5947265625000001
28 0.742431640625 0.3987630208333335 0.5859375 0.3987630208333335 0.5859375 0.5836588541666669 0.742431640625 0.5836588541666669
21 0.764404296875 0.2561848958333334 0.6328125 0.2561848958333334 0.6328125 0.4583333333333335 0.764404296875 0.4583333333333335
22 0.628173828125 0.21289062500000008 0.482666015625 0.21289062500000008 0.482666015625 0.4222005208333335 0.628173828125 0.4222005208333335
12 0.756591796875 0.019856770833333443 0.602294921875 0.01985677083333343 0.602294921875 0.23177083333333345 0.756591796875 0.23177083333333348
19 0.673583984375 0.0878906250000001 0.51513671875 0.08789062500000007 0.51513671875 0.28906250000000006 0.673583984375 0.28906250000000006
6 0.844482421875 1.2613224194343182e-16 0.700439453125 1.1437212456880716e-16 0.700439453125 0.16145833333333345 0.844482421875 0.16145833333333348
8 0.15502929687500003 0.2958984375 0.023681640625000028 0.2958984375 0.023681640625000035 0.4521484375 0.15502929687500006 0.4521484375
26 0.248779296875 0.11035156250000004 0.116943359375 0.11035156250000004 0.11694335937500001 0.2760416666666667 0.248779296875 0.27604166666666674
28 0.152587890625 0.02408854166666668 0.02294921875 0.024088541666666668 0.02294921875000001 0.20084635416666666 0.152587890625 0.20084635416666666
13 0.269287109375 3.4124272788741354e-17 0.148681640625 2.4277666037784443e-17 0.148681640625 0.13964843750000003 0.269287109375 0.13964843750000003