9 0.33349609375 0.4124348958333333 0.20092773437500006 0.4124348958333333 0.20092773437500006 0.6018880208333334 0.33349609375 0.6018880208333334
16 0.40820312500000006 0.4755859375 0.26318359375 0.4755859375 0.26318359375000006 0.6848958333333334 0.4082031250000001 0.6848958333333334
4 0.49023437500000006 0.5615234375000001 0.35205078125 0.5615234375 0.35205078125000006 0.7604166666666666 0.4902343750000001 0.7604166666666666
16 0.6279296875 0.5449218750000001 0.49853515625 0.5449218750000001 0.49853515625000006 0.7490234375 0.6279296875 0.7490234375
28 0.629638671875 0.13313802083333343 0.481201171875 0.1331380208333334 0.481201171875 0.3089192708333334 0.629638671875 0.3089192708333334
5 0.5146484375 0.19824218750000008 0.37744140625 0.19824218750000008 0.37744140625 0.38541666666666674 0.5146484375 0.3854166666666668
0 0.568115234375 0.0019531250000000802 0.415283203125 0.0019531250000000677 0.415283203125 0.17643229166666674 0.568115234375 0.17643229166666674
3 0.448486328125 0.29166666666666674 0.316650390625 0.29166666666666674 0.316650390625 0.484375 0.448486328125 0.484375
3 0.54638671875 0.4065755208333334 0.38232421875 0.4065755208333333 0.38232421875000006 0.6282552083333334 0.54638671875 0.6282552083333335
27 0.3613281250000001 0.7307942708333334 0.19873046875000006 0.7307942708333334 0.19873046875000008 0.9524739583333334 0.3613281250000001 0.9524739583333334
7 0.722900390625 0.6064453125000001 0.57177734375 0.6064453125000001 0.57177734375 0.8388671875 0.722900390625 0.8388671875
29 0.818603515625 0.3981119791666668 0.662109375 0.3981119791666668 0.662109375 0.6230468750000001 0.818603515625 0.6230468750000001
17 0.715576171875 0.36914062500000017 0.576171875 0.36914062500000017 0.576171875 0.5794270833333335 0.715576171875 0.5794270833333335
32 0.741943359375 0.1826171875000001 0.593505859375 0.18261718750000008 0.593505859375 0.39453125000000017 0.741943359375 0.39453125000000017
25 0.371826171875 0.20572916666666674 0.2275390625 0.20572916666666674 0.22753906250000003 0.4117838541666667 0.371826171875 0.4117838541666667
1 0.609130859375 0.32194010416666674 0.4521484375 0.32194010416666674 0.4521484375 0.5367838541666667 0.609130859375 0.5367838541666669
14 0.44384765625 0.0628255208333334 0.29345703125 0.06282552083333338 0.29345703125 0.25944010416666674 0.44384765625 0.25944010416666674
3 0.08178710937500008 0.9231770833333334 8.47924395112767e-17 0.9231770833333334 8.83204747236641e-17 1 0.08178710937500008 1
3 0.015380859375000082 0.8274739583333334 7.600225008380303e-17 0.8274739583333334 8.095046896219382e-17 0.9352213541666666 0.015380859375000087 0.9352213541666666