1 0.6030815972222222 0.024621212121212276 0.5523003472222222 0.02462121212121227 0.5523003472222222 0.150568181818182 0.6030815972222222 0.150568181818182
31 0.4190538194444444 0.366003787878788 0.3671875 0.366003787878788 0.3671875 0.4649621212121213 0.4190538194444444 0.4649621212121213
17 0.25390625 0.509469696969697 0.19552951388888895 0.509469696969697 0.19552951388888895 0.6003787878787878 0.25390625 0.6003787878787878
15 0.31705729166666674 0.8390151515151515 0.2530381944444444 0.8390151515151515 0.2530381944444445 0.9678030303030303 0.31705729166666674 0.9678030303030303
18 0.2424045138888889 0.0023674242424242984 0.17643229166666666 0.0023674242424242893 0.17643229166666666 0.10890151515151521 0.2424045138888889 0.10890151515151521
0 0.6000434027777778 0.14488636363636379 0.5373263888888888 0.14488636363636379 0.5373263888888888 0.2608901515151516 0.6000434027777778 0.2608901515151516
30 0.4229600694444445 0.8186553030303031 0.3563368055555556 0.818655303030303 0.3563368055555556 0.9540719696969698 0.42296006944444453 0.95407196969697
22 0.451171875 0.014678030303030415 0.3793402777777778 0.014678030303030404 0.3793402777777778 0.11553030303030314 0.451171875 0.11553030303030314
18 0.1703559027777778 0.04971590909090912 0.10633680555555555 0.049715909090909116 0.10633680555555555 0.2054924242424243 0.1703559027777778 0.2054924242424243
20 0.4390190972222222 0.11695075757575768 0.3856336805555556 0.11695075757575768 0.3856336805555556 0.25426136363636376 0.4390190972222222 0.25426136363636376
11 0.59375 0.2537878787878789 0.5323350694444444 0.2537878787878789 0.5323350694444444 0.38494318181818193 0.59375 0.38494318181818193
1 0.6864149305555556 0.25331439393939414 0.6280381944444444 0.25331439393939414 0.6280381944444444 0.35085227272727293 0.6864149305555556 0.35085227272727293
12 0.3728298611111111 0.46638257575757586 0.3111979166666667 0.46638257575757586 0.3111979166666667 0.5838068181818182 0.3728298611111111 0.5838068181818182
23 0.4164496527777778 0.550189393939394 0.3591579861111111 0.5501893939393939 0.3591579861111111 0.6950757575757577 0.4164496527777778 0.6950757575757578
23 0.2237413194444445 0.7542613636363636 0.16536458333333337 0.7542613636363636 0.16536458333333337 0.8863636363636364 0.22374131944444453 0.8863636363636364
21 0.2039930555555556 0.6377840909090909 0.1378038194444445 0.6377840909090909 0.1378038194444445 0.759469696969697 0.2039930555555556 0.759469696969697
13 0.2730034722222222 0.6628787878787878 0.2078993055555556 0.6628787878787878 0.2078993055555556 0.7840909090909091 0.2730034722222222 0.7840909090909091
29 0.3396267361111111 0.5643939393939394 0.2758246527777778 0.5643939393939394 0.2758246527777778 0.703125 0.3396267361111111 0.703125
29 0.25347222222222227 0.8631628787878788 0.20638020833333337 0.8631628787878788 0.20638020833333337 0.990530303030303 0.2534722222222223 0.990530303030303