24 0.5308159722222222 0.05113636363636377 0.4700520833333333 0.05113636363636376 0.4700520833333333 0.162878787878788 0.5308159722222222 0.16287878787878804
24 0.6004774305555556 0.15009469696969713 0.5325520833333334 0.15009469696969713 0.5325520833333334 0.3006628787878789 0.6004774305555556 0.3006628787878789
28 0.5353732638888888 0.17660984848484862 0.46875 0.1766098484848486 0.46875 0.32054924242424254 0.5353732638888888 0.32054924242424254
6 0.5614149305555556 0.2987689393939395 0.5004340277777778 0.2987689393939395 0.5004340277777778 0.45738636363636376 0.5614149305555556 0.45738636363636376
23 0.4993489583333333 0.2225378787878789 0.4233940972222222 0.2225378787878789 0.4233940972222222 0.39488636363636376 0.4993489583333333 0.39488636363636376
21 0.4453125 0.3143939393939395 0.3806423611111111 0.3143939393939395 0.3806423611111111 0.4469696969696971 0.4453125 0.4469696969696971
8 0.4223090277777778 0.2069128787878789 0.3500434027777778 0.2069128787878789 0.3500434027777778 0.3574810606060607 0.4223090277777778 0.3574810606060607
23 0.2784288194444444 0.381628787878788 0.2183159722222222 0.381628787878788 0.21831597222222224 0.5345643939393939 0.2784288194444444 0.5345643939393939
31 0.2766927083333333 0.5208333333333334 0.2059461805555556 0.5208333333333334 0.2059461805555556 0.6306818181818182 0.2766927083333333 0.6306818181818182
18 0.3407118055555556 0.4578598484848486 0.2760416666666667 0.4578598484848486 0.2760416666666667 0.5890151515151515 0.3407118055555556 0.5890151515151515
16 0.5638020833333334 0.607007575757576 0.5043402777777778 0.607007575757576 0.5043402777777778 0.7646780303030305 0.5638020833333334 0.7646780303030305
19 0.3515625 0.3338068181818183 0.2836371527777778 0.3338068181818183 0.2836371527777778 0.4649621212121213 0.3515625 0.4649621212121213
33 0.33984375 0.6628787878787878 0.2599826388888889 0.6628787878787878 0.2599826388888889 0.8229166666666666 0.33984375 0.8229166666666666
33 0.4166666666666667 0.762784090909091 0.3543836805555556 0.7627840909090909 0.3543836805555556 0.8688446969696971 0.4166666666666667 0.8688446969696972
7 0.3695746527777778 0.5691287878787878 0.2931857638888889 0.5691287878787878 0.2931857638888889 0.7391098484848485 0.3695746527777778 0.7391098484848485
11 0.3891059027777778 0.47869318181818193 0.3270399305555556 0.47869318181818193 0.3270399305555556 0.6212121212121212 0.3891059027777778 0.6212121212121212
14 0.4312065972222222 0.6164772727272728 0.3684895833333333 0.6164772727272727 0.3684895833333333 0.7604166666666667 0.4312065972222222 0.7604166666666669
13 0.4420572916666667 0.465909090909091 0.3888888888888889 0.465909090909091 0.3888888888888889 0.6084280303030304 0.4420572916666667 0.6084280303030305
2 0.4019097222222222 0.3688446969696971 0.341796875 0.3688446969696971 0.341796875 0.5 0.4019097222222222 0.5
6 0.6527777777777778 0.22727272727272743 0.5963541666666666 0.22727272727272743 0.5963541666666666 0.3830492424242426 0.6527777777777778 0.38304924242424265
30 0.5314670138888888 0.4952651515151517 0.4865451388888889 0.4952651515151517 0.4865451388888889 0.6212121212121214 0.5314670138888888 0.6212121212121214
19 0.5308159722222222 0.3688446969696971 0.47265625 0.3688446969696971 0.47265625 0.4985795454545457 0.5308159722222222 0.4985795454545457
31 0.4854600694444444 0.7807765151515154 0.4151475694444444 0.7807765151515154 0.4151475694444445 0.8887310606060608 0.4854600694444444 0.8887310606060608
7 0.5162760416666666 0.644412878787879 0.4713541666666667 0.644412878787879 0.4713541666666667 0.7713068181818183 0.5162760416666666 0.7713068181818183
10 0.4644097222222222 0.644412878787879 0.4125434027777778 0.644412878787879 0.4125434027777778 0.7855113636363639 0.4644097222222222 0.7855113636363639
29 0.5314670138888888 0.759943181818182 0.4733072916666667 0.759943181818182 0.4733072916666667 0.9266098484848487 0.5314670138888888 0.9266098484848487
0 0.4956597222222222 0.5146780303030305 0.4470486111111111 0.5146780303030305 0.4470486111111111 0.6392045454545456 0.4956597222222222 0.6392045454545456
18 0.4919704861111111 0.40767045454545464 0.4194878472222222 0.40767045454545464 0.4194878472222222 0.5279356060606063 0.4919704861111111 0.5279356060606063
29 0.4724392361111111 0.15340909090909102 0.4069010416666667 0.15340909090909102 0.4069010416666667 0.2864583333333334 0.4724392361111111 0.2864583333333334
29 0.2992621527777778 0.22632575757575762 0.2319878472222222 0.22632575757575762 0.2319878472222222 0.36079545454545464 0.2992621527777778 0.36079545454545464
11 0.5935329861111112 0.5033143939393941 0.5269097222222222 0.5033143939393941 0.5269097222222222 0.6122159090909093 0.5935329861111112 0.6122159090909093