24 0.515625 0.4228219696969698 0.4516059027777778 0.4228219696969698 0.4516059027777778 0.572443181818182 0.515625 0.572443181818182
11 0.6080729166666666 0.5511363636363639 0.5325520833333334 0.5511363636363639 0.5325520833333334 0.7144886363636366 0.6080729166666666 0.7144886363636366
31 0.5941840277777778 0.7348484848484851 0.5230034722222222 0.7348484848484851 0.5230034722222222 0.8607954545454548 0.5941840277777778 0.8607954545454548
31 0.2983940972222222 0.19128787878787884 0.2204861111111111 0.19128787878787884 0.2204861111111111 0.356534090909091 0.2983940972222222 0.356534090909091
25 0.4281684027777778 0.12642045454545464 0.3634982638888889 0.12642045454545464 0.3634982638888889 0.266098484848485 0.4281684027777778 0.266098484848485
23 0.4114583333333333 0.26136363636363646 0.3532986111111111 0.26136363636363646 0.3532986111111111 0.4138257575757577 0.4114583333333333 0.4138257575757577
23 0.5716145833333334 0.19034090909090923 0.49609375 0.1903409090909092 0.49609375 0.32575757575757586 0.5716145833333334 0.32575757575757586
21 0.5755208333333334 0.04829545454545469 0.5095486111111112 0.04829545454545468 0.5095486111111112 0.1908143939393941 0.5755208333333334 0.1908143939393941
6 0.3739149305555556 0.5790719696969697 0.3200954861111111 0.5790719696969697 0.3200954861111111 0.7201704545454546 0.3739149305555556 0.7201704545454546
30 0.4264322916666667 0.5449810606060607 0.3645833333333333 0.5449810606060606 0.3645833333333333 0.6875000000000001 0.4264322916666667 0.6875000000000002
8 0.37521701388888895 0.828125 0.2970920138888889 0.828125 0.29709201388888895 0.9928977272727273 0.375217013888889 0.9928977272727273
2 0.6234809027777778 0.4398674242424244 0.5394965277777778 0.43986742424242437 0.5394965277777778 0.5932765151515154 0.6234809027777778 0.5932765151515154
7 0.6675347222222222 0.5899621212121214 0.6148003472222222 0.5899621212121214 0.6148003472222222 0.747632575757576 0.6675347222222222 0.747632575757576
11 0.6373697916666666 0.10274621212121228 0.5713975694444444 0.10274621212121228 0.5713975694444444 0.2367424242424244 0.6373697916666666 0.2367424242424244
12 0.5008680555555556 0.15009469696969707 0.4322916666666667 0.15009469696969707 0.4322916666666667 0.2883522727272728 0.5008680555555556 0.2883522727272728
33 0.4702690972222222 0.03030303030303042 0.4036458333333333 0.03030303030303041 0.4036458333333333 0.13920454545454555 0.4702690972222222 0.13920454545454555
14 0.6564670138888888 0.732007575757576 0.5904947916666666 0.732007575757576 0.5904947916666666 0.8674242424242427 0.6564670138888888 0.8674242424242427
29 0.6814236111111112 0.3925189393939396 0.6065538194444444 0.3925189393939396 0.6065538194444444 0.5516098484848487 0.6814236111111112 0.5516098484848487
32 0.3552517361111111 0.2779356060606062 0.2918836805555556 0.2779356060606062 0.2918836805555556 0.39678030303030315 0.3552517361111111 0.39678030303030315
2 0.5173611111111112 0.26846590909090917 0.4526909722222222 0.26846590909090917 0.4526909722222222 0.4166666666666668 0.5173611111111112 0.4166666666666668
24 0.16059027777777782 0.4427083333333333 0.08398437500000003 0.4427083333333333 0.08398437500000003 0.5601325757575758 0.16059027777777782 0.5601325757575758
6 0.2901475694444444 0.3906250000000001 0.21180555555555555 0.3906250000000001 0.21180555555555558 0.5454545454545454 0.2901475694444444 0.5454545454545454
22 0.3463541666666667 0.37831439393939403 0.2903645833333333 0.37831439393939403 0.2903645833333333 0.5265151515151515 0.3463541666666667 0.5265151515151515
10 0.2263454861111111 0.2457386363636364 0.1460503472222222 0.24573863636363635 0.1460503472222222 0.37689393939393945 0.2263454861111111 0.3768939393939395
18 0.2404513888888889 0.08191287878787884 0.1579861111111111 0.08191287878787884 0.1579861111111111 0.23058712121212127 0.2404513888888889 0.23058712121212127
12 0.357421875 8.60789854798412e-17 0.2868923611111111 7.665639528753792e-17 0.2868923611111111 0.1496212121212122 0.357421875 0.14962121212121224
26 0.3680555555555556 0.1339962121212122 0.2970920138888889 0.13399621212121218 0.2970920138888889 0.2883522727272728 0.3680555555555556 0.2883522727272728
7 0.3240017361111111 0.5478219696969697 0.2478298611111111 0.5478219696969697 0.2478298611111111 0.6728219696969697 0.3240017361111111 0.6728219696969697
19 0.4578993055555556 0.4199810606060607 0.3845486111111111 0.4199810606060607 0.3845486111111111 0.550189393939394 0.4578993055555556 0.5501893939393941
19 0.4950086805555556 0.5951704545454548 0.4255642361111111 0.5951704545454548 0.4255642361111111 0.7107007575757578 0.4950086805555556 0.7107007575757578
18 0.4359809027777778 0.6922348484848486 0.3669704861111111 0.6922348484848485 0.3669704861111111 0.8584280303030304 0.4359809027777778 0.8584280303030305
33 0.7118055555555556 0.5213068181818183 0.646484375 0.5213068181818183 0.646484375 0.6837121212121214 0.7118055555555556 0.6837121212121214
29 0.6291232638888888 0.3030303030303032 0.5696614583333334 0.30303030303030315 0.5696614583333334 0.4701704545454547 0.6291232638888888 0.47017045454545475
29 0.7137586805555556 0.25331439393939414 0.6382378472222222 0.25331439393939414 0.6382378472222222 0.41335227272727293 0.7137586805555556 0.41335227272727293
33 0.4574652777777778 0.2987689393939395 0.4105902777777778 0.2987689393939395 0.4105902777777778 0.43181818181818193 0.4574652777777778 0.43181818181818193