26 0.6703559027777778 0.3517992424242426 0.5822482638888888 0.35179924242424254 0.5822482638888888 0.5336174242424244 0.6703559027777778 0.5336174242424244
19 0.78125 0.3423295454545457 0.6920572916666666 0.3423295454545457 0.6920572916666666 0.5355113636363639 0.78125 0.5355113636363639
11 0.7923177083333334 0.1709280303030305 0.6966145833333334 0.17092803030303047 0.6966145833333334 0.3584280303030305 0.7923177083333334 0.3584280303030305
31 0.8446180555555556 0.07765151515151536 0.7649739583333334 0.07765151515151536 0.7649739583333334 0.25994318181818205 0.8446180555555556 0.25994318181818205
23 0.7102864583333334 0.4644886363636366 0.6234809027777778 0.4644886363636366 0.6234809027777778 0.6590909090909093 0.7102864583333334 0.6590909090909093
24 0.8198784722222222 0.5530303030303032 0.7398003472222222 0.5530303030303032 0.7398003472222222 0.7386363636363639 0.8198784722222222 0.7386363636363639
7 0.5436197916666666 0.16193181818181832 0.4789496527777778 0.1619318181818183 0.4789496527777778 0.3404356060606062 0.5436197916666666 0.3404356060606062
14 0.5264756944444444 0.03835227272727285 0.4496527777777778 0.038352272727272846 0.4496527777777778 0.17566287878787892 0.5264756944444444 0.17566287878787895
33 0.478515625 0.19176136363636376 0.3984375 0.19176136363636376 0.3984375 0.3702651515151516 0.478515625 0.3702651515151516
29 0.4637586805555556 0.40909090909090917 0.3825954861111111 0.40909090909090917 0.3825954861111111 0.550189393939394 0.4637586805555556 0.5501893939393941
11 0.5221354166666666 0.46306818181818193 0.4370659722222222 0.46306818181818193 0.4370659722222222 0.6330492424242427 0.5221354166666666 0.6330492424242427
21 0.5108506944444444 0.6964962121212124 0.4203559027777778 0.6964962121212124 0.4203559027777778 0.8778409090909093 0.5108506944444444 0.8778409090909093
9 0.7020399305555556 0.228693181818182 0.615234375 0.228693181818182 0.615234375 0.4185606060606063 0.7020399305555556 0.4185606060606063
33 0.6223958333333334 0.6231060606060608 0.5366753472222222 0.6231060606060608 0.5366753472222222 0.8281250000000002 0.6223958333333334 0.8281250000000002
12 0.8452690972222222 0.25710227272727293 0.75 0.25710227272727293 0.75 0.441287878787879 0.8452690972222222 0.441287878787879
30 0.7484809027777778 0.5894886363636366 0.6605902777777778 0.5894886363636366 0.6605902777777778 0.794507575757576 0.7484809027777778 0.794507575757576
30 0.5629340277777778 0.5553977272727275 0.4778645833333333 0.5553977272727275 0.4778645833333333 0.7357954545454548 0.5629340277777778 0.7357954545454548
29 0.5427517361111112 0.3219696969696971 0.44921875 0.3219696969696971 0.44921875 0.4862689393939396 0.5427517361111112 0.4862689393939396
29 0.6037326388888888 0.4048295454545456 0.5180121527777778 0.4048295454545456 0.5180121527777778 0.5918560606060608 0.6037326388888888 0.5918560606060608
2 0.6260850694444444 0.21543560606060622 0.537109375 0.21543560606060622 0.537109375 0.3977272727272729 0.6260850694444444 0.39772727272727293
32 0.7942708333333334 0.7528409090909093 0.6994357638888888 0.7528409090909093 0.6994357638888888 0.8868371212121214 0.7942708333333334 0.8868371212121214
2 0.6736111111111112 0.5857007575757578 0.59765625 0.5857007575757578 0.59765625 0.7784090909090912 0.6736111111111112 0.7784090909090912