24 0.7905815972222222 0.7154356060606063 0.7278645833333334 0.7154356060606063 0.7278645833333334 0.87594696969697 0.7905815972222222 0.87594696969697
27 0.7452256944444444 0.1875000000000002 0.6831597222222222 0.18750000000000017 0.6831597222222222 0.33428030303030326 0.7452256944444444 0.33428030303030326
7 0.8092447916666666 0.27367424242424265 0.7450086805555556 0.27367424242424265 0.7450086805555556 0.37452651515151536 0.8092447916666666 0.37452651515151536
7 0.8211805555555556 0.5066287878787881 0.759765625 0.5066287878787881 0.759765625 0.6543560606060608 0.8211805555555556 0.6543560606060608
31 0.7790798611111112 0.4659090909090911 0.7176649305555556 0.4659090909090911 0.7176649305555556 0.5558712121212124 0.7790798611111112 0.5558712121212124
6 0.7484809027777778 0.5482954545454548 0.6946614583333334 0.5482954545454548 0.6946614583333334 0.6822916666666669 0.7484809027777778 0.6822916666666669
4 0.7651909722222222 0.37121212121212144 0.6998697916666666 0.37121212121212144 0.6998697916666666 0.48058712121212144 0.7651909722222222 0.48058712121212144
28 0.7510850694444444 0.07054924242424261 0.6890190972222222 0.07054924242424261 0.6890190972222222 0.1770833333333335 0.7510850694444444 0.17708333333333354
19 0.5685763888888888 0.08854166666666681 0.5108506944444444 0.0885416666666668 0.5108506944444444 0.2201704545454547 0.5685763888888888 0.2201704545454547
29 0.5928819444444444 0.2017045454545456 0.5325520833333334 0.2017045454545456 0.5325520833333334 0.3357007575757577 0.5928819444444444 0.3357007575757577
2 0.6534288194444444 0.2571022727272729 0.5874565972222222 0.2571022727272728 0.5874565972222222 0.3802083333333335 0.6534288194444444 0.38020833333333354
2 0.6961805555555556 0.1889204545454547 0.6360677083333334 0.1889204545454547 0.6360677083333334 0.3357007575757578 0.6961805555555556 0.3357007575757578
11 0.6458333333333334 0.36979166666666685 0.5766059027777778 0.3697916666666668 0.5766059027777778 0.509943181818182 0.6458333333333334 0.509943181818182
32 0.6922743055555556 0.3560606060606063 0.6391059027777778 0.3560606060606063 0.6391059027777778 0.5071022727272729 0.6922743055555556 0.5071022727272729
12 0.572265625 0.7490530303030305 0.5082465277777778 0.7490530303030305 0.5082465277777778 0.8967803030303032 0.572265625 0.8967803030303032
26 0.5607638888888888 0.628787878787879 0.4973958333333333 0.628787878787879 0.4973958333333333 0.7651515151515154 0.5607638888888888 0.7651515151515154
0 0.509765625 0.5374053030303032 0.4518229166666667 0.5374053030303032 0.4518229166666667 0.6770833333333336 0.509765625 0.6770833333333336
6 0.5177951388888888 0.39204545454545464 0.4546440972222222 0.39204545454545464 0.4546440972222222 0.5359848484848487 0.5177951388888888 0.5359848484848487
2 0.5659722222222222 0.4933712121212123 0.5026041666666666 0.4933712121212123 0.5026041666666666 0.6448863636363639 0.5659722222222222 0.6448863636363639
14 0.6234809027777778 0.53219696969697 0.5536024305555556 0.53219696969697 0.5536024305555556 0.6751893939393941 0.6234809027777778 0.6751893939393941
30 0.5946180555555556 0.4341856060606062 0.5358072916666666 0.4341856060606062 0.5358072916666666 0.5752840909090912 0.5946180555555556 0.5752840909090912
29 0.5494791666666666 0.33948863636363646 0.4884982638888889 0.33948863636363646 0.4884982638888889 0.4928977272727275 0.5494791666666666 0.4928977272727275
10 0.6017795138888888 0.3125000000000001 0.5355902777777778 0.3125000000000001 0.5355902777777778 0.4498106060606062 0.6017795138888888 0.4498106060606062
33 0.6814236111111112 0.4853219696969699 0.6204427083333334 0.4853219696969699 0.6204427083333334 0.5885416666666669 0.6814236111111112 0.5885416666666669
33 0.6599392361111112 0.11979166666666684 0.5883246527777778 0.11979166666666682 0.5883246527777778 0.2561553030303032 0.6599392361111112 0.25615530303030326
24 0.6998697916666666 0.004261363636363813 0.6247829861111112 0.004261363636363803 0.6247829861111112 0.1642992424242426 0.6998697916666666 0.1642992424242426
26 0.8057725694444444 0.1609848484848487 0.7263454861111112 0.1609848484848487 0.7263454861111112 0.30350378787878807 0.8057725694444444 0.30350378787878807
8 0.8754340277777778 0.3143939393939396 0.8170572916666666 0.3143939393939396 0.8170572916666666 0.46117424242424265 0.8754340277777778 0.46117424242424265