25 0.5655381944444444 0.4725378787878789 0.4954427083333333 0.4725378787878789 0.4954427083333333 0.5861742424242427 0.5655381944444444 0.5861742424242427
26 0.60546875 0.6283143939393941 0.5431857638888888 0.6283143939393941 0.5431857638888888 0.794507575757576 0.60546875 0.794507575757576
29 0.4620225694444444 0.519412878787879 0.4040798611111111 0.519412878787879 0.4040798611111111 0.6846590909090912 0.4620225694444444 0.6846590909090912
11 0.5078125 0.4810606060606062 0.4450954861111111 0.4810606060606062 0.4450954861111111 0.6562500000000002 0.5078125 0.6562500000000002
23 0.5787760416666666 0.340909090909091 0.5236545138888888 0.340909090909091 0.5236545138888888 0.4848484848484851 0.5787760416666666 0.4848484848484851
15 0.6430121527777778 0.35842803030303044 0.5672743055555556 0.3584280303030304 0.5672743055555556 0.49147727272727293 0.6430121527777778 0.49147727272727293
29 0.6927083333333334 0.3267045454545457 0.6317274305555556 0.3267045454545457 0.6317274305555556 0.4834280303030305 0.6927083333333334 0.4834280303030305
7 0.6907552083333334 0.46117424242424265 0.6221788194444444 0.46117424242424265 0.6221788194444444 0.6273674242424244 0.6907552083333334 0.6273674242424244
10 0.6592881944444444 0.7949810606060608 0.5842013888888888 0.7949810606060608 0.5842013888888888 0.9763257575757576 0.6592881944444444 0.9763257575757576
31 0.55859375 0.7935606060606063 0.4919704861111111 0.7935606060606063 0.4919704861111111 0.978219696969697 0.55859375 0.978219696969697
17 0.4216579861111111 0.5388257575757577 0.3619791666666667 0.5388257575757576 0.3619791666666667 0.709753787878788 0.4216579861111111 0.7097537878787881
31 0.4377170138888889 0.4119318181818183 0.3736979166666667 0.4119318181818183 0.3736979166666667 0.5445075757575759 0.4377170138888889 0.544507575757576
21 0.4246961805555556 0.22395833333333345 0.3524305555555556 0.22395833333333345 0.3524305555555556 0.39299242424242437 0.4246961805555556 0.39299242424242437
12 0.4906684027777778 0.23958333333333345 0.4088541666666667 0.23958333333333345 0.4088541666666667 0.4048295454545456 0.4906684027777778 0.4048295454545456
0 0.5479600694444444 0.21401515151515166 0.4737413194444444 0.21401515151515163 0.4737413194444444 0.381628787878788 0.5479600694444444 0.381628787878788
30 0.5071614583333334 0.350378787878788 0.4431423611111111 0.350378787878788 0.4431423611111111 0.5085227272727275 0.5071614583333334 0.5085227272727275
30 0.6627604166666666 0.21780303030303047 0.580078125 0.21780303030303047 0.580078125 0.37168560606060624 0.6627604166666666 0.3716856060606063
24 0.6636284722222222 0.5714962121212124 0.5911458333333334 0.5714962121212124 0.5911458333333334 0.7575757575757578 0.6636284722222222 0.7575757575757578
33 0.5596788194444444 0.6458333333333336 0.5010850694444444 0.6458333333333336 0.5010850694444444 0.8082386363636366 0.5596788194444444 0.8082386363636366
13 0.5119357638888888 0.6964962121212124 0.4368489583333333 0.6964962121212124 0.4368489583333333 0.841382575757576 0.5119357638888888 0.841382575757576
23 0.4676649305555556 0.010890151515151632 0.4173177083333333 0.010890151515151627 0.4173177083333333 0.17045454545454555 0.4676649305555556 0.17045454545454555
33 0.7126736111111112 0.1983901515151517 0.6586371527777778 0.19839015151515169 0.6586371527777778 0.34990530303030326 0.7126736111111112 0.34990530303030326
29 0.7510850694444444 0.3546401515151517 0.6736111111111112 0.3546401515151517 0.6736111111111112 0.5269886363636366 0.7510850694444444 0.5269886363636366
2 0.6228298611111112 0.4730113636363638 0.560546875 0.47301136363636376 0.560546875 0.6183712121212124 0.6228298611111112 0.6183712121212124
32 0.9943576388888888 0.8129734848484851 0.9060329861111112 0.8129734848484851 0.9060329861111112 0.9928977272727277 0.9943576388888888 0.9928977272727277