6 0.574462890625 0.7796223958333334 0.4401855468750001 0.7796223958333334 0.4401855468750001 0.9225260416666666 0.574462890625 0.9225260416666666
8 0.399658203125 0.17089843750000008 0.278076171875 0.17089843750000008 0.278076171875 0.31510416666666674 0.399658203125 0.31510416666666674
17 0.9638671875 0.21809895833333348 0.766357421875 0.21809895833333348 0.766357421875 0.42773437500000017 0.9638671875 0.42773437500000017
21 0.542724609375 0.31998697916666674 0.41943359375 0.31998697916666674 0.41943359375 0.5149739583333334 0.542724609375 0.5149739583333335
13 0.51318359375 0.20996093750000008 0.39794921875 0.20996093750000008 0.39794921875 0.32779947916666674 0.51318359375 0.32779947916666674
33 0.257080078125 0.22656250000000003 0.159912109375 0.2265625 0.15991210937500003 0.361328125 0.257080078125 0.361328125
33 0.33398437500000006 0.5276692708333334 0.19311523437500006 0.5276692708333334 0.19311523437500006 0.7203776041666666 0.3339843750000001 0.7203776041666666
33 0.12182617187500006 0.53125 0.004150390625000049 0.53125 0.0041503906250000555 0.685546875 0.12182617187500006 0.685546875
31 0.3310546875 0.4208984375 0.21191406250000006 0.4208984375 0.21191406250000006 0.5472005208333334 0.3310546875 0.5472005208333334
14 0.46679687500000006 0.44726562500000006 0.348388671875 0.447265625 0.34838867187500006 0.6256510416666667 0.4667968750000001 0.6256510416666669
25 0.69189453125 0.7177734375 0.552001953125 0.7177734375 0.552001953125 0.9329427083333334 0.69189453125 0.9329427083333334
9 0.671875 0.3414713541666668 0.536865234375 0.3414713541666668 0.536865234375 0.4866536458333335 0.671875 0.4866536458333335
16 0.74365234375 0.10221354166666678 0.5888671875 0.10221354166666678 0.5888671875 0.3320312500000001 0.74365234375 0.33203125000000017
16 0.631591796875 0.21647135416666674 0.49072265625 0.21647135416666674 0.49072265625 0.3743489583333335 0.631591796875 0.3743489583333335
1 0.61376953125 0.07877604166666675 0.491943359375 0.07877604166666674 0.491943359375 0.2464192708333334 0.61376953125 0.2464192708333334
15 0.815673828125 0.5852864583333335 0.633056640625 0.5852864583333335 0.633056640625 0.8395182291666666 0.815673828125 0.8395182291666666
7 0.990234375 0.3557942708333335 0.801513671875 0.3557942708333335 0.801513671875 0.5520833333333335 0.990234375 0.5520833333333335
20 0.73681640625 0.44531250000000017 0.580078125 0.44531250000000017 0.580078125 0.6708984375 0.73681640625 0.6708984375
12 0.503173828125 0.047526041666666734 0.391845703125 0.04752604166666672 0.391845703125 0.21549479166666674 0.503173828125 0.21549479166666674
7 0.312255859375 0.08593750000000004 0.2119140625 0.08593750000000004 0.2119140625 0.24804687500000003 0.312255859375 0.24804687500000008
20 0.25708007812500006 0.4391276041666667 0.13403320312500006 0.4391276041666667 0.13403320312500006 0.634765625 0.2570800781250001 0.634765625
10 0.19287109375000008 0.7805989583333334 0.04492187500000007 0.7805989583333334 0.04492187500000008 0.9873046875 0.1928710937500001 0.9873046875
32 0.4763183593750001 0.6083984375000001 0.3425292968750001 0.6083984375 0.3425292968750001 0.7994791666666666 0.4763183593750001 0.7994791666666666
30 0.6572265625 0.5491536458333335 0.510986328125 0.5491536458333335 0.510986328125 0.7607421875 0.6572265625 0.7607421875
3 0.353271484375 0.29069010416666674 0.243408203125 0.29069010416666674 0.24340820312500003 0.4264322916666667 0.353271484375 0.4264322916666667
4 0.800537109375 0.2539062500000001 0.656982421875 0.25390625000000006 0.656982421875 0.4235026041666668 0.800537109375 0.4235026041666668
32 0.8447265625 0.0856119791666668 0.713623046875 0.08561197916666678 0.713623046875 0.28515625000000017 0.8447265625 0.28515625000000017
5 0.4248046875 0.30436197916666674 0.353759765625 0.30436197916666674 0.353759765625 0.4632161458333333 0.4248046875 0.4632161458333333
0 0.613037109375 8.935695964481745e-17 0.4814453125 7.861339478901629e-17 0.4814453125 0.10026041666666675 0.613037109375 0.10026041666666678
22 0.08740234375000007 0.6943359375 6.377372125442638e-17 0.6943359375 7.114372701589665e-17 0.8548177083333334 0.08740234375000008 0.8548177083333334
3 0.2570800781250001 0.9156901041666666 0.1352539062500001 0.9156901041666666 0.1352539062500001 1 0.2570800781250001 1
32 0.7763671875 0.8684895833333334 0.623291015625 0.8684895833333334 0.623291015625 1 0.7763671875 1