33 0.3624131944444444 0.48011363636363646 0.3116319444444444 0.48011363636363646 0.3116319444444444 0.6055871212121212 0.3624131944444444 0.6055871212121212
23 0.20203993055555558 0.40340909090909094 0.14518229166666666 0.4034090909090909 0.14518229166666669 0.5402462121212122 0.2020399305555556 0.5402462121212122
19 0.2786458333333333 0.2291666666666667 0.2230902777777778 0.2291666666666667 0.2230902777777778 0.3702651515151516 0.2786458333333333 0.3702651515151516
28 0.3101128472222222 0.3688446969696971 0.2543402777777778 0.3688446969696971 0.2543402777777778 0.5 0.3101128472222222 0.5
18 0.3177083333333333 0.5160984848484849 0.2573784722222222 0.5160984848484849 0.2573784722222222 0.6335227272727273 0.3177083333333333 0.6335227272727273
6 0.37348090277777785 0.8267045454545454 0.3009982638888889 0.8267045454545454 0.30099826388888895 0.9621212121212122 0.3734809027777779 0.9621212121212122
6 0.4963107638888889 0.2779356060606062 0.431640625 0.2779356060606062 0.431640625 0.419034090909091 0.4963107638888889 0.419034090909091
2 0.42643229166666674 0.7391098484848486 0.3678385416666667 0.7391098484848485 0.36783854166666674 0.8929924242424243 0.42643229166666674 0.8929924242424244
30 0.4624565972222222 0.6216856060606063 0.4097222222222222 0.6216856060606063 0.4097222222222222 0.7741477272727275 0.4624565972222222 0.7741477272727275
8 0.5227864583333334 0.5217803030303032 0.4659288194444444 0.5217803030303032 0.4659288194444444 0.6605113636363639 0.5227864583333334 0.6605113636363639
11 0.2962239583333333 0.6903409090909091 0.22265625 0.6903409090909091 0.22265625 0.8555871212121212 0.2962239583333333 0.8555871212121212
16 0.35546875 0.6695075757575758 0.30078125 0.6695075757575758 0.30078125 0.8120265151515151 0.35546875 0.8120265151515151
12 0.4173177083333333 0.6027462121212123 0.3448350694444444 0.6027462121212122 0.3448350694444444 0.7556818181818183 0.4173177083333333 0.7556818181818183
22 0.4236111111111111 0.4635416666666668 0.3511284722222222 0.4635416666666668 0.3511284722222222 0.5937500000000001 0.4236111111111111 0.5937500000000002
33 0.4694010416666667 0.3825757575757577 0.4010416666666667 0.3825757575757577 0.4010416666666667 0.5407196969696971 0.4694010416666667 0.5407196969696972
31 0.5394965277777778 0.3200757575757577 0.4787326388888889 0.3200757575757577 0.4787326388888889 0.47111742424242437 0.5394965277777778 0.47111742424242437
15 0.5616319444444444 0.19839015151515166 0.4930555555555556 0.19839015151515163 0.4930555555555556 0.34990530303030315 0.5616319444444444 0.34990530303030315
7 0.5583767361111112 0.07812500000000015 0.4874131944444444 0.07812500000000014 0.4874131944444444 0.23248106060606075 0.5583767361111112 0.23248106060606077
6 0.6195746527777778 0.059659090909091064 0.5609809027777778 0.05965909090909106 0.5609809027777778 0.2173295454545456 0.6195746527777778 0.2173295454545456
32 0.41015625 0.1287878787878789 0.349609375 0.1287878787878789 0.349609375 0.28361742424242437 0.41015625 0.28361742424242437
26 0.4516059027777778 0.23153409090909102 0.3802083333333333 0.23153409090909102 0.3802083333333333 0.37263257575757586 0.4516059027777778 0.37263257575757586
10 0.3552517361111111 0.26515151515151525 0.2827690972222222 0.26515151515151525 0.2827690972222222 0.4152462121212122 0.3552517361111111 0.4152462121212122
29 0.3973524305555556 0.34659090909090917 0.3331163194444444 0.34659090909090917 0.3331163194444444 0.49384469696969696 0.3973524305555556 0.49384469696969696
27 0.2612847222222222 0.35085227272727276 0.1916232638888889 0.3508522727272727 0.19162326388888892 0.4749053030303031 0.2612847222222222 0.47490530303030315
7 0.2628038194444444 0.45501893939393945 0.19748263888888895 0.4550189393939394 0.19748263888888895 0.609375 0.2628038194444444 0.609375
14 0.2339409722222222 0.5350378787878788 0.1529947916666667 0.5350378787878788 0.1529947916666667 0.6856060606060606 0.2339409722222222 0.6856060606060606