24 0.767333984375 0.7307942708333334 0.63720703125 0.7307942708333334 0.63720703125 0.9410807291666666 0.767333984375 0.9410807291666666
8 0.869140625 0.3421223958333335 0.720703125 0.3421223958333335 0.720703125 0.5156250000000001 0.869140625 0.5156250000000001
27 0.648681640625 0.8369140625 0.5009765625 0.8369140625 0.5009765625 0.9996744791666666 0.648681640625 0.9996744791666666
19 0.58935546875 0.5794270833333334 0.44677734375 0.5794270833333334 0.44677734375000006 0.7509765625 0.58935546875 0.7509765625
26 0.688720703125 0.5543619791666669 0.5703125 0.5543619791666669 0.5703125 0.7373046875 0.688720703125 0.7373046875
15 0.83203125 0.5511067708333335 0.687744140625 0.5511067708333335 0.687744140625 0.6901041666666666 0.83203125 0.6901041666666666
17 0.747802734375 0.3821614583333335 0.624755859375 0.3821614583333335 0.624755859375 0.5589192708333335 0.747802734375 0.5589192708333335
29 0.65966796875 0.17089843750000008 0.56005859375 0.17089843750000008 0.56005859375 0.3235677083333334 0.65966796875 0.3235677083333334
10 0.56591796875 0.24023437500000008 0.45849609375 0.24023437500000008 0.45849609375 0.41406250000000017 0.56591796875 0.41406250000000017
14 0.2783203125 0.3043619791666667 0.18603515625000006 0.3043619791666667 0.18603515625000006 0.4612630208333333 0.2783203125 0.4612630208333333
16 0.23657226562500006 0.4440104166666667 0.12451171875000003 0.4440104166666667 0.12451171875000004 0.5651041666666666 0.23657226562500006 0.5651041666666666
9 0.17846679687500006 0.5384114583333334 0.042724609375000056 0.5384114583333334 0.04272460937500006 0.7216796875 0.17846679687500006 0.7216796875
28 0.26586914062500006 0.58984375 0.14428710937500006 0.58984375 0.14428710937500006 0.7542317708333334 0.2658691406250001 0.7542317708333334
12 0.494873046875 0.3987630208333334 0.37109375 0.3987630208333333 0.37109375 0.5292968750000001 0.494873046875 0.5292968750000001
28 0.5146484375 0.5029296875000001 0.37744140625 0.5029296875 0.37744140625000006 0.6438802083333334 0.5146484375 0.6438802083333335
4 0.35400390625000006 0.4596354166666667 0.21997070312500006 0.4596354166666667 0.21997070312500006 0.6513671875 0.3540039062500001 0.6513671875
9 0.37768554687500006 0.5657552083333334 0.27099609375 0.5657552083333334 0.27099609375000006 0.7447916666666666 0.3776855468750001 0.7447916666666666
20 0.4453125000000001 0.6416015625 0.3215332031250001 0.6416015625 0.3215332031250001 0.8317057291666666 0.4453125000000001 0.8317057291666666
14 0.9296875 0.47753906250000017 0.82861328125 0.47753906250000017 0.82861328125 0.6608072916666669 0.9296875 0.6608072916666669
33 0.484619140625 0.1302083333333334 0.37353515625 0.1302083333333334 0.37353515625 0.2805989583333334 0.484619140625 0.2805989583333334
7 0.54296875 0.012369791666666746 0.412841796875 0.012369791666666735 0.412841796875 0.1819661458333334 0.54296875 0.1819661458333334
13 0.20825195312500008 0.7392578125 0.10717773437500006 0.7392578125 0.10717773437500007 0.9274088541666666 0.2082519531250001 0.9274088541666666
20 0.4619140625 0.29394531250000006 0.334716796875 0.29394531250000006 0.334716796875 0.42740885416666674 0.4619140625 0.4274088541666668
32 0.373779296875 0.12597656250000006 0.260009765625 0.12597656250000003 0.260009765625 0.24902343750000008 0.373779296875 0.24902343750000008
9 0.400390625 0.22656250000000008 0.267822265625 0.22656250000000008 0.267822265625 0.3583984375 0.400390625 0.3583984375
3 0.804443359375 0.20865885416666677 0.658447265625 0.20865885416666674 0.658447265625 0.3655598958333335 0.804443359375 0.3655598958333335
32 0.63427734375 0.4231770833333335 0.49853515625 0.4231770833333335 0.49853515625 0.5660807291666669 0.63427734375 0.5660807291666669