24 0.5757378472222222 0.05113636363636378 0.5167100694444444 0.05113636363636377 0.5167100694444444 0.20217803030303047 0.5757378472222222 0.20217803030303047
6 0.3986545138888889 0.5748106060606061 0.3454861111111111 0.5748106060606061 0.3454861111111111 0.7367424242424242 0.3986545138888889 0.7367424242424242
16 0.4401041666666667 0.5132575757575759 0.3780381944444444 0.5132575757575758 0.3780381944444444 0.6571969696969698 0.4401041666666667 0.65719696969697
19 0.3430989583333333 0.5634469696969697 0.2892795138888889 0.5634469696969697 0.2892795138888889 0.703125 0.3430989583333333 0.703125
18 0.3726128472222222 0.465909090909091 0.3155381944444444 0.465909090909091 0.3155381944444444 0.6098484848484849 0.3726128472222222 0.6098484848484849
2 0.5436197916666666 0.6231060606060608 0.4713541666666667 0.6231060606060608 0.4713541666666667 0.7722537878787881 0.5436197916666666 0.7722537878787881
29 0.4242621527777778 0.2750946969696971 0.3621961805555556 0.2750946969696971 0.3621961805555556 0.4138257575757577 0.4242621527777778 0.4138257575757577
11 0.39843750000000006 0.7642045454545454 0.34375 0.7642045454545454 0.34375000000000006 0.9138257575757576 0.3984375000000001 0.9138257575757576
27 0.4663628472222222 0.6145833333333335 0.3927951388888889 0.6145833333333334 0.3927951388888889 0.7575757575757577 0.4663628472222222 0.7575757575757578
33 0.5006510416666666 0.7840909090909093 0.4346788194444444 0.7840909090909093 0.4346788194444445 0.9517045454545456 0.5006510416666666 0.9517045454545456
30 0.5687934027777778 0.5345643939393941 0.509765625 0.5345643939393941 0.509765625 0.6875000000000002 0.5687934027777778 0.6875000000000002
8 0.591796875 0.41761363636363646 0.5308159722222222 0.41761363636363646 0.5308159722222222 0.5686553030303032 0.591796875 0.5686553030303032
31 0.5835503472222222 0.29829545454545464 0.5115017361111112 0.29829545454545464 0.5115017361111112 0.4393939393939395 0.5835503472222222 0.4393939393939395
33 0.5405815972222222 0.3574810606060607 0.470703125 0.3574810606060607 0.470703125 0.49952651515151536 0.5405815972222222 0.49952651515151536
12 0.5056423611111112 0.45454545454545464 0.4392361111111111 0.45454545454545464 0.4392361111111111 0.5733901515151517 0.5056423611111112 0.5733901515151517
19 0.3897569444444444 0.3641098484848486 0.3235677083333333 0.3641098484848486 0.3235677083333333 0.4853219696969697 0.3897569444444444 0.4853219696969697
29 0.3365885416666667 0.3631628787878789 0.2790798611111111 0.3631628787878789 0.2790798611111111 0.5075757575757576 0.3365885416666667 0.5075757575757576
10 0.3153211805555556 0.4895833333333333 0.2476128472222222 0.4895833333333333 0.2476128472222222 0.6335227272727273 0.3153211805555556 0.6335227272727273
28 0.3350694444444444 0.0568181818181819 0.2649739583333333 0.056818181818181886 0.2649739583333333 0.1983901515151516 0.3350694444444444 0.19839015151515163
32 0.3940972222222222 0.1775568181818183 0.3289930555555556 0.1775568181818183 0.3289930555555556 0.33428030303030315 0.3940972222222222 0.33428030303030315
26 0.4481336805555556 0.13873106060606072 0.3984375 0.13873106060606072 0.3984375 0.2897727272727274 0.4481336805555556 0.2897727272727274
7 0.517578125 0.10274621212121224 0.4507378472222222 0.10274621212121222 0.4507378472222222 0.2552083333333334 0.517578125 0.2552083333333334
24 0.5347222222222222 0.1832386363636365 0.4865451388888889 0.18323863636363646 0.4865451388888889 0.3428030303030304 0.5347222222222222 0.3428030303030304
6 0.4971788194444444 0.23674242424242434 0.4388020833333333 0.23674242424242434 0.4388020833333333 0.3887310606060607 0.4971788194444444 0.3887310606060607
22 0.4780815972222222 0.34517045454545464 0.4088541666666667 0.34517045454545464 0.4088541666666667 0.4668560606060607 0.4780815972222222 0.4668560606060607