6 0.568115234375 0.3821614583333335 0.456787109375 0.3821614583333335 0.456787109375 0.48730468750000017 0.568115234375 0.48730468750000017
28 0.35229492187500006 0.5501302083333334 0.24267578125000006 0.5501302083333334 0.24267578125000006 0.6575520833333334 0.3522949218750001 0.6575520833333334
28 0.21606445312500006 0.7379557291666666 0.15380859375000006 0.7379557291666666 0.15380859375000006 0.8655598958333334 0.21606445312500006 0.8655598958333334
16 0.421630859375 0.3444010416666667 0.316650390625 0.3444010416666667 0.316650390625 0.4641927083333333 0.421630859375 0.4641927083333333
21 0.564208984375 0.48925781250000017 0.47900390625 0.48925781250000017 0.47900390625000006 0.6217447916666669 0.564208984375 0.6217447916666669
31 0.33203125 0.3401692708333333 0.23950195312500006 0.3401692708333333 0.23950195312500006 0.4632161458333333 0.33203125 0.4632161458333333
16 0.44287109375 0.4095052083333333 0.333984375 0.4095052083333333 0.333984375 0.5387369791666666 0.44287109375 0.5387369791666666
12 0.64990234375 0.4036458333333335 0.55517578125 0.4036458333333335 0.55517578125 0.5511067708333335 0.64990234375 0.5511067708333335
14 0.47143554687500006 0.48697916666666674 0.351318359375 0.4869791666666667 0.35131835937500006 0.6292317708333334 0.4714355468750001 0.6292317708333335
17 0.4367675781250001 0.7936197916666666 0.3276367187500001 0.7936197916666666 0.3276367187500001 0.8873697916666666 0.4367675781250001 0.8873697916666666
33 0.29248046875 0.0963541666666667 0.2119140625 0.0963541666666667 0.2119140625 0.17773437500000003 0.29248046875 0.17773437500000008
33 0.172119140625 0.05143229166666669 0.08984375 0.051432291666666685 0.08984375 0.13997395833333334 0.172119140625 0.13997395833333337
22 0.137451171875 0.14485677083333334 0.052978515625000014 0.14485677083333334 0.052978515625000014 0.22493489583333334 0.137451171875 0.22493489583333334
14 0.435791015625 0.003906250000000063 0.341064453125 0.0039062500000000555 0.341064453125 0.08854166666666674 0.435791015625 0.08854166666666674
4 0.43505859375 0.0618489583333334 0.337158203125 0.06184895833333339 0.337158203125 0.16503906250000006 0.43505859375 0.16503906250000008
13 0.3217773437500001 0.6614583333333334 0.23095703125000006 0.6614583333333334 0.23095703125000006 0.8046875 0.3217773437500001 0.8046875
3 0.795654296875 0.5419921875000001 0.671875 0.5419921875000001 0.671875 0.673828125 0.795654296875 0.673828125
20 0.438232421875 0.2425130208333334 0.34033203125 0.2425130208333334 0.34033203125 0.3362630208333333 0.438232421875 0.3362630208333333
32 0.646240234375 0.5501302083333335 0.56396484375 0.5501302083333335 0.56396484375 0.6943359375 0.646240234375 0.6943359375
3 0.34619140625 0.23600260416666674 0.2568359375 0.23600260416666674 0.2568359375 0.3352864583333333 0.34619140625 0.3352864583333333
9 0.273681640625 0.48828125 0.17333984375000006 0.48828125 0.17333984375000006 0.599609375 0.273681640625 0.599609375
13 0.35791015625 0.4449869791666667 0.25048828125 0.4449869791666667 0.25048828125 0.5641276041666666 0.35791015625 0.5641276041666666
1 0.10717773437500003 0.21940104166666666 0.038574218750000014 0.21940104166666666 0.03857421875000002 0.3343098958333333 0.10717773437500003 0.3343098958333333
5 0.11059570312500003 0.3206380208333333 0.022460937500000028 0.3206380208333333 0.02246093750000003 0.4140625 0.11059570312500003 0.4140625
21 0.24438476562500006 0.32519531250000006 0.14428710937500006 0.3251953125 0.14428710937500006 0.4527994791666667 0.24438476562500006 0.4527994791666667
3 0.25439453125 0.3942057291666667 0.15795898437500006 0.3942057291666667 0.15795898437500006 0.5328776041666666 0.25439453125 0.5328776041666666
27 0.22460937500000006 0.6002604166666666 0.12524414062500006 0.6002604166666666 0.12524414062500006 0.7229817708333334 0.22460937500000006 0.7229817708333334
8 0.4221191406250001 0.6490885416666666 0.3032226562500001 0.6490885416666666 0.3032226562500001 0.7945963541666666 0.4221191406250001 0.7945963541666666
28 0.57958984375 0.6184895833333335 0.4592285156250001 0.6184895833333335 0.4592285156250001 0.7998046875 0.57958984375 0.7998046875
30 0.5 0.5657552083333334 0.38525390625 0.5657552083333334 0.38525390625000006 0.7265625 0.5 0.7265625
29 0.85205078125 0.2926432291666668 0.72265625 0.2926432291666668 0.72265625 0.4759114583333335 0.85205078125 0.4759114583333335
10 0.720458984375 0.2750651041666668 0.593017578125 0.27506510416666674 0.593017578125 0.4524739583333335 0.720458984375 0.4524739583333335
33 0.630859375 0.13736979166666677 0.52880859375 0.13736979166666674 0.52880859375 0.31022135416666674 0.630859375 0.31022135416666674
7 0.729736328125 0.09667968750000011 0.615966796875 0.09667968750000011 0.615966796875 0.2727864583333334 0.729736328125 0.2727864583333335
20 0.5546875 0.2366536458333334 0.437744140625 0.2366536458333334 0.437744140625 0.3850911458333334 0.5546875 0.3850911458333335
9 0.431640625 0.1490885416666667 0.33251953125 0.1490885416666667 0.33251953125 0.2532552083333334 0.431640625 0.2532552083333334
9 0.544189453125 0.1477864583333334 0.43701171875 0.1477864583333334 0.43701171875 0.2591145833333334 0.544189453125 0.2591145833333334
32 0.5595703125 0.06217447916666675 0.453857421875 0.06217447916666674 0.453857421875 0.1673177083333334 0.5595703125 0.1673177083333334
32 0.5390625 7.899211043328387e-17 0.428466796875 6.996273217785172e-17 0.428466796875 0.10058593750000007 0.5390625 0.10058593750000007
32 0.060546875000000035 0.2626953125 2.41281730203104e-17 0.2626953125 3.0541423469946806e-17 0.40234375 0.06054687500000004 0.40234375
32 0.4743652343750001 0.8763020833333334 0.3483886718750001 0.8763020833333334 0.3483886718750001 1 0.4743652343750001 1
32 0.02880859375000008 0.8040364583333334 7.384955063217681e-17 0.8040364583333334 7.83941383633877e-17 0.9029947916666666 0.028808593750000083 0.9029947916666666