14 0.5629340277777778 0.05113636363636378 0.4867621527777778 0.05113636363636377 0.4867621527777778 0.18655303030303044 0.5629340277777778 0.18655303030303047
21 0.4518229166666667 0.6268939393939394 0.3865017361111111 0.6268939393939394 0.3865017361111111 0.756628787878788 0.4518229166666667 0.7566287878787881
9 0.5531684027777778 0.6960227272727275 0.4763454861111111 0.6960227272727275 0.4763454861111111 0.8451704545454548 0.5531684027777778 0.8451704545454548
12 0.6527777777777778 0.39914772727272746 0.5785590277777778 0.3991477272727274 0.5785590277777778 0.5430871212121214 0.6527777777777778 0.5430871212121214
29 0.4607204861111111 0.3825757575757577 0.3934461805555556 0.3825757575757577 0.3934461805555556 0.5402462121212123 0.4607204861111111 0.5402462121212124
11 0.4752604166666667 0.7424242424242425 0.3973524305555556 0.7424242424242424 0.3973524305555556 0.9019886363636365 0.4752604166666667 0.9019886363636366
30 0.5481770833333334 0.5492424242424244 0.4772135416666667 0.5492424242424244 0.4772135416666667 0.7154356060606063 0.5481770833333334 0.7154356060606063
33 0.5876736111111112 0.6046401515151517 0.5186631944444444 0.6046401515151517 0.5186631944444444 0.7727272727272729 0.5876736111111112 0.7727272727272729
26 0.6827256944444444 0.6392045454545456 0.6069878472222222 0.6392045454545456 0.6069878472222222 0.8129734848484851 0.6827256944444444 0.8129734848484851
25 0.6473524305555556 0.5497159090909093 0.5718315972222222 0.5497159090909093 0.5718315972222222 0.7111742424242427 0.6473524305555556 0.7111742424242427
23 0.6030815972222222 0.44886363636363646 0.5299479166666666 0.44886363636363646 0.5299479166666666 0.6117424242424244 0.6030815972222222 0.6117424242424244
23 0.7421875 0.6770833333333336 0.6651475694444444 0.6770833333333336 0.6651475694444444 0.8390151515151517 0.7421875 0.8390151515151517
19 0.7615017361111112 0.5639204545454548 0.677734375 0.5639204545454548 0.677734375 0.7329545454545456 0.7615017361111112 0.7329545454545456
33 0.7003038194444444 0.47395833333333354 0.6330295138888888 0.47395833333333354 0.6330295138888888 0.6377840909090912 0.7003038194444444 0.6377840909090912
2 0.7634548611111112 0.3385416666666669 0.6825086805555556 0.3385416666666669 0.6825086805555556 0.4966856060606063 0.7634548611111112 0.4966856060606063
11 0.6840277777777778 0.2556818181818184 0.607421875 0.2556818181818184 0.607421875 0.3915719696969699 0.6840277777777778 0.3915719696969699
2 0.6087239583333334 0.2774621212121214 0.5297309027777778 0.2774621212121213 0.5297309027777778 0.44649621212121227 0.6087239583333334 0.4464962121212123
29 0.5540364583333334 0.3664772727272728 0.4761284722222222 0.3664772727272728 0.4761284722222222 0.5331439393939396 0.5540364583333334 0.5331439393939396
29 0.5099826388888888 0.28740530303030315 0.4364149305555556 0.28740530303030315 0.4364149305555556 0.45265151515151525 0.5099826388888888 0.45265151515151525
33 0.4715711805555556 0.16619318181818193 0.4086371527777778 0.16619318181818193 0.4086371527777778 0.33143939393939403 0.4715711805555556 0.33143939393939403
7 0.5457899305555556 0.15814393939393953 0.4789496527777778 0.1581439393939395 0.4789496527777778 0.3300189393939395 0.5457899305555556 0.3300189393939395
31 0.8400607638888888 0.14157196969696992 0.7458767361111112 0.14157196969696992 0.7458767361111112 0.30113636363636387 0.8400607638888888 0.30113636363636387
11 0.5 0.4782196969696971 0.4242621527777778 0.4782196969696971 0.4242621527777778 0.628787878787879 0.5 0.628787878787879