17 0.58154296875 0.1761067708333334 0.4931640625 0.1761067708333334 0.4931640625 0.33300781250000006 0.58154296875 0.33300781250000006
31 0.719482421875 0.1708984375000001 0.590087890625 0.17089843750000008 0.590087890625 0.3268229166666668 0.719482421875 0.3268229166666668
19 0.46655273437500006 0.48697916666666674 0.331787109375 0.4869791666666667 0.33178710937500006 0.6608072916666667 0.4665527343750001 0.6608072916666669
14 0.411376953125 0.1510416666666667 0.2900390625 0.1510416666666667 0.2900390625 0.2942708333333334 0.411376953125 0.2942708333333334
16 0.50048828125 0.3675130208333334 0.361572265625 0.3675130208333333 0.361572265625 0.5084635416666667 0.50048828125 0.5084635416666669
32 0.494873046875 0.26236979166666674 0.3671875 0.26236979166666674 0.3671875 0.38248697916666674 0.494873046875 0.3824869791666668
10 0.6494140625 0.4733072916666668 0.563232421875 0.4733072916666668 0.563232421875 0.6448567708333335 0.6494140625 0.6448567708333335
28 0.68310546875 0.6582031250000001 0.528564453125 0.6582031250000001 0.528564453125 0.8317057291666666 0.68310546875 0.8317057291666666
13 0.34692382812500006 0.560546875 0.2529296875 0.560546875 0.25292968750000006 0.7298177083333334 0.3469238281250001 0.7298177083333334
33 0.564208984375 0.4231770833333334 0.44970703125 0.4231770833333333 0.44970703125 0.6038411458333334 0.564208984375 0.6038411458333335
6 0.7626953125 0.3294270833333334 0.637939453125 0.3294270833333334 0.637939453125 0.5084635416666669 0.7626953125 0.5084635416666669
21 0.86279296875 0.36425781250000017 0.720703125 0.36425781250000017 0.720703125 0.5589192708333335 0.86279296875 0.5589192708333335
9 0.660400390625 0.29069010416666674 0.528564453125 0.29069010416666674 0.528564453125 0.47167968750000017 0.660400390625 0.47167968750000017
5 0.50048828125 0.11523437500000007 0.40966796875 0.11523437500000007 0.40966796875 0.2688802083333334 0.50048828125 0.2688802083333334
3 0.77294921875 0.5152994791666669 0.646728515625 0.5152994791666669 0.646728515625 0.7141927083333334 0.77294921875 0.7141927083333334
3 0.5791015625 0.7190755208333334 0.4475097656250001 0.7190755208333334 0.4475097656250001 0.9117838541666666 0.5791015625 0.9117838541666666