26 0.4498697916666667 0.5662878787878789 0.3858506944444444 0.5662878787878788 0.3858506944444444 0.6993371212121213 0.4498697916666667 0.6993371212121214
12 0.5347222222222222 0.03030303030303044 0.4674479166666667 0.030303030303030425 0.4674479166666667 0.17282196969696983 0.5347222222222222 0.17282196969696986
30 0.6961805555555556 0.5814393939393941 0.6302083333333334 0.5814393939393941 0.6302083333333334 0.7424242424242427 0.6961805555555556 0.7424242424242427
14 0.6610243055555556 0.2542613636363638 0.6002604166666666 0.25426136363636376 0.6002604166666666 0.3773674242424244 0.6610243055555556 0.3773674242424245
10 0.5551215277777778 0.6638257575757578 0.4993489583333333 0.6638257575757578 0.4993489583333333 0.7518939393939396 0.5551215277777778 0.7518939393939396
6 0.5883246527777778 0.24621212121212133 0.5299479166666666 0.24621212121212133 0.5299479166666666 0.35511363636363646 0.5883246527777778 0.35511363636363646
16 0.5577256944444444 0.541193181818182 0.4852430555555556 0.541193181818182 0.4852430555555556 0.6557765151515154 0.5577256944444444 0.6557765151515154
33 0.5373263888888888 0.7462121212121214 0.4845920138888889 0.7462121212121214 0.4845920138888889 0.8773674242424244 0.5373263888888888 0.8773674242424244
18 0.6087239583333334 0.5762310606060608 0.5447048611111112 0.5762310606060608 0.5447048611111112 0.7059659090909093 0.6087239583333334 0.7059659090909093
15 0.8569878472222222 0.6330492424242427 0.7827690972222222 0.6330492424242427 0.7827690972222222 0.7869318181818183 0.8569878472222222 0.7869318181818183
24 0.744140625 0.7182765151515154 0.6818576388888888 0.7182765151515154 0.6818576388888888 0.8702651515151517 0.744140625 0.8702651515151517
24 0.6206597222222222 0.9119318181818183 0.5540364583333334 0.9119318181818183 0.5540364583333334 0.9995265151515151 0.6206597222222222 0.9995265151515151
20 0.7925347222222222 0.45643939393939414 0.7209201388888888 0.45643939393939414 0.7209201388888888 0.5847537878787881 0.7925347222222222 0.5847537878787881
27 0.5008680555555556 0.6207386363636366 0.4592013888888889 0.6207386363636366 0.4592013888888889 0.7518939393939396 0.5008680555555556 0.7518939393939396
2 0.6271701388888888 0.4644886363636365 0.5713975694444444 0.46448863636363646 0.5713975694444444 0.6046401515151517 0.6271701388888888 0.6046401515151517
30 0.6471354166666666 0.3712121212121214 0.5805121527777778 0.3712121212121213 0.5805121527777778 0.4805871212121214 0.6471354166666666 0.48058712121212144
21 0.09440104166666669 0.4862689393939394 0.008246527777777806 0.4862689393939394 0.008246527777777811 0.6373106060606061 0.09440104166666669 0.6373106060606061
29 0.5815972222222222 1.4568774066561196e-16 0.5088975694444444 1.3597522462123787e-16 0.5088975694444444 0.10937500000000015 0.5815972222222222 0.10937500000000017
30 0.9778645833333334 2.5072787687088803e-16 0.8988715277777778 2.401745758555084e-16 0.8988715277777778 0.1401515151515154 0.9778645833333334 0.14015151515151542
23 0.9641927083333334 0.37831439393939414 0.890625 0.37831439393939414 0.890625 0.5028409090909093 0.9641927083333334 0.5028409090909093
19 0.7196180555555556 0.8371212121212124 0.6506076388888888 0.8371212121212124 0.6506076388888888 0.9526515151515154 0.7196180555555556 0.9526515151515154
0 0.6875 0.7376893939393941 0.6219618055555556 0.7376893939393941 0.6219618055555556 0.8574810606060608 0.6875 0.8574810606060608
28 0.6375868055555556 0.6732954545454548 0.5746527777777778 0.6732954545454548 0.5746527777777778 0.8196022727272729 0.6375868055555556 0.8196022727272729
23 0.625 0.8044507575757578 0.5677083333333334 0.8044507575757578 0.5677083333333334 0.9398674242424244 0.625 0.9398674242424244
29 0.5818142361111112 0.7253787878787881 0.5275607638888888 0.7253787878787881 0.5275607638888888 0.8721590909090912 0.5818142361111112 0.8721590909090912
2 0.4993489583333333 0.7878787878787881 0.4255642361111111 0.7878787878787881 0.42556423611111116 0.9403409090909093 0.4993489583333333 0.9403409090909093
32 0.4641927083333333 0.6747159090909092 0.3960503472222222 0.6747159090909091 0.3960503472222222 0.819128787878788 0.4641927083333333 0.8191287878787881
26 0.3943142361111111 0.6699810606060606 0.3454861111111111 0.6699810606060606 0.3454861111111111 0.8177083333333334 0.3943142361111111 0.8177083333333334
4 0.4854600694444444 0.4829545454545456 0.4325086805555556 0.4829545454545456 0.4325086805555556 0.6283143939393941 0.4854600694444444 0.6283143939393941
11 0.5679253472222222 0.44744318181818193 0.498046875 0.44744318181818193 0.498046875 0.5653409090909093 0.5679253472222222 0.5653409090909093
17 0.6909722222222222 0.394412878787879 0.6384548611111112 0.394412878787879 0.6384548611111112 0.5459280303030305 0.6909722222222222 0.5459280303030305
25 0.7267795138888888 0.3229166666666669 0.6627604166666666 0.3229166666666669 0.6627604166666666 0.4644886363636366 0.7267795138888888 0.4644886363636366
19 0.7022569444444444 0.1595643939393941 0.6384548611111112 0.1595643939393941 0.6384548611111112 0.3148674242424245 0.7022569444444444 0.3148674242424245
11 0.6438802083333334 0.13873106060606077 0.5753038194444444 0.13873106060606077 0.5753038194444444 0.27604166666666685 0.6438802083333334 0.2760416666666669
6 0.5922309027777778 0.3404356060606062 0.5353732638888888 0.3404356060606062 0.5353732638888888 0.48011363636363646 0.5922309027777778 0.48011363636363646
29 0.5444878472222222 0.31013257575757586 0.4750434027777778 0.31013257575757586 0.4750434027777778 0.4517045454545456 0.5444878472222222 0.4517045454545456
7 0.4850260416666667 0.3446969696969698 0.431640625 0.3446969696969698 0.431640625 0.49100378787878807 0.4850260416666667 0.49100378787878807
22 0.5286458333333334 0.18465909090909105 0.4618055555555556 0.18465909090909102 0.4618055555555556 0.32386363636363646 0.5286458333333334 0.32386363636363646
8 0.5729166666666666 0.10558712121212135 0.5197482638888888 0.10558712121212134 0.5197482638888888 0.24668560606060616 0.5729166666666666 0.24668560606060616