24 0.6217447916666666 0.02130681818181834 0.5460069444444444 0.02130681818181833 0.5460069444444444 0.2173295454545456 0.6217447916666666 0.2173295454545456
26 0.4129774305555556 0.23579545454545464 0.3348524305555556 0.23579545454545464 0.3348524305555556 0.3631628787878789 0.4129774305555556 0.3631628787878789
27 0.4390190972222222 0.3522727272727274 0.3606770833333333 0.3522727272727274 0.3606770833333333 0.5118371212121213 0.4390190972222222 0.5118371212121214
18 0.5444878472222222 0.21685606060606075 0.4683159722222222 0.21685606060606072 0.4683159722222222 0.381628787878788 0.5444878472222222 0.381628787878788
6 0.5106336805555556 0.2779356060606062 0.4301215277777778 0.2779356060606062 0.4301215277777778 0.43323863636363646 0.5106336805555556 0.43323863636363646
8 0.5093315972222222 0.794507575757576 0.4181857638888889 0.794507575757576 0.41818576388888895 0.9848484848484849 0.5093315972222222 0.9848484848484849
29 0.4650607638888889 0.5303030303030304 0.3997395833333333 0.5303030303030303 0.3997395833333333 0.7073863636363638 0.4650607638888889 0.7073863636363639
31 0.5199652777777778 0.503787878787879 0.4444444444444444 0.503787878787879 0.4444444444444444 0.650568181818182 0.5199652777777778 0.650568181818182
2 0.380859375 0.44081439393939403 0.310546875 0.44081439393939403 0.310546875 0.5975378787878788 0.380859375 0.5975378787878788
7 0.3101128472222222 0.33143939393939403 0.22352430555555555 0.33143939393939403 0.22352430555555555 0.4725378787878789 0.3101128472222222 0.4725378787878789
18 0.19531250000000003 0.3489583333333333 0.11458333333333333 0.3489583333333333 0.11458333333333336 0.5449810606060606 0.19531250000000006 0.5449810606060606
33 0.2686631944444444 0.5757575757575758 0.15407986111111116 0.5757575757575758 0.15407986111111116 0.8001893939393939 0.2686631944444444 0.8001893939393939
33 0.39973958333333337 0.7116477272727273 0.3289930555555556 0.7116477272727273 0.3289930555555556 0.9048295454545454 0.3997395833333334 0.9048295454545454
30 0.3368055555555556 0.7144886363636364 0.2575954861111111 0.7144886363636364 0.25759548611111116 0.8929924242424242 0.33680555555555564 0.8929924242424242
22 0.3489583333333333 0.5648674242424242 0.2766927083333333 0.5648674242424242 0.2766927083333333 0.7367424242424242 0.3489583333333333 0.7367424242424242
10 0.4976128472222222 0.4062500000000001 0.4184027777777778 0.4062500000000001 0.4184027777777778 0.5610795454545456 0.4976128472222222 0.5610795454545456
27 0.2634548611111111 0.22253787878787884 0.19205729166666666 0.22253787878787884 0.19205729166666666 0.3792613636363637 0.2634548611111111 0.37926136363636376