9 0.23339843750000003 0.25911458333333337 0.136474609375 0.2591145833333333 0.13647460937500003 0.3971354166666667 0.23339843750000006 0.3971354166666667
24 0.5546875 0.33593750000000006 0.430908203125 0.3359375 0.430908203125 0.48307291666666674 0.5546875 0.4830729166666668
27 0.24462890625000006 0.6520182291666666 0.14672851562500006 0.6520182291666666 0.14672851562500006 0.763671875 0.24462890625000006 0.763671875
31 0.782470703125 0.2958984375000001 0.63720703125 0.29589843750000006 0.63720703125 0.45898437500000017 0.782470703125 0.45898437500000017
26 0.655517578125 0.6917317708333334 0.517578125 0.6917317708333334 0.517578125 0.8717447916666666 0.655517578125 0.8717447916666666
25 0.647705078125 0.5709635416666669 0.501708984375 0.5709635416666669 0.501708984375 0.7122395833333334 0.647705078125 0.7122395833333334
5 0.421630859375 0.3486328125 0.308837890625 0.3486328125 0.308837890625 0.4694010416666667 0.421630859375 0.4694010416666667
28 0.290283203125 0.10286458333333337 0.193115234375 0.10286458333333337 0.193115234375 0.23535156250000003 0.290283203125 0.23535156250000008
10 0.498779296875 0.1321614583333334 0.39697265625 0.1321614583333334 0.39697265625 0.29947916666666674 0.498779296875 0.29947916666666674
9 0.6728515625 0.35156250000000017 0.540283203125 0.35156250000000017 0.540283203125 0.5325520833333335 0.6728515625 0.5325520833333335
10 0.582275390625 0.4534505208333334 0.43798828125 0.4534505208333333 0.43798828125000006 0.6217447916666667 0.582275390625 0.6217447916666669
14 0.52734375 0.6223958333333334 0.4008789062500001 0.6223958333333334 0.4008789062500001 0.7919921875 0.52734375 0.7919921875
28 0.3547363281250001 0.6057942708333334 0.24194335937500006 0.6057942708333334 0.24194335937500006 0.751953125 0.3547363281250001 0.751953125
5 0.25708007812500006 0.5322265625 0.16162109375000006 0.5322265625 0.16162109375000006 0.6595052083333334 0.2570800781250001 0.6595052083333334
25 0.16333007812500006 0.4723307291666667 0.10180664062500006 0.4723307291666667 0.10180664062500006 0.6145833333333334 0.16333007812500006 0.6145833333333334
16 0.271240234375 0.40625 0.18041992187500006 0.40625 0.18041992187500006 0.5670572916666666 0.271240234375 0.5670572916666666
15 0.358642578125 0.4449869791666667 0.262451171875 0.4449869791666667 0.262451171875 0.599609375 0.358642578125 0.599609375
29 0.424072265625 0.22656250000000008 0.30322265625 0.22656250000000008 0.30322265625 0.3759765625 0.424072265625 0.3759765625
3 0.46337890625 0.42187500000000006 0.345947265625 0.421875 0.345947265625 0.5882161458333334 0.46337890625 0.5882161458333335
3 0.48950195312500006 0.5416666666666667 0.356201171875 0.5416666666666666 0.35620117187500006 0.681640625 0.4895019531250001 0.681640625
22 0.6689453125 0.19824218750000008 0.57421875 0.19824218750000008 0.57421875 0.36132812500000017 0.6689453125 0.36132812500000017
7 0.583251953125 0.17089843750000008 0.481201171875 0.17089843750000008 0.481201171875 0.3352864583333335 0.583251953125 0.3352864583333335
0 0.802001953125 0.1236979166666668 0.659423828125 0.12369791666666678 0.659423828125 0.3004557291666668 0.802001953125 0.3004557291666668
3 0.34765625 0.17513020833333337 0.224609375 0.17513020833333334 0.22460937500000003 0.31640625000000006 0.34765625 0.31640625000000006
32 0.4453125 0.09016927083333338 0.320556640625 0.09016927083333337 0.320556640625 0.2552083333333334 0.4453125 0.2552083333333334
4 0.4099121093750001 0.669921875 0.3081054687500001 0.669921875 0.3081054687500001 0.8160807291666666 0.4099121093750001 0.8160807291666666