8 0.5462239583333334 0.2642045454545456 0.47265625 0.2642045454545456 0.47265625 0.4218750000000001 0.5462239583333334 0.4218750000000001
6 0.7682291666666666 0.055397727272727466 0.6844618055555556 0.05539772727272746 0.6844618055555556 0.2230113636363638 0.7682291666666666 0.22301136363636384
19 0.6004774305555556 0.7495265151515154 0.533203125 0.7495265151515154 0.533203125 0.8626893939393941 0.6004774305555556 0.8626893939393941
24 0.4357638888888889 0.5260416666666667 0.3595920138888889 0.5260416666666666 0.3595920138888889 0.6571969696969698 0.4357638888888889 0.65719696969697
22 0.6254340277777778 0.43134469696969713 0.5492621527777778 0.4313446969696971 0.5492621527777778 0.581912878787879 0.6254340277777778 0.581912878787879
33 0.6705729166666666 0.49242424242424265 0.5963541666666666 0.49242424242424265 0.5963541666666666 0.6477272727272729 0.6705729166666666 0.6477272727272729
28 0.6603732638888888 0.6136363636363639 0.5855034722222222 0.6136363636363639 0.5855034722222222 0.7561553030303032 0.6603732638888888 0.7561553030303032
2 0.8211805555555556 0.5648674242424244 0.7456597222222222 0.5648674242424244 0.7456597222222222 0.6936553030303032 0.8211805555555556 0.6936553030303032
12 0.6623263888888888 0.3617424242424244 0.5785590277777778 0.36174242424242437 0.5785590277777778 0.4957386363636366 0.6623263888888888 0.4957386363636366
32 0.5340711805555556 0.7528409090909093 0.4598524305555556 0.7528409090909093 0.4598524305555556 0.9303977272727275 0.5340711805555556 0.9303977272727275
16 0.8103298611111112 0.12026515151515171 0.7296006944444444 0.1202651515151517 0.7296006944444444 0.2973484848484851 0.8103298611111112 0.2973484848484851
2 0.69140625 0.17282196969696986 0.6145833333333334 0.17282196969696986 0.6145833333333334 0.3394886363636366 0.69140625 0.3394886363636366
26 0.7934027777777778 0.3134469696969699 0.7189670138888888 0.3134469696969699 0.7189670138888888 0.4891098484848487 0.7934027777777778 0.4891098484848487
18 0.8151041666666666 0.4616477272727275 0.7365451388888888 0.4616477272727275 0.7365451388888888 0.5984848484848487 0.8151041666666666 0.5984848484848487
18 0.7209201388888888 0.3148674242424245 0.6427951388888888 0.3148674242424245 0.6427951388888888 0.4469696969696972 0.7209201388888888 0.4469696969696972
11 0.7278645833333334 0.4829545454545457 0.6564670138888888 0.4829545454545457 0.6564670138888888 0.6510416666666669 0.7278645833333334 0.6510416666666669
7 0.771484375 0.6235795454545456 0.6911892361111112 0.6235795454545456 0.6911892361111112 0.7836174242424244 0.771484375 0.7836174242424244
11 0.8111979166666666 0.6747159090909093 0.7374131944444444 0.6747159090909093 0.7374131944444444 0.8409090909090912 0.8111979166666666 0.8409090909090912
19 0.7756076388888888 0.7660984848484851 0.7046440972222222 0.7660984848484851 0.7046440972222222 0.9370265151515154 0.7756076388888888 0.9370265151515154
27 0.7254774305555556 0.6922348484848487 0.6525607638888888 0.6922348484848487 0.6525607638888888 0.8574810606060608 0.7254774305555556 0.8574810606060608
28 0.6668836805555556 0.6150568181818183 0.5911458333333334 0.6150568181818183 0.5911458333333334 0.7717803030303032 0.6668836805555556 0.7717803030303032
23 0.6727430555555556 0.7282196969696972 0.5972222222222222 0.7282196969696972 0.5972222222222222 0.8877840909090912 0.6727430555555556 0.8877840909090912
10 0.5948350694444444 0.6562500000000002 0.5206163194444444 0.6562500000000002 0.5206163194444444 0.7769886363636366 0.5948350694444444 0.7769886363636366
29 0.5885416666666666 0.5520833333333336 0.5182291666666666 0.5520833333333336 0.5182291666666666 0.6747159090909093 0.5885416666666666 0.6747159090909093
33 0.5529513888888888 0.39867424242424254 0.4819878472222222 0.39867424242424254 0.4819878472222222 0.572443181818182 0.5529513888888888 0.572443181818182
30 0.6258680555555556 0.2376893939393941 0.5477430555555556 0.2376893939393941 0.5477430555555556 0.39820075757575774 0.6258680555555556 0.3982007575757578
31 0.4839409722222222 0.4218750000000001 0.4084201388888889 0.4218750000000001 0.4084201388888889 0.5710227272727275 0.4839409722222222 0.5710227272727275
6 0.5132378472222222 0.5175189393939396 0.4377170138888889 0.5175189393939396 0.4377170138888889 0.6747159090909093 0.5132378472222222 0.6747159090909093
26 0.5342881944444444 0.6212121212121214 0.4730902777777778 0.6212121212121214 0.4730902777777778 0.7907196969696972 0.5342881944444444 0.7907196969696972
7 0.4095052083333333 0.6448863636363638 0.3381076388888889 0.6448863636363636 0.3381076388888889 0.7746212121212123 0.4095052083333333 0.7746212121212124
24 0.3433159722222222 0.5558712121212122 0.2693142361111111 0.5558712121212122 0.2693142361111111 0.734375 0.3433159722222222 0.734375