2 0.5386284722222222 0.6065340909090912 0.4852430555555556 0.6065340909090912 0.4852430555555556 0.7324810606060608 0.5386284722222222 0.7324810606060608
8 0.4318576388888889 0.6330492424242425 0.3595920138888889 0.6330492424242424 0.3595920138888889 0.7703598484848486 0.4318576388888889 0.7703598484848487
19 0.4403211805555556 0.4493371212121213 0.375 0.4493371212121213 0.375 0.5610795454545455 0.4403211805555556 0.5610795454545456
12 0.4691840277777778 0.010890151515151632 0.4105902777777778 0.010890151515151627 0.4105902777777778 0.15246212121212133 0.4691840277777778 0.15246212121212133
24 0.5926649305555556 0.21543560606060622 0.5271267361111112 0.21543560606060622 0.5271267361111112 0.34659090909090917 0.5926649305555556 0.34659090909090917
24 0.5640190972222222 0.3560606060606062 0.5006510416666666 0.3560606060606062 0.5006510416666666 0.4805871212121213 0.5640190972222222 0.4805871212121213
6 0.5618489583333334 0.48200757575757586 0.5028211805555556 0.48200757575757586 0.5028211805555556 0.5828598484848487 0.5618489583333334 0.5828598484848487
33 0.5896267361111112 0.5610795454545456 0.5345052083333334 0.5610795454545456 0.5345052083333334 0.7031250000000002 0.5896267361111112 0.7031250000000002
32 0.6161024305555556 0.6732954545454548 0.5638020833333334 0.6732954545454548 0.5638020833333334 0.8120265151515154 0.6161024305555556 0.8120265151515154
27 0.6126302083333334 0.8025568181818183 0.5529513888888888 0.8025568181818183 0.5529513888888888 0.9062500000000002 0.6126302083333334 0.9062500000000002
26 0.5217013888888888 0.7267992424242427 0.4748263888888889 0.7267992424242427 0.4748263888888889 0.8593750000000002 0.5217013888888888 0.8593750000000002
22 0.4709201388888889 0.7291666666666669 0.4099392361111111 0.7291666666666669 0.4099392361111111 0.8707386363636366 0.4709201388888889 0.8707386363636366
31 0.42578125000000006 0.8357007575757577 0.3661024305555556 0.8357007575757576 0.3661024305555556 0.9375000000000001 0.4257812500000001 0.9375000000000002
13 0.3502604166666667 0.6150568181818182 0.2888454861111111 0.6150568181818182 0.2888454861111111 0.7675189393939394 0.3502604166666667 0.7675189393939394
7 0.4021267361111111 0.7154356060606061 0.3389756944444444 0.7154356060606061 0.3389756944444444 0.8536931818181818 0.4021267361111111 0.8536931818181818
16 0.5028211805555556 0.5004734848484851 0.4409722222222222 0.5004734848484851 0.4409722222222222 0.6429924242424244 0.5028211805555556 0.6429924242424244
6 0.5026041666666666 0.40198863636363646 0.4422743055555556 0.40198863636363646 0.4422743055555556 0.5146780303030305 0.5026041666666666 0.5146780303030305
28 0.4641927083333333 0.29924242424242437 0.4006076388888889 0.29924242424242437 0.4006076388888889 0.4337121212121213 0.4641927083333333 0.4337121212121213
29 0.4231770833333333 0.3603219696969698 0.3567708333333333 0.3603219696969698 0.3567708333333333 0.4938446969696971 0.4231770833333333 0.4938446969696972
23 0.38671875 0.4843750000000001 0.3248697916666667 0.4843750000000001 0.3248697916666667 0.6117424242424242 0.38671875 0.6117424242424242
29 0.3307291666666667 0.4625946969696971 0.2766927083333333 0.4625946969696971 0.2766927083333333 0.5871212121212122 0.3307291666666667 0.5871212121212122
18 0.3029513888888889 0.3418560606060607 0.23893229166666666 0.3418560606060607 0.23893229166666666 0.4625946969696971 0.3029513888888889 0.4625946969696971
11 0.4552951388888889 0.544034090909091 0.3930121527777778 0.5440340909090909 0.3930121527777778 0.6799242424242425 0.4552951388888889 0.6799242424242427
29 0.3637152777777779 0.8910984848484849 0.3044704861111112 0.8910984848484849 0.3044704861111112 0.9995265151515151 0.3637152777777779 0.9995265151515151