26 0.7000868055555556 0.6093750000000002 0.6391059027777778 0.6093750000000002 0.6391059027777778 0.7088068181818183 0.7000868055555556 0.7088068181818183
26 0.447265625 0.7154356060606062 0.3862847222222222 0.7154356060606061 0.3862847222222222 0.8077651515151516 0.447265625 0.8077651515151517
6 0.4338107638888889 0.2935606060606062 0.3628472222222222 0.2935606060606062 0.3628472222222222 0.406723484848485 0.4338107638888889 0.406723484848485
4 0.5954861111111112 0.24621212121212133 0.5455729166666666 0.24621212121212133 0.5455729166666666 0.3821022727272728 0.5954861111111112 0.3821022727272728
18 0.6655815972222222 0.4398674242424244 0.6009114583333334 0.43986742424242437 0.6009114583333334 0.5710227272727275 0.6655815972222222 0.5710227272727275
21 0.9798177083333334 0.7201704545454548 0.9077690972222222 0.7201704545454548 0.9077690972222222 0.847537878787879 0.9798177083333334 0.847537878787879
10 0.6362847222222222 0.7083333333333336 0.5920138888888888 0.7083333333333336 0.5920138888888888 0.8285984848484851 0.6362847222222222 0.8285984848484851
7 0.4516059027777778 0.5852272727272728 0.3938802083333333 0.5852272727272727 0.3938802083333333 0.7263257575757577 0.4516059027777778 0.7263257575757578
30 0.5104166666666666 0.5052083333333336 0.4526909722222222 0.5052083333333336 0.4526909722222222 0.5932765151515154 0.5104166666666666 0.5932765151515154
2 0.5514322916666666 0.44744318181818193 0.5078125 0.44744318181818193 0.5078125 0.5733901515151517 0.5514322916666666 0.5733901515151517
23 0.9865451388888888 0.8617424242424244 0.9301215277777778 0.8617424242424244 0.9301215277777778 0.9900568181818186 0.9865451388888888 0.9900568181818186
32 0.4954427083333333 0.7608901515151517 0.453125 0.7608901515151517 0.453125 0.8934659090909093 0.4954427083333333 0.8934659090909093
0 0.6673177083333334 0.8816287878787881 0.6095920138888888 0.8816287878787881 0.6095920138888888 1 0.6673177083333334 1
2 0.7131076388888888 0.7883522727272729 0.6453993055555556 0.7883522727272729 0.6453993055555556 0.925662878787879 0.7131076388888888 0.925662878787879
25 0.8072916666666666 0.5719696969696972 0.7463107638888888 0.5719696969696972 0.7463107638888888 0.7083333333333336 0.8072916666666666 0.7083333333333336
12 0.7591145833333334 0.5004734848484851 0.6905381944444444 0.5004734848484851 0.6905381944444444 0.6373106060606063 0.7591145833333334 0.6373106060606063
2 0.7918836805555556 0.37831439393939414 0.7332899305555556 0.37831439393939414 0.7332899305555556 0.5175189393939396 0.7918836805555556 0.5175189393939396
9 0.78515625 0.191287878787879 0.7191840277777778 0.191287878787879 0.7191840277777778 0.2992424242424245 0.78515625 0.2992424242424245
18 0.9997829861111112 0.14157196969696997 0.9264322916666666 0.14157196969696997 0.9264322916666666 0.28740530303030326 0.9997829861111112 0.28740530303030326
7 0.6755642361111112 1.7166509701116189e-16 0.609375 1.628223585230004e-16 0.609375 0.12926136363636379 0.6755642361111112 0.12926136363636379
33 0.5538194444444444 0.14630681818181832 0.48828125 0.1463068181818183 0.48828125 0.2774621212121213 0.5538194444444444 0.2774621212121213
33 0.6108940972222222 0.1467803030303032 0.5546875 0.1467803030303032 0.5546875 0.26231060606060624 0.6108940972222222 0.2623106060606063
19 0.6334635416666666 0.33191287878787895 0.578125 0.3319128787878789 0.578125 0.4715909090909092 0.6334635416666666 0.4715909090909093
14 0.6117621527777778 0.46070075757575774 0.5479600694444444 0.4607007575757577 0.5479600694444444 0.6003787878787881 0.6117621527777778 0.6003787878787881
24 0.453125 0.45596590909090917 0.3956163194444444 0.45596590909090917 0.3956163194444444 0.5904356060606062 0.453125 0.5904356060606063
31 0.4333767361111111 0.3768939393939395 0.3680555555555556 0.3768939393939395 0.3680555555555556 0.5037878787878789 0.4333767361111111 0.503787878787879
27 0.5364583333333334 0.5980113636363639 0.4750434027777778 0.5980113636363639 0.4750434027777778 0.6946022727272729 0.5364583333333334 0.6946022727272729
24 0.5227864583333334 0.6785037878787881 0.4657118055555556 0.6785037878787881 0.4657118055555556 0.7774621212121214 0.5227864583333334 0.7774621212121214
6 0.5490451388888888 0.7660984848484851 0.4908854166666667 0.7660984848484851 0.4908854166666667 0.8678977272727275 0.5490451388888888 0.8678977272727275
28 0.4576822916666667 0.7883522727272728 0.3923611111111111 0.7883522727272727 0.39236111111111116 0.9176136363636365 0.4576822916666667 0.9176136363636366
29 0.6195746527777778 0.8892045454545456 0.5572916666666666 0.8892045454545456 0.5572916666666666 0.9995265151515151 0.6195746527777778 0.9995265151515151
29 0.5779079861111112 0.8385416666666669 0.5145399305555556 0.8385416666666669 0.5145399305555556 0.9687500000000002 0.5779079861111112 0.9687500000000002
33 0.5970052083333334 0.7244318181818183 0.5464409722222222 0.7244318181818183 0.5464409722222222 0.8546401515151517 0.5970052083333334 0.8546401515151517
6 0.6827256944444444 0.6931818181818183 0.630859375 0.6931818181818183 0.630859375 0.825757575757576 0.6827256944444444 0.825757575757576
22 0.640625 0.5714962121212124 0.5833333333333334 0.5714962121212124 0.5833333333333334 0.713068181818182 0.640625 0.713068181818182
11 0.5993923611111112 0.6003787878787881 0.5457899305555556 0.6003787878787881 0.5457899305555556 0.7372159090909093 0.5993923611111112 0.7372159090909093