24 0.818603515625 0.3076171875000001 0.658447265625 0.30761718750000006 0.658447265625 0.5263671875000001 0.818603515625 0.5263671875000001
8 0.591064453125 0.5237630208333334 0.431640625 0.5237630208333334 0.43164062500000006 0.7174479166666666 0.591064453125 0.7174479166666666
21 0.49169921875 0.10807291666666674 0.34912109375 0.10807291666666674 0.34912109375 0.2669270833333334 0.49169921875 0.2669270833333334
15 0.23339843750000006 0.3727213541666667 0.11425781250000003 0.3727213541666667 0.11425781250000004 0.5598958333333334 0.23339843750000006 0.5598958333333334
25 0.9580078125 0.4407552083333335 0.776611328125 0.4407552083333335 0.776611328125 0.6552734375000001 0.9580078125 0.6552734375000001
32 0.67138671875 0.20996093750000008 0.53173828125 0.20996093750000008 0.53173828125 0.38769531250000017 0.67138671875 0.38769531250000017
3 0.6279296875 0.10904947916666675 0.4931640625 0.10904947916666674 0.4931640625 0.26171875000000006 0.6279296875 0.26171875000000006
16 0.4736328125000001 0.7242838541666666 0.3176269531250001 0.7242838541666666 0.3176269531250001 0.9410807291666666 0.4736328125000001 0.9410807291666666
1 0.617919921875 0.3590494791666668 0.5048828125 0.3590494791666668 0.5048828125 0.5576171875000001 0.617919921875 0.5576171875000001
9 0.3720703125000001 0.7757161458333334 0.21997070312500006 0.7757161458333334 0.21997070312500008 0.9788411458333334 0.3720703125000001 0.9788411458333334
33 0.55322265625 0.6350911458333334 0.3796386718750001 0.6350911458333334 0.3796386718750001 0.8505859375 0.55322265625 0.8505859375
31 0.712158203125 0.6188151041666669 0.528564453125 0.6188151041666669 0.528564453125 0.8414713541666666 0.712158203125 0.8414713541666666
7 0.85498046875 0.5423177083333335 0.678466796875 0.5423177083333335 0.678466796875 0.779296875 0.85498046875 0.779296875
29 0.9443359375 0.24869791666666682 0.776611328125 0.24869791666666682 0.776611328125 0.4762369791666668 0.9443359375 0.4762369791666668
0 0.7783203125 0.01236979166666678 0.623779296875 0.012369791666666768 0.623779296875 0.21321614583333345 0.7783203125 0.21321614583333348
10 0.80810546875 0.13216145833333345 0.66552734375 0.13216145833333345 0.66552734375 0.3489583333333335 0.80810546875 0.3489583333333335
22 0.735595703125 0.4671223958333335 0.5751953125 0.4671223958333335 0.5751953125 0.6871744791666666 0.735595703125 0.6871744791666666
27 0.46020507812500006 0.4710286458333334 0.3017578125 0.4710286458333333 0.30175781250000006 0.6643880208333334 0.4602050781250001 0.6643880208333335
31 0.40185546875000006 0.58984375 0.24975585937500006 0.58984375 0.24975585937500006 0.8170572916666666 0.4018554687500001 0.8170572916666666
13 0.29956054687500006 0.560546875 0.13647460937500006 0.560546875 0.13647460937500006 0.7379557291666666 0.2995605468750001 0.7379557291666666
27 0.34228515625000006 0.4475911458333333 0.18823242187500006 0.4475911458333333 0.18823242187500006 0.6279296875 0.3422851562500001 0.6279296875
5 0.389892578125 0.3385416666666667 0.23706054687500006 0.3385416666666667 0.23706054687500006 0.513671875 0.389892578125 0.513671875
3 0.38720703125 0.2151692708333334 0.24072265625 0.2151692708333334 0.24072265625000003 0.3873697916666667 0.38720703125 0.3873697916666667
28 0.51904296875 0.2112630208333334 0.366455078125 0.2112630208333334 0.366455078125 0.38867187500000006 0.51904296875 0.38867187500000017
14 0.61474609375 0.0052083333333334215 0.470947265625 0.005208333333333409 0.470947265625 0.16276041666666677 0.61474609375 0.16276041666666677
4 0.52490234375 0.34440104166666674 0.396240234375 0.3444010416666667 0.396240234375 0.5410156250000001 0.52490234375 0.5410156250000001