31 0.792724609375 0.14778645833333345 0.699462890625 0.14778645833333345 0.699462890625 0.3089192708333335 0.792724609375 0.3089192708333335
17 0.74462890625 0.3053385416666668 0.65625 0.30533854166666674 0.65625 0.47265625000000017 0.74462890625 0.47265625000000017
14 0.574462890625 0.11653645833333343 0.45458984375 0.11653645833333341 0.45458984375 0.2522786458333334 0.574462890625 0.2522786458333334
5 0.546875 0.24121093750000008 0.44970703125 0.24121093750000008 0.44970703125 0.38964843750000006 0.546875 0.38964843750000017
4 0.470458984375 0.05957031250000006 0.34814453125 0.059570312500000056 0.34814453125 0.21972656250000008 0.470458984375 0.21972656250000008
16 0.44140625 0.3590494791666667 0.333984375 0.3590494791666667 0.333984375 0.5179036458333334 0.44140625 0.5179036458333334
25 0.45800781250000006 0.5208333333333334 0.3828125 0.5208333333333334 0.38281250000000006 0.6712239583333334 0.4580078125000001 0.6712239583333334
13 0.4658203125000001 0.6686197916666666 0.3339843750000001 0.6686197916666666 0.3339843750000001 0.8235677083333334 0.4658203125000001 0.8235677083333334
19 0.38623046875000006 0.5071614583333334 0.297119140625 0.5071614583333334 0.29711914062500006 0.6647135416666666 0.3862304687500001 0.6647135416666666
27 0.36181640625 0.2874348958333334 0.253662109375 0.2874348958333334 0.253662109375 0.4306640625 0.36181640625 0.4306640625
28 0.566650390625 0.3831380208333335 0.48681640625 0.3831380208333335 0.48681640625 0.5325520833333335 0.566650390625 0.5325520833333335
21 0.6484375 0.49218750000000017 0.56640625 0.49218750000000017 0.56640625 0.6565755208333335 0.6484375 0.6565755208333335
6 0.669677734375 0.6497395833333335 0.5419921875 0.6497395833333335 0.5419921875 0.7731119791666666 0.669677734375 0.7731119791666666
9 0.759521484375 0.6308593750000001 0.6640625 0.6308593750000001 0.6640625 0.779296875 0.759521484375 0.779296875
7 0.787109375 0.4703776041666668 0.658447265625 0.4703776041666668 0.658447265625 0.5996093750000001 0.787109375 0.5996093750000001
33 0.570556640625 0.701171875 0.4577636718750001 0.701171875 0.4577636718750001 0.8600260416666666 0.570556640625 0.8600260416666666
20 0.267333984375 0.24544270833333337 0.15771484375 0.24544270833333334 0.15771484375000003 0.4140625 0.267333984375 0.4140625
32 0.661865234375 0.32421875000000006 0.56396484375 0.32421875000000006 0.56396484375 0.48535156250000017 0.661865234375 0.48535156250000017
3 0.56494140625 0.5279947916666667 0.45068359375 0.5279947916666666 0.45068359375000006 0.6471354166666667 0.56494140625 0.6471354166666669
3 0.40673828125 0.1614583333333334 0.306396484375 0.16145833333333337 0.306396484375 0.31315104166666674 0.40673828125 0.31315104166666674