24 0.814697265625 0.3522135416666668 0.692626953125 0.3522135416666668 0.692626953125 0.5400390625000001 0.814697265625 0.5400390625000001
17 0.629638671875 0.11848958333333343 0.51904296875 0.11848958333333341 0.51904296875 0.2972005208333334 0.629638671875 0.2972005208333334
31 0.746826171875 0.10937500000000011 0.609619140625 0.10937500000000011 0.609619140625 0.2714843750000001 0.746826171875 0.27148437500000017
9 0.6435546875 0.27408854166666674 0.53564453125 0.27408854166666674 0.53564453125 0.45117187500000017 0.6435546875 0.45117187500000017
6 0.552001953125 0.6149088541666667 0.4082031250000001 0.6149088541666666 0.4082031250000001 0.7874348958333334 0.552001953125 0.7874348958333334
21 0.662841796875 0.7386067708333334 0.532958984375 0.7386067708333334 0.532958984375 0.9495442708333334 0.662841796875 0.9495442708333334
21 0.723876953125 0.4313151041666668 0.58642578125 0.4313151041666668 0.58642578125 0.5761718750000001 0.723876953125 0.5761718750000001
23 0.46630859375 0.20898437500000008 0.3212890625 0.20898437500000008 0.3212890625 0.39648437500000006 0.46630859375 0.39648437500000017
28 0.463623046875 0.36490885416666674 0.320068359375 0.3649088541666667 0.320068359375 0.5449218750000001 0.463623046875 0.5449218750000001
16 0.525146484375 0.4612630208333334 0.42236328125 0.4612630208333333 0.42236328125000006 0.6354166666666667 0.525146484375 0.6354166666666669
21 0.44726562500000006 0.5143229166666666 0.33837890625 0.5143229166666666 0.33837890625000006 0.6979166666666666 0.4472656250000001 0.6979166666666666
4 0.732177734375 0.5530598958333335 0.600341796875 0.5530598958333335 0.600341796875 0.6904296875 0.732177734375 0.6904296875
31 0.4772949218750001 0.7210286458333334 0.3317871093750001 0.7210286458333334 0.3317871093750001 0.9065755208333334 0.4772949218750001 0.9065755208333334
4 0.6044921875 0.44042968750000017 0.500732421875 0.44042968750000017 0.500732421875 0.6191406250000001 0.6044921875 0.6191406250000001
3 0.35888671875000006 0.5602213541666666 0.23071289062500006 0.5602213541666666 0.23071289062500006 0.7314453125 0.3588867187500001 0.7314453125
5 0.548583984375 0.1468098958333334 0.441650390625 0.1468098958333334 0.441650390625 0.31640625000000006 0.548583984375 0.31640625000000006
32 0.550537109375 0.29003906250000006 0.423095703125 0.29003906250000006 0.423095703125 0.4427083333333334 0.550537109375 0.4427083333333335
7 0.754150390625 0.23209635416666677 0.615234375 0.23209635416666674 0.615234375 0.3893229166666668 0.754150390625 0.3893229166666668