17 0.654052734375 0.16796875000000008 0.5341796875 0.16796875000000008 0.5341796875 0.3518880208333335 0.654052734375 0.3518880208333335
21 0.914794921875 0.6738281250000001 0.780029296875 0.673828125 0.780029296875 0.8824869791666669 0.914794921875 0.882486979166667
24 0.936767578125 0.46386718750000017 0.775146484375 0.46386718750000017 0.775146484375 0.6448567708333335 0.936767578125 0.6448567708333335
31 0.818359375 0.5836588541666669 0.671142578125 0.5836588541666669 0.671142578125 0.7701822916666666 0.818359375 0.7701822916666666
4 0.693359375 0.6764322916666666 0.55029296875 0.6764322916666666 0.55029296875 0.81640625 0.693359375 0.81640625
6 0.67578125 0.5312500000000001 0.5302734375 0.5312500000000001 0.5302734375 0.6988932291666666 0.67578125 0.6988932291666666
9 0.787353515625 0.4332682291666668 0.644287109375 0.4332682291666668 0.644287109375 0.6009114583333335 0.787353515625 0.6009114583333335
31 0.7978515625 0.0836588541666668 0.689697265625 0.08365885416666678 0.689697265625 0.2731119791666668 0.7978515625 0.2731119791666668
7 0.73974609375 0.22298177083333345 0.61572265625 0.2229817708333334 0.61572265625 0.41210937500000017 0.73974609375 0.41210937500000017
21 0.671142578125 0.3548177083333335 0.56005859375 0.3548177083333335 0.56005859375 0.5364583333333335 0.671142578125 0.5364583333333335
32 0.572265625 0.37011718750000006 0.447509765625 0.3701171875 0.447509765625 0.5618489583333334 0.572265625 0.5618489583333335
14 0.55078125 0.1282552083333334 0.419189453125 0.1282552083333334 0.419189453125 0.30957031250000006 0.55078125 0.30957031250000006
4 0.461669921875 0.09114583333333338 0.335693359375 0.09114583333333337 0.335693359375 0.23437500000000008 0.461669921875 0.23437500000000008
20 0.265380859375 0.1881510416666667 0.135009765625 0.18815104166666666 0.13500976562500003 0.3662109375 0.265380859375 0.3662109375
3 0.47216796875 0.2669270833333334 0.33349609375 0.2669270833333334 0.33349609375 0.4446614583333334 0.47216796875 0.4446614583333335
5 0.5068359375 0.49869791666666674 0.37109375 0.4986979166666667 0.37109375000000006 0.6487630208333334 0.5068359375 0.6487630208333335
28 0.564453125 0.5751953125000001 0.423095703125 0.5751953125 0.42309570312500006 0.7473958333333334 0.564453125 0.7473958333333334
27 0.4938964843750001 0.6611328125000001 0.3471679687500001 0.6611328125 0.3471679687500001 0.8460286458333334 0.4938964843750001 0.8460286458333334