26 0.21419270833333337 0.6822916666666666 0.13650173611111116 0.6822916666666666 0.13650173611111116 0.8565340909090909 0.21419270833333337 0.8565340909090909
18 0.22547743055555566 0.8806818181818182 0.15407986111111116 0.8806818181818182 0.15407986111111116 1 0.22547743055555566 1
14 0.12847222222222227 0.6600378787878788 0.05490451388888892 0.6600378787878788 0.05490451388888893 0.7978219696969697 0.12847222222222227 0.7978219696969697
31 0.3990885416666667 0.4635416666666668 0.3420138888888889 0.4635416666666668 0.3420138888888889 0.6264204545454546 0.3990885416666667 0.6264204545454546
28 0.3515625 0.6055871212121212 0.2760416666666667 0.6055871212121212 0.2760416666666667 0.7528409090909091 0.3515625 0.7528409090909091
33 0.2721354166666667 0.6822916666666666 0.22113715277777782 0.6822916666666666 0.22113715277777782 0.8361742424242424 0.2721354166666667 0.8361742424242424
33 0.15625000000000006 0.9190340909090909 0.10438368055555561 0.9190340909090909 0.10438368055555561 1 0.15625000000000006 1
0 0.37565104166666674 0.9881628787878788 0.3020833333333334 0.9881628787878788 0.3020833333333334 1 0.37565104166666674 1
29 0.3433159722222222 0.4365530303030304 0.2821180555555556 0.4365530303030304 0.2821180555555556 0.5970643939393939 0.3433159722222222 0.5970643939393939
2 0.21332465277777782 0.5672348484848485 0.1356336805555556 0.5672348484848485 0.1356336805555556 0.7054924242424242 0.21332465277777782 0.7054924242424242
15 0.30729166666666674 0.9242424242424242 0.23524305555555566 0.9242424242424242 0.23524305555555566 1 0.30729166666666674 1
4 0.27734375000000006 0.8229166666666666 0.20855034722222227 0.8229166666666666 0.20855034722222227 0.9446022727272727 0.2773437500000001 0.9446022727272727
17 0.38151041666666674 0.859375 0.3020833333333333 0.859375 0.30208333333333337 1 0.38151041666666674 1
27 0.40429687500000006 0.7717803030303031 0.3302951388888889 0.771780303030303 0.33029513888888895 0.9289772727272728 0.4042968750000001 0.9289772727272729
19 0.3444010416666667 0.7206439393939394 0.2686631944444444 0.7206439393939394 0.2686631944444444 0.8745265151515151 0.3444010416666667 0.8745265151515151
12 0.4103732638888889 0.6581439393939394 0.3344184027777778 0.6581439393939394 0.3344184027777778 0.8082386363636365 0.4103732638888889 0.8082386363636366
7 0.2897135416666667 0.5549242424242424 0.21831597222222227 0.5549242424242424 0.21831597222222227 0.7078598484848485 0.2897135416666667 0.7078598484848485
9 0.15212673611111116 0.45454545454545453 0.07573784722222225 0.45454545454545453 0.07573784722222225 0.6335227272727273 0.15212673611111116 0.6335227272727273
29 0.16927083333333337 0.7859848484848485 0.09418402777777783 0.7859848484848485 0.09418402777777783 0.9285037878787878 0.16927083333333337 0.9285037878787878