19 0.5876736111111112 0.7168560606060608 0.5262586805555556 0.7168560606060608 0.5262586805555556 0.8650568181818183 0.5876736111111112 0.8650568181818183
18 0.798828125 0.5189393939393941 0.7419704861111112 0.5189393939393941 0.7419704861111112 0.67282196969697 0.798828125 0.67282196969697
4 0.7651909722222222 0.6387310606060608 0.7048611111111112 0.6387310606060608 0.7048611111111112 0.8020833333333336 0.7651909722222222 0.8020833333333336
1 0.08572048611111116 0.7902462121212122 4.435623931807579e-17 0.7902462121212122 4.94589343145231e-17 0.9720643939393939 0.08572048611111116 0.9720643939393939
21 0.4483506944444444 0.0497159090909092 0.3760850694444444 0.049715909090909186 0.3760850694444444 0.2031250000000001 0.4483506944444444 0.2031250000000001
31 0.4654947916666667 0.14772727272727285 0.3901909722222222 0.14772727272727285 0.3901909722222222 0.3044507575757577 0.4654947916666667 0.3044507575757577
29 0.4978298611111111 0.23200757575757586 0.4286024305555556 0.23200757575757586 0.4286024305555556 0.3953598484848486 0.4978298611111111 0.3953598484848486
17 0.4468315972222222 0.312973484848485 0.3754340277777778 0.312973484848485 0.3754340277777778 0.44176136363636376 0.4468315972222222 0.44176136363636376
2 0.4463975694444444 0.412878787878788 0.3717447916666667 0.412878787878788 0.3717447916666667 0.5374053030303031 0.4463975694444444 0.5374053030303032
13 0.4815538194444444 0.5312500000000002 0.4073350694444444 0.5312500000000002 0.4073350694444444 0.6964962121212124 0.4815538194444444 0.6964962121212124
27 0.5134548611111112 0.7405303030303032 0.4429253472222222 0.7405303030303032 0.4429253472222222 0.8716856060606063 0.5134548611111112 0.8716856060606063
33 0.6284722222222222 0.8082386363636366 0.5533854166666666 0.8082386363636366 0.5533854166666666 0.9625946969696972 0.6284722222222222 0.9625946969696972
26 0.6838107638888888 0.7348484848484851 0.6067708333333334 0.7348484848484851 0.6067708333333334 0.9010416666666669 0.6838107638888888 0.9010416666666669
32 0.6414930555555556 0.6373106060606063 0.5718315972222222 0.6373106060606063 0.5718315972222222 0.7992424242424244 0.6414930555555556 0.7992424242424244
9 0.6095920138888888 0.544507575757576 0.53515625 0.544507575757576 0.53515625 0.706912878787879 0.6095920138888888 0.706912878787879
26 0.5564236111111112 0.5814393939393941 0.4876302083333333 0.5814393939393941 0.4876302083333333 0.7424242424242427 0.5564236111111112 0.7424242424242427
28 0.5401475694444444 0.4772727272727274 0.4680989583333333 0.4772727272727274 0.4680989583333333 0.6254734848484851 0.5401475694444444 0.6254734848484851
11 0.5837673611111112 0.4308712121212122 0.5210503472222222 0.4308712121212122 0.5210503472222222 0.5866477272727275 0.5837673611111112 0.5866477272727275
14 0.7124565972222222 0.6425189393939396 0.6378038194444444 0.6425189393939396 0.6378038194444444 0.7845643939393941 0.7124565972222222 0.7845643939393941
29 0.7719184027777778 0.37310606060606083 0.6987847222222222 0.37310606060606083 0.6987847222222222 0.5426136363636366 0.7719184027777778 0.5426136363636366
33 0.7450086805555556 0.2642045454545457 0.6684027777777778 0.2642045454545457 0.6684027777777778 0.4327651515151517 0.7450086805555556 0.4327651515151517
29 0.6959635416666666 0.37263257575757597 0.6332465277777778 0.37263257575757597 0.6332465277777778 0.5284090909090912 0.6959635416666666 0.5284090909090912
7 0.6796875 0.519412878787879 0.6078559027777778 0.519412878787879 0.6078559027777778 0.6377840909090912 0.6796875 0.6377840909090912
30 0.6603732638888888 0.2405303030303032 0.5870225694444444 0.2405303030303032 0.5870225694444444 0.4038825757575759 0.6603732638888888 0.40388257575757597
15 0.6098090277777778 0.29876893939393956 0.5336371527777778 0.2987689393939395 0.5336371527777778 0.4668560606060608 0.6098090277777778 0.46685606060606083
0 0.6095920138888888 0.18039772727272743 0.5377604166666666 0.18039772727272743 0.5377604166666666 0.3295454545454547 0.6095920138888888 0.32954545454545475
30 0.5583767361111112 0.21732954545454558 0.4845920138888889 0.21732954545454555 0.4845920138888889 0.36931818181818193 0.5583767361111112 0.36931818181818193
11 0.5447048611111112 0.32244318181818193 0.4737413194444444 0.32244318181818193 0.4737413194444444 0.4843750000000001 0.5447048611111112 0.4843750000000001
12 0.5188802083333334 0.1013257575757577 0.4476996527777778 0.10132575757575768 0.4476996527777778 0.2604166666666668 0.5188802083333334 0.2604166666666668
23 0.5405815972222222 1.355983210135457e-16 0.4743923611111111 1.2675558252538418e-16 0.4743923611111111 0.1235795454545456 0.5405815972222222 0.12357954545454562
24 0.6432291666666666 0.3868371212121214 0.5713975694444444 0.3868371212121213 0.5713975694444444 0.5525568181818183 0.6432291666666666 0.5525568181818183