26 0.2587890625 0.08496093750000004 0.148193359375 0.08496093750000004 0.148193359375 0.25130208333333337 0.2587890625 0.2513020833333334
23 0.43359375 0.23404947916666674 0.321533203125 0.23404947916666674 0.321533203125 0.3876953125 0.43359375 0.3876953125
5 0.5185546875 0.1731770833333334 0.404052734375 0.1731770833333334 0.404052734375 0.34244791666666674 0.5185546875 0.3424479166666668
21 0.7255859375 0.7294921875 0.597900390625 0.7294921875 0.597900390625 0.93359375 0.7255859375 0.93359375
16 0.771484375 0.07128906250000012 0.630859375 0.07128906250000011 0.630859375 0.22591145833333345 0.771484375 0.22591145833333348
32 0.3540039062500001 0.7486979166666666 0.22851562500000006 0.7486979166666666 0.22851562500000008 0.9462890625 0.3540039062500001 0.9462890625
20 0.816162109375 0.40625000000000017 0.652099609375 0.40625000000000017 0.652099609375 0.5797526041666669 0.816162109375 0.5797526041666669
31 0.99072265625 0.41406250000000017 0.8095703125 0.41406250000000017 0.8095703125 0.6334635416666669 0.99072265625 0.6334635416666669
12 0.90771484375 0.5221354166666669 0.740234375 0.5221354166666669 0.740234375 0.7405598958333335 0.90771484375 0.7405598958333336
17 0.521728515625 0.5628255208333334 0.375732421875 0.5628255208333334 0.37573242187500006 0.7672526041666666 0.521728515625 0.7672526041666666
13 0.42138671875000006 0.5364583333333334 0.2900390625 0.5364583333333334 0.29003906250000006 0.7379557291666666 0.4213867187500001 0.7379557291666666
19 0.575439453125 0.4251302083333334 0.428955078125 0.4251302083333333 0.42895507812500006 0.6276041666666667 0.575439453125 0.6276041666666669
28 0.69384765625 0.5000000000000001 0.535400390625 0.5000000000000001 0.535400390625 0.693359375 0.69384765625 0.693359375
4 0.36474609375 0.4069010416666667 0.23242187500000006 0.4069010416666667 0.23242187500000006 0.5556640625 0.36474609375 0.5556640625
6 0.463134765625 0.3782552083333334 0.34375 0.3782552083333333 0.34375 0.5631510416666667 0.463134765625 0.5631510416666669
30 0.627197265625 0.27701822916666674 0.474365234375 0.27701822916666674 0.474365234375 0.47363281250000017 0.627197265625 0.47363281250000017
27 0.769775390625 0.2991536458333334 0.606201171875 0.2991536458333334 0.606201171875 0.48339843750000017 0.769775390625 0.48339843750000017
17 0.864501953125 0.23274739583333348 0.748779296875 0.23274739583333348 0.748779296875 0.43457031250000017 0.864501953125 0.43457031250000017
13 0.71533203125 0.1953125000000001 0.5654296875 0.19531250000000008 0.5654296875 0.3587239583333335 0.71533203125 0.3587239583333335
21 0.557373046875 0.007161458333333412 0.412353515625 0.007161458333333401 0.412353515625 0.1868489583333334 0.557373046875 0.1868489583333334
1 0.453857421875 0.0550130208333334 0.32421875 0.05501302083333339 0.32421875 0.25000000000000006 0.453857421875 0.25000000000000006
8 0.379638671875 5.090735555049382e-17 0.243896484375 3.9824939855084825e-17 0.243896484375 0.16503906250000006 0.379638671875 0.16503906250000008
27 0.3564453125 0.1370442708333334 0.226806640625 0.13704427083333337 0.22680664062500003 0.3440755208333333 0.3564453125 0.3440755208333333