28 0.19357638888888892 0.2675189393939394 0.12413194444444445 0.2675189393939394 0.12413194444444448 0.5071022727272727 0.19357638888888895 0.5071022727272727
11 0.12326388888888894 0.6396780303030303 0.02690972222222226 0.6396780303030303 0.026909722222222265 0.8541666666666666 0.12326388888888894 0.8541666666666666
2 0.42035590277777785 0.8053977272727274 0.3515625 0.8053977272727273 0.35156250000000006 0.9962121212121212 0.4203559027777779 0.9962121212121212
23 0.4581163194444444 0.8323863636363639 0.4123263888888889 0.8323863636363639 0.41232638888888895 0.9857954545454546 0.4581163194444444 0.9857954545454546
33 0.4581163194444444 0.984375 0.37803819444444453 0.984375 0.37803819444444453 1 0.4581163194444444 1
29 0.38346354166666674 0.9455492424242424 0.293185763888889 0.9455492424242424 0.293185763888889 1 0.38346354166666674 1
26 0.32096354166666674 0.853219696969697 0.22721354166666666 0.853219696969697 0.2272135416666667 1 0.32096354166666674 1
33 0.38302951388888895 0.7376893939393939 0.2990451388888889 0.7376893939393939 0.29904513888888895 0.9322916666666666 0.383029513888889 0.9322916666666666
18 0.4581163194444444 0.6865530303030304 0.369140625 0.6865530303030303 0.369140625 0.8446969696969698 0.4581163194444444 0.84469696969697
18 0.3897569444444444 0.603219696969697 0.29296875 0.603219696969697 0.29296875 0.7679924242424242 0.3897569444444444 0.7679924242424242
10 0.4583333333333333 0.5265151515151516 0.3758680555555556 0.5265151515151515 0.3758680555555556 0.7215909090909092 0.4583333333333333 0.7215909090909093
33 0.3990885416666667 0.49053030303030304 0.3053385416666667 0.49053030303030304 0.3053385416666667 0.65625 0.3990885416666667 0.65625
6 0.2686631944444445 0.7320075757575758 0.1686197916666667 0.7320075757575758 0.1686197916666667 0.9569128787878788 0.26866319444444453 0.9569128787878788
2 0.3185763888888889 0.6600378787878788 0.22526041666666666 0.6600378787878788 0.22526041666666666 0.8428030303030303 0.3185763888888889 0.8428030303030303
19 0.2660590277777778 0.5525568181818182 0.17513020833333337 0.5525568181818182 0.17513020833333337 0.7523674242424242 0.2660590277777778 0.7523674242424242
19 0.3235677083333333 0.49763257575757575 0.24500868055555555 0.49763257575757575 0.24500868055555555 0.7040719696969697 0.3235677083333333 0.7040719696969697
23 0.3257378472222222 0.3290719696969698 0.23350694444444445 0.3290719696969698 0.23350694444444445 0.5189393939393939 0.3257378472222222 0.5189393939393939
24 0.4064670138888889 0.36221590909090917 0.3159722222222222 0.36221590909090917 0.3159722222222222 0.5303030303030304 0.4064670138888889 0.5303030303030305
12 0.2599826388888889 0.36600378787878796 0.1820746527777778 0.3660037878787879 0.1820746527777778 0.5714962121212122 0.2599826388888889 0.5714962121212122
6 0.20486111111111116 0.5037878787878788 0.10026041666666669 0.5037878787878788 0.1002604166666667 0.6950757575757576 0.20486111111111116 0.6950757575757576
23 0.18164062500000006 0.6690340909090909 0.11067708333333338 0.6690340909090909 0.11067708333333338 0.8707386363636364 0.18164062500000006 0.8707386363636364