26 0.4605034722222222 0.6500946969696971 0.3949652777777778 0.650094696969697 0.3949652777777778 0.8267045454545455 0.4605034722222222 0.8267045454545456
31 0.5334201388888888 0.49100378787878807 0.4809027777777778 0.49100378787878807 0.4809027777777778 0.6434659090909093 0.5334201388888888 0.6434659090909093
11 0.8233506944444444 0.5871212121212124 0.7337239583333334 0.5871212121212124 0.7337239583333334 0.7466856060606063 0.8233506944444444 0.7466856060606063
23 0.6786024305555556 0.32907196969696983 0.5972222222222222 0.3290719696969698 0.5972222222222222 0.4749053030303032 0.6786024305555556 0.47490530303030326
8 0.5412326388888888 0.3200757575757577 0.4609375 0.3200757575757577 0.4609375 0.49621212121212144 0.5412326388888888 0.49621212121212144
24 0.6011284722222222 0.40198863636363646 0.5305989583333334 0.40198863636363646 0.5305989583333334 0.5151515151515154 0.6011284722222222 0.5151515151515154
21 0.7154947916666666 0.7419507575757578 0.6336805555555556 0.7419507575757578 0.6336805555555556 0.9270833333333336 0.7154947916666666 0.9270833333333336
6 0.6712239583333334 0.6358901515151517 0.5970052083333334 0.6358901515151517 0.5970052083333334 0.7798295454545456 0.6712239583333334 0.7798295454545456
7 0.5939670138888888 0.6107954545454548 0.5177951388888888 0.6107954545454548 0.5177951388888888 0.7703598484848487 0.5939670138888888 0.7703598484848487
10 0.6171875 0.7708333333333336 0.5486111111111112 0.7708333333333336 0.5486111111111112 0.8963068181818183 0.6171875 0.8963068181818183
33 0.5520833333333334 0.7372159090909093 0.48046875 0.7372159090909093 0.48046875 0.9280303030303032 0.5520833333333334 0.9280303030303032
33 0.4325086805555556 0.4029356060606062 0.3511284722222222 0.4029356060606062 0.3511284722222222 0.5894886363636365 0.4325086805555556 0.5894886363636366
29 0.4728732638888889 0.32954545454545464 0.3997395833333333 0.32954545454545464 0.3997395833333333 0.5056818181818183 0.4728732638888889 0.5056818181818183
14 0.5813802083333334 0.15814393939393953 0.4950086805555556 0.1581439393939395 0.4950086805555556 0.31676136363636376 0.5813802083333334 0.31676136363636376
18 0.6649305555555556 0.1695075757575759 0.5861545138888888 0.1695075757575759 0.5861545138888888 0.32717803030303044 0.6649305555555556 0.3271780303030305
18 0.609375 0.2476325757575759 0.5217013888888888 0.24763257575757586 0.5217013888888888 0.4109848484848486 0.609375 0.4109848484848487
29 0.5167100694444444 0.1813446969696971 0.4375 0.18134469696969707 0.4375 0.36268939393939403 0.5167100694444444 0.36268939393939403
19 0.734375 0.2500000000000002 0.6608072916666666 0.2500000000000002 0.6608072916666666 0.3773674242424245 0.734375 0.3773674242424245
6 0.8051215277777778 0.3513257575757578 0.7337239583333334 0.3513257575757578 0.7337239583333334 0.5416666666666669 0.8051215277777778 0.5416666666666669
28 0.7736545138888888 0.4928977272727275 0.6944444444444444 0.4928977272727275 0.6944444444444444 0.6870265151515154 0.7736545138888888 0.6870265151515154
12 0.6560329861111112 0.4715909090909092 0.599609375 0.47159090909090917 0.599609375 0.6335227272727275 0.6560329861111112 0.6335227272727275
12 0.7556423611111112 0.6339962121212124 0.6655815972222222 0.6339962121212124 0.6655815972222222 0.82907196969697 0.7556423611111112 0.82907196969697
15 0.7389322916666666 0.11079545454545474 0.6577690972222222 0.11079545454545474 0.6577690972222222 0.26183712121212144 0.7389322916666666 0.26183712121212144
22 0.734375 0.36742424242424265 0.6673177083333334 0.36742424242424265 0.6673177083333334 0.5307765151515154 0.734375 0.5307765151515154
33 0.7009548611111112 0.51657196969697 0.642578125 0.51657196969697 0.642578125 0.6732954545454548 0.7009548611111112 0.6732954545454548
2 0.525390625 0.6302083333333336 0.4544270833333333 0.6302083333333336 0.4544270833333333 0.8091856060606063 0.525390625 0.8091856060606063
4 0.6783854166666666 0.002367424242424414 0.6019965277777778 0.002367424242424403 0.6019965277777778 0.187973484848485 0.6783854166666666 0.187973484848485
29 0.482421875 0.50094696969697 0.4210069444444444 0.50094696969697 0.4210069444444444 0.6690340909090912 0.482421875 0.6690340909090912
30 0.6052517361111112 0.5028409090909093 0.5327690972222222 0.5028409090909093 0.5327690972222222 0.6311553030303032 0.6052517361111112 0.6311553030303032