18 0.3072916666666667 0.5833333333333334 0.22743055555555555 0.5833333333333334 0.22743055555555555 0.7798295454545454 0.3072916666666667 0.7798295454545454
4 0.11697048611111116 0.8584280303030303 0.019748263888888937 0.8584280303030303 0.01974826388888894 1 0.11697048611111116 1
33 0.4583333333333333 0.8915719696969698 0.3745659722222223 0.8915719696969697 0.3745659722222223 1 0.4583333333333333 1
29 0.38151041666666674 0.8887310606060606 0.28190104166666674 0.8887310606060606 0.28190104166666674 1 0.38151041666666674 1
8 0.3046875000000001 0.890625 0.21289062500000006 0.890625 0.21289062500000006 1 0.3046875000000001 1
29 0.23025173611111122 0.9318181818181818 0.13476562500000006 0.9318181818181818 0.13476562500000006 1 0.23025173611111122 1
33 0.2745225694444445 0.7305871212121212 0.18315972222222227 0.7305871212121212 0.18315972222222227 0.9479166666666666 0.27452256944444453 0.9479166666666666
26 0.20160590277777782 0.7902462121212122 0.10243055555555561 0.7902462121212122 0.10243055555555561 0.9834280303030303 0.20160590277777782 0.9834280303030303
15 0.15625000000000006 0.6600378787878788 0.05034722222222226 0.6600378787878788 0.050347222222222265 0.8868371212121212 0.15625000000000006 0.8868371212121212
11 0.13541666666666669 0.4185606060606061 0.03016493055555558 0.4185606060606061 0.030164930555555587 0.6661931818181818 0.1354166666666667 0.6661931818181818
23 0.19509548611111116 0.47490530303030304 0.09309895833333336 0.47490530303030304 0.09309895833333337 0.7064393939393939 0.19509548611111116 0.7064393939393939
2 0.23914930555555555 0.5767045454545454 0.14062500000000006 0.5767045454545454 0.14062500000000006 0.8091856060606061 0.23914930555555555 0.8091856060606061
2 0.33919270833333337 0.734375 0.2532552083333333 0.734375 0.25325520833333337 0.9573863636363636 0.3391927083333334 0.9573863636363636
24 0.41145833333333337 0.7026515151515152 0.3192274305555556 0.7026515151515151 0.3192274305555556 0.928503787878788 0.4114583333333334 0.9285037878787881
18 0.3988715277777778 0.5662878787878788 0.2970920138888889 0.5662878787878788 0.2970920138888889 0.7765151515151515 0.3988715277777778 0.7765151515151515
10 0.4385850694444444 0.42329545454545464 0.3355034722222222 0.42329545454545464 0.3355034722222222 0.6652462121212123 0.4385850694444444 0.6652462121212124
19 0.353515625 0.4043560606060607 0.2684461805555556 0.4043560606060607 0.2684461805555556 0.6330492424242424 0.353515625 0.6330492424242424
19 0.2803819444444444 0.41524621212121215 0.1840277777777778 0.4152462121212121 0.1840277777777778 0.6486742424242424 0.2803819444444444 0.6486742424242424
6 0.2443576388888889 0.32339015151515155 0.13932291666666666 0.3233901515151515 0.13932291666666669 0.5421401515151515 0.2443576388888889 0.5421401515151515