3 0.8359375 0.3199869791666668 0.686767578125 0.3199869791666668 0.686767578125 0.47265625000000017 0.8359375 0.47265625000000017
32 0.3208007812500001 0.6767578125 0.22094726562500006 0.6767578125 0.22094726562500006 0.8463541666666666 0.3208007812500001 0.8463541666666666
16 0.4057617187500001 0.6806640625 0.2927246093750001 0.6806640625 0.2927246093750001 0.8567708333333334 0.4057617187500001 0.8567708333333334
1 0.4770507812500001 0.6386718750000001 0.3566894531250001 0.638671875 0.3566894531250001 0.8209635416666666 0.4770507812500001 0.8209635416666666
14 0.544677734375 0.5813802083333334 0.418212890625 0.5813802083333334 0.41821289062500006 0.7626953125 0.544677734375 0.7626953125
32 0.647216796875 0.7054036458333334 0.51904296875 0.7054036458333334 0.51904296875 0.8473307291666666 0.647216796875 0.8473307291666666
8 0.7734375 0.6285807291666669 0.6318359375 0.6285807291666669 0.6318359375 0.8138020833333334 0.7734375 0.8138020833333334
10 0.9296875 0.5511067708333335 0.781005859375 0.5511067708333335 0.781005859375 0.7568359375000001 0.9296875 0.7568359375000003
8 0.840087890625 0.5016276041666669 0.6982421875 0.5016276041666669 0.6982421875 0.6975911458333334 0.840087890625 0.6975911458333334
13 0.7607421875 0.4466145833333335 0.619384765625 0.4466145833333335 0.619384765625 0.6383463541666669 0.7607421875 0.6383463541666669
22 0.634765625 0.5524088541666669 0.5341796875 0.5524088541666669 0.5341796875 0.7184244791666666 0.634765625 0.7184244791666666
28 0.6689453125 0.4036458333333335 0.531005859375 0.4036458333333335 0.531005859375 0.5787760416666669 0.6689453125 0.5787760416666669
28 0.60205078125 0.28483072916666674 0.47509765625 0.28483072916666674 0.47509765625 0.4625651041666668 0.60205078125 0.4625651041666668
32 0.6728515625 0.15234375000000008 0.533203125 0.15234375000000008 0.533203125 0.3333333333333335 0.6728515625 0.3333333333333335
22 0.571044921875 0.12239583333333343 0.435546875 0.12239583333333341 0.435546875 0.30078125000000006 0.571044921875 0.30078125000000006
24 0.516845703125 0.22819010416666674 0.38134765625 0.22819010416666674 0.38134765625 0.4036458333333334 0.516845703125 0.4036458333333335
9 0.562744140625 0.4329427083333334 0.447509765625 0.4329427083333333 0.44750976562500006 0.6119791666666667 0.562744140625 0.6119791666666669
0 0.49243164062500006 0.45410156250000006 0.369384765625 0.4541015625 0.36938476562500006 0.6357421875000001 0.4924316406250001 0.6357421875000001
2 0.42431640625000006 0.5013020833333334 0.307373046875 0.5013020833333334 0.30737304687500006 0.6819661458333334 0.4243164062500001 0.6819661458333334
2 0.33837890625000006 0.525390625 0.21948242187500006 0.525390625 0.21948242187500006 0.671875 0.3383789062500001 0.671875
0 0.3232421875 0.4192708333333333 0.19335937500000006 0.4192708333333333 0.19335937500000006 0.5732421875 0.3232421875 0.5732421875
14 0.412353515625 0.3681640625 0.29248046875 0.3681640625 0.29248046875 0.5380859375 0.412353515625 0.5380859375
28 0.3837890625 0.28027343750000006 0.24853515625 0.28027343750000006 0.24853515625000003 0.4381510416666667 0.3837890625 0.4381510416666667
30 0.256103515625 0.26497395833333337 0.13232421875 0.2649739583333333 0.13232421875000003 0.4345703125 0.256103515625 0.4345703125