24 0.5579427083333334 0.40861742424242437 0.4828559027777778 0.40861742424242437 0.4828559027777778 0.5875946969696972 0.5579427083333334 0.5875946969696972
8 0.4895833333333333 0.4521780303030304 0.4144965277777778 0.4521780303030304 0.4144965277777778 0.5776515151515154 0.4895833333333333 0.5776515151515154
29 0.4592013888888889 0.2864583333333334 0.3912760416666667 0.2864583333333334 0.3912760416666667 0.4583333333333334 0.4592013888888889 0.4583333333333334
29 0.4190538194444444 0.37926136363636376 0.3331163194444444 0.37926136363636376 0.3331163194444444 0.5781250000000001 0.4190538194444444 0.5781250000000002
26 0.48046875 0.7320075757575759 0.4010416666666667 0.7320075757575758 0.40104166666666674 0.881628787878788 0.48046875 0.8816287878787881
33 0.6076388888888888 0.5885416666666669 0.5199652777777778 0.5885416666666669 0.5199652777777778 0.7817234848484851 0.6076388888888888 0.7817234848484851
33 0.3634982638888889 0.4270833333333334 0.2760416666666667 0.4270833333333334 0.2760416666666667 0.6197916666666666 0.3634982638888889 0.6197916666666666
33 0.7026909722222222 0.4829545454545457 0.6087239583333334 0.4829545454545457 0.6087239583333334 0.6685606060606063 0.7026909722222222 0.6685606060606063
6 0.7497829861111112 0.5980113636363639 0.6586371527777778 0.5980113636363639 0.6586371527777778 0.8044507575757578 0.7497829861111112 0.8044507575757578
23 0.7903645833333334 0.5184659090909093 0.6990017361111112 0.5184659090909093 0.6990017361111112 0.7144886363636366 0.7903645833333334 0.7144886363636366
15 0.7862413194444444 0.1387310606060608 0.6907552083333334 0.13873106060606077 0.6907552083333334 0.3238636363636366 0.7862413194444444 0.3238636363636366
4 0.6499565972222222 0.17187500000000017 0.5629340277777778 0.17187500000000017 0.5629340277777778 0.3399621212121214 0.6499565972222222 0.33996212121212144
18 0.6069878472222222 0.27225378787878807 0.5262586805555556 0.272253787878788 0.5262586805555556 0.46212121212121227 0.6069878472222222 0.4621212121212123
14 0.5368923611111112 0.250473484848485 0.4505208333333333 0.250473484848485 0.4505208333333333 0.4393939393939395 0.5368923611111112 0.4393939393939395
31 0.5017361111111112 0.566287878787879 0.4422743055555556 0.566287878787879 0.4422743055555556 0.7339015151515154 0.5017361111111112 0.7339015151515154
29 0.4318576388888889 0.5606060606060607 0.3489583333333333 0.5606060606060606 0.3489583333333333 0.7414772727272728 0.4318576388888889 0.7414772727272729
12 0.6720920138888888 0.6993371212121214 0.6015625 0.6993371212121214 0.6015625 0.8877840909090912 0.6720920138888888 0.8877840909090912
12 0.7237413194444444 0.3877840909090911 0.6323784722222222 0.3877840909090911 0.6323784722222222 0.5530303030303032 0.7237413194444444 0.5530303030303032
6 0.6525607638888888 0.3257575757575759 0.5750868055555556 0.32575757575757586 0.5750868055555556 0.5198863636363639 0.6525607638888888 0.5198863636363639
30 0.724609375 0.2353219696969699 0.6280381944444444 0.23532196969696986 0.6280381944444444 0.42897727272727293 0.724609375 0.42897727272727293
28 0.6241319444444444 0.46164772727272746 0.5364583333333334 0.4616477272727274 0.5364583333333334 0.6297348484848487 0.6241319444444444 0.6297348484848487
2 0.5794270833333334 0.7249053030303032 0.4934895833333333 0.7249053030303032 0.4934895833333333 0.9199810606060608 0.5794270833333334 0.9199810606060608
18 0.7845052083333334 0.2750946969696972 0.6861979166666666 0.2750946969696972 0.6861979166666666 0.50094696969697 0.7845052083333334 0.50094696969697
22 0.837890625 0.4000946969696972 0.7443576388888888 0.4000946969696972 0.7443576388888888 0.5733901515151517 0.837890625 0.5733901515151517
19 0.8667534722222222 0.17803030303030323 0.7730034722222222 0.17803030303030323 0.7730034722222222 0.3560606060606063 0.8667534722222222 0.3560606060606063