15 0.8235677083333334 0.4626464843750001 0.67578125 0.4626464843750001 0.67578125 0.60205078125 0.8235677083333334 0.60205078125
22 0.6328125 0.25024414062500006 0.4827473958333333 0.250244140625 0.4827473958333333 0.35449218750000006 0.6328125 0.3544921875000001
0 0.4371744791666668 0.48388671875 0.25846354166666674 0.48388671875 0.25846354166666674 0.624267578125 0.4371744791666668 0.624267578125
19 0.1682942708333334 0.322509765625 0.021809895833333388 0.322509765625 0.021809895833333398 0.4501953125 0.1682942708333334 0.4501953125
24 0.4287109375 0.15991210937500003 0.2581380208333333 0.159912109375 0.25813802083333337 0.28271484375 0.4287109375 0.28271484375
4 0.3040364583333334 0.297119140625 0.14550781250000003 0.297119140625 0.14550781250000006 0.42724609375 0.3040364583333334 0.42724609375
8 0.3020833333333334 0.47802734375 0.10709635416666674 0.47802734375 0.10709635416666675 0.596435546875 0.3020833333333334 0.596435546875
3 0.3362630208333335 0.58056640625 0.15787760416666677 0.58056640625 0.15787760416666677 0.726806640625 0.3362630208333335 0.726806640625
9 0.4768880208333335 0.6357421875 0.2815755208333334 0.6357421875 0.2815755208333334 0.76416015625 0.4768880208333335 0.76416015625
28 0.3961588541666668 0.781005859375 0.20052083333333348 0.781005859375 0.20052083333333348 0.898681640625 0.3961588541666668 0.898681640625
9 0.7652994791666666 0.70751953125 0.5859375000000001 0.70751953125 0.5859375000000001 0.81982421875 0.7652994791666666 0.81982421875
12 0.919921875 0.5908203125 0.728515625 0.5908203125 0.728515625 0.72900390625 0.919921875 0.72900390625
16 0.7626953125 0.582763671875 0.6129557291666669 0.582763671875 0.6129557291666669 0.7255859375 0.7626953125 0.7255859375
13 0.6484375000000001 0.5791015625 0.4895833333333335 0.5791015625 0.4895833333333335 0.72509765625 0.6484375000000001 0.72509765625
32 0.5413411458333335 0.553955078125 0.34960937500000017 0.553955078125 0.34960937500000017 0.69287109375 0.5413411458333335 0.69287109375
27 0.32584635416666674 0.391845703125 0.11686197916666674 0.391845703125 0.11686197916666674 0.5205078125 0.32584635416666674 0.5205078125
15 0.5013020833333334 0.41064453125 0.31705729166666674 0.41064453125 0.31705729166666674 0.536376953125 0.5013020833333335 0.536376953125
16 0.5898437500000001 0.465576171875 0.4283854166666668 0.465576171875 0.4283854166666668 0.603759765625 0.5898437500000001 0.603759765625
25 0.7063802083333334 0.47290039062500006 0.5472005208333335 0.472900390625 0.5472005208333335 0.6162109375 0.7063802083333334 0.6162109375
20 0.9886067708333334 0.4743652343750001 0.7985026041666666 0.4743652343750001 0.7985026041666666 0.60107421875 0.9886067708333334 0.60107421875
28 0.8430989583333334 0.3823242187500001 0.6780598958333334 0.3823242187500001 0.6780598958333334 0.4833984375000001 0.8430989583333334 0.4833984375000001
14 0.6910807291666666 0.35571289062500006 0.5107421875 0.355712890625 0.5107421875000001 0.47705078125000006 0.6910807291666666 0.4770507812500001
20 0.5559895833333334 0.31396484375 0.3818359375 0.31396484375 0.3818359375 0.448974609375 0.5559895833333334 0.448974609375
10 0.4820963541666667 0.23754882812500006 0.31510416666666674 0.23754882812500006 0.31510416666666674 0.36181640625 0.4820963541666667 0.36181640625
10 0.41113281250000006 0.31982421875 0.2483723958333334 0.31982421875 0.2483723958333334 0.45751953125 0.41113281250000017 0.45751953125