27 0.49381510416666674 0.436767578125 0.3733723958333333 0.436767578125 0.3733723958333334 0.562255859375 0.4938151041666668 0.562255859375
8 0.5107421875 0.21435546875000006 0.3828125 0.21435546875000006 0.3828125 0.325927734375 0.5107421875 0.325927734375
32 0.9993489583333334 0.55712890625 0.8522135416666666 0.55712890625 0.8522135416666666 0.6708984375 0.9993489583333334 0.6708984375
30 0.4469401041666667 3.394986426835497e-17 0.2923177083333333 2.6848945938337967e-17 0.2923177083333333 0.10449218750000003 0.4469401041666667 0.10449218750000003
22 0.8629557291666666 0.54833984375 0.6806640625 0.54833984375 0.6806640625 0.69287109375 0.8629557291666666 0.69287109375
3 0.8505859375 0.664794921875 0.6630859375000001 0.664794921875 0.6630859375000001 0.812255859375 0.8505859375 0.812255859375
28 0.9410807291666666 0.4511718750000001 0.7962239583333334 0.4511718750000001 0.7962239583333334 0.586181640625 0.9410807291666666 0.586181640625
32 0.8421223958333334 0.4367675781250001 0.7093098958333334 0.4367675781250001 0.7093098958333334 0.57373046875 0.8421223958333334 0.57373046875
5 0.7509765625 0.40698242187500006 0.5904947916666666 0.406982421875 0.5904947916666667 0.5205078125 0.7509765625 0.5205078125
28 0.7757161458333334 0.3459472656250001 0.62109375 0.3459472656250001 0.62109375 0.4516601562500001 0.7757161458333334 0.4516601562500001
21 0.7444661458333334 0.49975585937500006 0.5712890625000001 0.499755859375 0.5712890625000001 0.607177734375 0.7444661458333334 0.607177734375
25 0.5777994791666669 0.689453125 0.38769531250000017 0.689453125 0.38769531250000017 0.839111328125 0.5777994791666669 0.839111328125
15 0.5159505208333335 0.546630859375 0.3649088541666668 0.546630859375 0.3649088541666668 0.68359375 0.5159505208333335 0.68359375
10 0.6217447916666669 0.52685546875 0.4720052083333335 0.52685546875 0.4720052083333335 0.665283203125 0.6217447916666669 0.665283203125
6 0.6038411458333334 0.424072265625 0.484375 0.424072265625 0.48437500000000006 0.54296875 0.6038411458333335 0.54296875
14 0.40332031250000006 0.39697265625 0.2356770833333334 0.39697265625 0.2356770833333334 0.499267578125 0.40332031250000017 0.499267578125
13 0.4977213541666667 0.311767578125 0.3548177083333333 0.311767578125 0.3548177083333333 0.434814453125 0.4977213541666667 0.434814453125
14 0.6357421875 0.30444335937500006 0.4729817708333333 0.304443359375 0.4729817708333333 0.43041992187500006 0.6357421875 0.4304199218750001
15 0.3636067708333333 0.2890625 0.1868489583333334 0.2890625 0.1868489583333334 0.405517578125 0.3636067708333333 0.405517578125
31 0.20963541666666674 0.330322265625 0.023763020833333388 0.330322265625 0.023763020833333398 0.457763671875 0.20963541666666674 0.457763671875
3 0.3307291666666667 0.15917968750000003 0.20768229166666666 0.1591796875 0.2076822916666667 0.2802734375 0.33072916666666674 0.2802734375
20 0.5830078125 0.10693359375000004 0.4248046875 0.10693359375000003 0.4248046875 0.22607421875000006 0.5830078125 0.22607421875000006
9 0.6617838541666666 0.20678710937500006 0.5283203125 0.20678710937500006 0.5283203125 0.32666015625000006 0.6617838541666666 0.3266601562500001