6 0.3446180555555556 0.3892045454545456 0.2823350694444444 0.3892045454545456 0.2823350694444444 0.5445075757575758 0.3446180555555556 0.5445075757575758
14 0.5896267361111112 0.7097537878787881 0.5141059027777778 0.7097537878787881 0.5141059027777778 0.838068181818182 0.5896267361111112 0.838068181818182
2 0.3131510416666667 0.287878787878788 0.22743055555555555 0.287878787878788 0.22743055555555555 0.46117424242424254 0.3131510416666667 0.46117424242424254
19 0.06358506944444445 8.494827465676479e-18 0 0 4.3984167807918176e-18 0.15672348484848486 0.06358506944444445 0.15672348484848486
31 0.5173611111111112 0.6548295454545456 0.4333767361111111 0.6548295454545456 0.4333767361111111 0.8333333333333336 0.5173611111111112 0.8333333333333336
7 0.5868055555555556 0.528882575757576 0.505859375 0.528882575757576 0.505859375 0.6988636363636366 0.5868055555555556 0.6988636363636366
33 0.6499565972222222 0.49952651515151536 0.5731336805555556 0.49952651515151536 0.5731336805555556 0.6822916666666669 0.6499565972222222 0.6822916666666669
29 0.6226128472222222 0.3901515151515153 0.5421006944444444 0.39015151515151525 0.5421006944444444 0.5677083333333336 0.6226128472222222 0.5677083333333336
11 0.513671875 0.5014204545454548 0.4299045138888889 0.5014204545454548 0.4299045138888889 0.6751893939393941 0.513671875 0.6751893939393941
2 0.5447048611111112 0.41051136363636376 0.466796875 0.41051136363636376 0.466796875 0.5842803030303032 0.5447048611111112 0.5842803030303032
29 0.5904947916666666 0.32386363636363646 0.5088975694444444 0.32386363636363646 0.5088975694444444 0.4966856060606063 0.5904947916666666 0.4966856060606063
29 0.6106770833333334 0.15814393939393956 0.5368923611111112 0.15814393939393956 0.5368923611111112 0.32859848484848503 0.6106770833333334 0.3285984848484851
23 0.5453559027777778 0.2741477272727274 0.4650607638888889 0.2741477272727274 0.4650607638888889 0.4384469696969698 0.5453559027777778 0.4384469696969698
19 0.4752604166666667 0.5525568181818183 0.3871527777777778 0.5525568181818182 0.3871527777777778 0.7343750000000001 0.4752604166666667 0.7343750000000002
18 0.416015625 0.5946969696969698 0.3313802083333333 0.5946969696969697 0.3313802083333333 0.7746212121212123 0.416015625 0.7746212121212124
8 0.3891059027777778 0.7073863636363636 0.3046875 0.7073863636363636 0.3046875 0.8745265151515151 0.3891059027777778 0.8745265151515151
24 0.310546875 0.6325757575757576 0.236328125 0.6325757575757576 0.236328125 0.8129734848484849 0.310546875 0.8129734848484849
10 0.3411458333333333 0.5411931818181818 0.2662760416666667 0.5411931818181818 0.2662760416666667 0.7196969696969697 0.3411458333333333 0.7196969696969697
4 0.2790798611111111 0.5232007575757576 0.19357638888888895 0.5232007575757576 0.19357638888888895 0.6879734848484849 0.2790798611111111 0.6879734848484849
6 0.4112413194444444 0.47679924242424254 0.3283420138888889 0.47679924242424254 0.3283420138888889 0.6297348484848486 0.4112413194444444 0.6297348484848487
24 0.4754774305555556 0.39867424242424254 0.3901909722222222 0.39867424242424254 0.3901909722222222 0.575284090909091 0.4754774305555556 0.5752840909090912
7 0.4188368055555556 0.34706439393939403 0.3376736111111111 0.34706439393939403 0.3376736111111111 0.5203598484848486 0.4188368055555556 0.5203598484848487
21 0.5093315972222222 0.17708333333333348 0.431640625 0.17708333333333345 0.431640625 0.3546401515151516 0.5093315972222222 0.3546401515151516
11 0.5802951388888888 0.07291666666666681 0.5065104166666666 0.0729166666666668 0.5065104166666666 0.2537878787878789 0.5802951388888888 0.2537878787878789
26 0.5360243055555556 0.04876893939393953 0.4576822916666667 0.04876893939393952 0.4576822916666667 0.2310606060606062 0.5360243055555556 0.23106060606060622
11 0.4828559027777778 0.03409090909090921 0.4112413194444444 0.0340909090909092 0.4112413194444444 0.21306818181818193 0.4828559027777778 0.21306818181818193
26 0.4455295138888889 0.0023674242424243518 0.3723958333333333 0.002367424242424342 0.3723958333333333 0.1619318181818183 0.4455295138888889 0.1619318181818183
9 0.3786892361111111 0.026988636363636454 0.3049045138888889 0.026988636363636444 0.3049045138888889 0.16666666666666677 0.3786892361111111 0.16666666666666677
17 0.3016493055555556 0.050662878787878854 0.224609375 0.05066287878787884 0.224609375 0.19602272727272732 0.3016493055555556 0.19602272727272732
30 0.2797309027777778 0.16382575757575762 0.2009548611111111 0.16382575757575762 0.2009548611111111 0.3357007575757576 0.2797309027777778 0.3357007575757577
30 0.3489583333333333 0.153409090909091 0.2673611111111111 0.15340909090909097 0.2673611111111111 0.3053977272727274 0.3489583333333333 0.3053977272727274
33 0.3782552083333333 0.2324810606060607 0.2955729166666667 0.23248106060606066 0.2955729166666667 0.3982007575757577 0.3782552083333333 0.3982007575757577
12 0.4379340277777778 0.16571969696969707 0.3565538194444444 0.16571969696969707 0.3565538194444444 0.3281250000000001 0.4379340277777778 0.3281250000000001
28 0.2730034722222222 0.4038825757575758 0.1840277777777778 0.40388257575757575 0.1840277777777778 0.5814393939393939 0.2730034722222222 0.5814393939393939
2 0.4626736111111111 0.2708333333333334 0.3819444444444444 0.2708333333333334 0.3819444444444444 0.4422348484848486 0.4626736111111111 0.4422348484848486