24 0.8037109375 0.4892578125000001 0.6787109375 0.4892578125000001 0.6787109375 0.61474609375 0.8037109375 0.61474609375
14 0.5348307291666666 0.285400390625 0.4283854166666667 0.285400390625 0.4283854166666667 0.385498046875 0.5348307291666666 0.385498046875
22 0.6608072916666666 0.30126953125000006 0.5231119791666666 0.30126953125 0.5231119791666666 0.38549804687500006 0.6608072916666666 0.3854980468750001
6 0.2402343750000001 0.583740234375 0.09407552083333344 0.583740234375 0.09407552083333344 0.7060546875 0.24023437500000014 0.7060546875
15 0.45410156250000017 0.62939453125 0.2923177083333334 0.62939453125 0.2923177083333334 0.755859375 0.45410156250000017 0.755859375
28 0.9254557291666666 0.5244140625 0.8076171875 0.5244140625 0.8076171875 0.64453125 0.9254557291666666 0.64453125
28 0.923828125 0.4169921875000001 0.7991536458333334 0.4169921875000001 0.7991536458333334 0.527587890625 0.923828125 0.527587890625
28 0.7779947916666666 0.4138183593750001 0.6448567708333334 0.4138183593750001 0.6448567708333334 0.509521484375 0.7779947916666666 0.509521484375
5 0.5162760416666669 0.541259765625 0.37597656250000017 0.541259765625 0.37597656250000017 0.631591796875 0.5162760416666669 0.631591796875
33 0.36914062500000017 0.5380859375 0.21451822916666674 0.5380859375 0.21451822916666674 0.642333984375 0.36914062500000017 0.642333984375
0 0.6012369791666666 0.22070312500000006 0.49609375 0.22070312500000006 0.49609375 0.306884765625 0.6012369791666666 0.306884765625
9 0.7399088541666666 0.23242187500000006 0.6220703125 0.23242187500000006 0.6220703125 0.3334960937500001 0.7399088541666666 0.3334960937500001
1 0.4287109375 0.23022460937500003 0.28678385416666674 0.230224609375 0.28678385416666674 0.328125 0.4287109375 0.328125
27 0.5498046875000001 0.4765625 0.40917968750000017 0.4765625 0.40917968750000017 0.562744140625 0.5498046875000001 0.562744140625
8 0.5504557291666667 0.396484375 0.4055989583333333 0.396484375 0.4055989583333334 0.494384765625 0.5504557291666669 0.494384765625
16 0.3352864583333334 0.395751953125 0.2073567708333334 0.395751953125 0.2073567708333334 0.51171875 0.3352864583333335 0.51171875
32 0.6848958333333334 0.47436523437500006 0.5556640625000001 0.474365234375 0.5556640625000001 0.593505859375 0.6848958333333334 0.593505859375
22 0.8929036458333334 0.77783203125 0.7594401041666666 0.77783203125 0.7594401041666666 0.9033203125 0.8929036458333334 0.9033203125
20 0.3450520833333333 0.2958984375 0.21582031250000008 0.2958984375 0.21582031250000008 0.393798828125 0.3450520833333333 0.393798828125
32 0.419921875 0.3310546875 0.29101562500000006 0.3310546875 0.29101562500000006 0.43212890625 0.419921875 0.43212890625
3 0.5872395833333335 0.683349609375 0.4195963541666668 0.683349609375 0.4195963541666668 0.81005859375 0.5872395833333335 0.81005859375
20 0.6510416666666666 0.08422851562500006 0.5061848958333334 0.08422851562500006 0.5061848958333334 0.19946289062500006 0.6510416666666666 0.19946289062500006
4 0.30436197916666674 0.24023437500000003 0.14453125000000003 0.240234375 0.14453125000000006 0.350830078125 0.30436197916666674 0.350830078125
0 0.501953125 0.18310546875000006 0.3515625 0.18310546875000006 0.3515625 0.292724609375 0.501953125 0.292724609375
3 0.2688802083333334 0.350830078125 0.11881510416666674 0.350830078125 0.11881510416666674 0.4658203125 0.2688802083333334 0.4658203125
15 0.2444661458333334 0.459716796875 0.07812500000000007 0.459716796875 0.07812500000000008 0.57861328125 0.2444661458333334 0.57861328125
10 0.40527343750000017 0.730712890625 0.22363281250000014 0.730712890625 0.22363281250000014 0.866455078125 0.40527343750000017 0.866455078125
32 0.8326822916666666 0.614990234375 0.6582031250000001 0.614990234375 0.6582031250000001 0.735107421875 0.8326822916666666 0.735107421875
21 0.6529947916666669 0.572265625 0.48632812500000017 0.572265625 0.48632812500000017 0.69921875 0.6529947916666669 0.69921875
14 0.8824869791666666 0.3015136718750001 0.7464192708333334 0.3015136718750001 0.7464192708333334 0.4167480468750001 0.8824869791666666 0.4167480468750001
13 0.7522786458333334 0.3222656250000001 0.642578125 0.3222656250000001 0.642578125 0.4296875000000001 0.7522786458333334 0.4296875000000001
8 0.6500651041666667 0.38061523437500006 0.5364583333333334 0.380615234375 0.5364583333333334 0.47949218750000006 0.6500651041666669 0.4794921875000001
3 0.41992187500000006 0.439453125 0.2659505208333334 0.439453125 0.2659505208333334 0.560791015625 0.41992187500000017 0.560791015625
30 0.4615885416666667 0.06591796875000004 0.3264973958333333 0.06591796875000003 0.3264973958333333 0.16333007812500006 0.4615885416666667 0.16333007812500006