26 0.24023437500000008 0.528564453125 0.08138020833333343 0.528564453125 0.08138020833333344 0.64013671875 0.24023437500000008 0.64013671875
6 0.4879557291666668 0.5380859375 0.35742187500000017 0.5380859375 0.35742187500000017 0.65087890625 0.4879557291666668 0.65087890625
27 0.6621093750000001 0.55810546875 0.5104166666666669 0.55810546875 0.5104166666666669 0.662353515625 0.6621093750000001 0.662353515625
21 0.6393229166666669 0.64208984375 0.5159505208333335 0.64208984375 0.5159505208333335 0.76220703125 0.6393229166666669 0.76220703125
5 0.5348307291666669 0.75244140625 0.36328125000000017 0.75244140625 0.36328125000000017 0.875732421875 0.5348307291666669 0.875732421875
15 0.5192057291666669 0.64208984375 0.3899739583333335 0.64208984375 0.3899739583333335 0.7548828125 0.5192057291666669 0.7548828125
8 0.6705729166666666 0.36596679687500006 0.52734375 0.365966796875 0.5273437500000001 0.49145507812500006 0.6705729166666666 0.4914550781250001
24 0.8430989583333334 0.3618164062500001 0.7083333333333334 0.3618164062500001 0.7083333333333334 0.4724121093750001 0.8430989583333334 0.4724121093750001
28 0.9778645833333334 0.3789062500000001 0.830078125 0.3789062500000001 0.830078125 0.4882812500000001 0.9778645833333334 0.4882812500000001
28 0.9606119791666666 0.2727050781250001 0.8427734375 0.2727050781250001 0.8427734375 0.3759765625000001 0.9606119791666666 0.3759765625000001
14 0.857421875 0.20141601562500006 0.7565104166666666 0.20141601562500006 0.7565104166666666 0.2983398437500001 0.857421875 0.2983398437500001
10 0.44694010416666674 0.453125 0.30240885416666674 0.453125 0.30240885416666674 0.558349609375 0.4469401041666668 0.558349609375
21 0.2757161458333334 0.414794921875 0.11979166666666674 0.414794921875 0.11979166666666674 0.5126953125 0.2757161458333334 0.5126953125
10 0.40039062500000017 0.791748046875 0.21582031250000014 0.791748046875 0.21582031250000014 0.924560546875 0.40039062500000017 0.924560546875
5 0.3961588541666668 0.56982421875 0.24707031250000008 0.56982421875 0.2470703125000001 0.680419921875 0.3961588541666668 0.680419921875
5 0.32682291666666674 0.480712890625 0.20605468750000008 0.480712890625 0.20605468750000008 0.581787109375 0.32682291666666674 0.581787109375
33 0.37890625 0.35546875 0.23990885416666674 0.35546875 0.23990885416666674 0.44580078125 0.37890625 0.44580078125
1 0.3733723958333333 0.266357421875 0.23437500000000008 0.266357421875 0.23437500000000008 0.363037109375 0.3733723958333333 0.363037109375
0 0.5263671875 0.273681640625 0.3942057291666667 0.273681640625 0.3942057291666667 0.362060546875 0.5263671875 0.362060546875
0 0.671875 0.13256835937500006 0.5260416666666666 0.13256835937500006 0.5260416666666666 0.23681640625000006 0.671875 0.23681640625000006
9 0.7867838541666666 0.11035156250000007 0.6575520833333334 0.11035156250000006 0.6575520833333334 0.21655273437500006 0.7867838541666666 0.21655273437500006
28 0.8277994791666666 0.2980957031250001 0.6930338541666666 0.2980957031250001 0.6930338541666666 0.3737792968750001 0.8277994791666666 0.3737792968750001
8 0.6110026041666669 0.45629882812500006 0.4720052083333335 0.456298828125 0.4720052083333335 0.556396484375 0.6110026041666669 0.556396484375
14 0.5530598958333334 0.406494140625 0.3984375 0.406494140625 0.39843750000000006 0.50439453125 0.5530598958333335 0.50439453125
32 0.7369791666666666 0.48925781250000006 0.5869140625000001 0.4892578125 0.5869140625000001 0.60205078125 0.7369791666666666 0.60205078125
32 0.8629557291666666 0.560302734375 0.7141927083333334 0.560302734375 0.7141927083333334 0.654052734375 0.8629557291666666 0.654052734375
22 0.7454427083333334 0.619873046875 0.6250000000000001 0.619873046875 0.6250000000000001 0.740966796875 0.7454427083333334 0.740966796875
13 0.7610677083333334 0.20581054687500006 0.6432291666666666 0.20581054687500006 0.6432291666666666 0.3154296875000001 0.7610677083333334 0.3154296875000001
20 0.6875 0.004150390625000056 0.5413411458333334 0.00415039062500005 0.5413411458333334 0.08178710937500006 0.6875 0.08178710937500006
22 0.6663411458333334 0.26635742187500006 0.5345052083333334 0.266357421875 0.5345052083333334 0.37915039062500006 0.6663411458333334 0.3791503906250001