24 0.5724826388888888 0.3868371212121213 0.4969618055555556 0.3868371212121213 0.4969618055555556 0.5208333333333336 0.5724826388888888 0.5208333333333336
6 0.7165798611111112 0.31960227272727293 0.6319444444444444 0.31960227272727293 0.6319444444444444 0.4678030303030305 0.7165798611111112 0.4678030303030305
18 0.5735677083333334 0.22395833333333348 0.4924045138888889 0.22395833333333345 0.4924045138888889 0.3887310606060607 0.5735677083333334 0.3887310606060607
15 0.7096354166666666 0.056818181818182 0.6302083333333334 0.05681818181818199 0.6302083333333334 0.2353219696969699 0.7096354166666666 0.23532196969696992
19 0.69921875 0.20028409090909108 0.6124131944444444 0.20028409090909108 0.6124131944444444 0.37452651515151536 0.69921875 0.37452651515151536
28 0.7456597222222222 0.45928030303030326 0.6569010416666666 0.45928030303030326 0.6569010416666666 0.6240530303030305 0.7456597222222222 0.6240530303030305
29 0.443359375 0.5080492424242425 0.3901909722222222 0.5080492424242424 0.3901909722222222 0.6642992424242425 0.443359375 0.6642992424242427
12 0.8122829861111112 0.23768939393939414 0.7061631944444444 0.23768939393939414 0.7061631944444444 0.4109848484848487 0.8122829861111112 0.4109848484848487
10 0.5848524305555556 0.8617424242424244 0.5010850694444444 0.8617424242424244 0.5010850694444444 1 0.5848524305555556 1
33 0.5243055555555556 0.7566287878787881 0.4483506944444444 0.7566287878787881 0.4483506944444444 0.9266098484848487 0.5243055555555556 0.9266098484848487
26 0.4314236111111111 0.6557765151515152 0.3648003472222222 0.6557765151515151 0.3648003472222222 0.8309659090909092 0.4314236111111111 0.8309659090909093
2 0.4973958333333333 0.6212121212121214 0.4166666666666667 0.6212121212121214 0.4166666666666667 0.8143939393939396 0.4973958333333333 0.8143939393939396
30 0.5965711805555556 0.5213068181818183 0.5115017361111112 0.5213068181818183 0.5115017361111112 0.68844696969697 0.5965711805555556 0.68844696969697
31 0.5084635416666666 0.481534090909091 0.4470486111111111 0.481534090909091 0.4470486111111111 0.6524621212121214 0.5084635416666666 0.6524621212121214
29 0.4366319444444444 0.3115530303030304 0.3628472222222222 0.3115530303030304 0.3628472222222222 0.5047348484848486 0.4366319444444444 0.5047348484848487
33 0.3949652777777778 0.40198863636363646 0.3142361111111111 0.40198863636363646 0.3142361111111111 0.5714962121212122 0.3949652777777778 0.5714962121212122
29 0.4858940972222222 0.16714015151515163 0.4014756944444444 0.16714015151515163 0.4014756944444444 0.3475378787878789 0.4858940972222222 0.3475378787878789
8 0.5082465277777778 0.3087121212121213 0.4259982638888889 0.3087121212121213 0.4259982638888889 0.4900568181818184 0.5082465277777778 0.4900568181818184
14 0.5503472222222222 0.1344696969696971 0.4678819444444444 0.13446969696969707 0.4678819444444444 0.30113636363636376 0.5503472222222222 0.30113636363636376
18 0.6395399305555556 0.14157196969696986 0.5546875 0.14157196969696986 0.5546875 0.3177083333333335 0.6395399305555556 0.31770833333333354
4 0.6488715277777778 1.632282547158996e-16 0.5729166666666666 1.5308084989341916e-16 0.5729166666666666 0.16193181818181834 0.6488715277777778 0.16193181818181834
12 0.7037760416666666 0.5748106060606063 0.6174045138888888 0.5748106060606063 0.6174045138888888 0.7575757575757578 0.7037760416666666 0.7575757575757578
22 0.6315104166666666 0.6316287878787881 0.5444878472222222 0.6316287878787881 0.5444878472222222 0.81344696969697 0.6315104166666666 0.81344696969697
7 0.5546875 0.6216856060606063 0.4800347222222222 0.6216856060606063 0.4800347222222222 0.8049242424242427 0.5546875 0.8049242424242427
23 0.6514756944444444 0.4109848484848486 0.568359375 0.4109848484848486 0.568359375 0.5942234848484851 0.6514756944444444 0.5942234848484851