24 0.6521267361111112 0.3172348484848486 0.5983072916666666 0.3172348484848486 0.5983072916666666 0.4862689393939396 0.6521267361111112 0.4862689393939396
29 0.5423177083333334 0.3087121212121213 0.4585503472222222 0.3087121212121213 0.4585503472222222 0.44554924242424254 0.5423177083333334 0.44554924242424254
29 0.4390190972222222 0.6889204545454547 0.3543836805555556 0.6889204545454546 0.3543836805555556 0.8551136363636365 0.4390190972222222 0.8551136363636366
18 0.6770833333333334 0.1330492424242426 0.5950520833333334 0.1330492424242426 0.5950520833333334 0.3243371212121214 0.6770833333333334 0.32433712121212144
30 0.7983940972222222 0.033143939393939593 0.7176649305555556 0.03314393939393958 0.7176649305555556 0.18655303030303053 0.7983940972222222 0.18655303030303053
2 0.6328125 0.7504734848484851 0.5481770833333334 0.7504734848484851 0.5481770833333334 0.9147727272727275 0.6328125 0.9147727272727275
7 0.7074652777777778 0.7817234848484851 0.6360677083333334 0.7817234848484851 0.6360677083333334 0.9446022727272729 0.7074652777777778 0.9446022727272729
28 0.7052951388888888 0.6581439393939396 0.62890625 0.6581439393939396 0.62890625 0.8044507575757578 0.7052951388888888 0.8044507575757578
24 0.5998263888888888 0.6003787878787881 0.5431857638888888 0.6003787878787881 0.5431857638888888 0.7561553030303032 0.5998263888888888 0.7561553030303032
23 0.6655815972222222 0.5767045454545456 0.5883246527777778 0.5767045454545456 0.5883246527777778 0.7026515151515154 0.6655815972222222 0.7026515151515154
31 0.5523003472222222 0.5137310606060608 0.4884982638888889 0.5137310606060608 0.4884982638888889 0.6875000000000002 0.5523003472222222 0.6875000000000002
29 0.4969618055555556 0.4313446969696971 0.4444444444444444 0.4313446969696971 0.4444444444444444 0.6017992424242427 0.4969618055555556 0.6017992424242427
8 0.5967881944444444 0.3555871212121213 0.5390625 0.3555871212121213 0.5390625 0.5260416666666669 0.5967881944444444 0.5260416666666669
14 0.5863715277777778 0.1060606060606062 0.5032552083333334 0.10606060606060619 0.5032552083333334 0.2907196969696971 0.5863715277777778 0.2907196969696971
6 0.7326388888888888 0.20549242424242442 0.6712239583333334 0.2054924242424244 0.6712239583333334 0.37831439393939414 0.7326388888888888 0.37831439393939414
4 0.7237413194444444 0.02604166666666685 0.6592881944444444 0.02604166666666684 0.6592881944444444 0.21070075757575776 0.7237413194444444 0.2107007575757578
19 0.8001302083333334 0.2916666666666669 0.7120225694444444 0.2916666666666669 0.7120225694444444 0.4706439393939396 0.8001302083333334 0.4706439393939396
15 0.8324652777777778 0.44081439393939414 0.7432725694444444 0.44081439393939414 0.7432725694444444 0.5890151515151517 0.8324652777777778 0.5890151515151517
18 0.8001302083333334 0.5596590909090912 0.7163628472222222 0.5596590909090912 0.7163628472222222 0.7414772727272729 0.8001302083333334 0.7414772727272729
11 0.7992621527777778 0.7135416666666669 0.7150607638888888 0.7135416666666669 0.7150607638888888 0.8797348484848487 0.7992621527777778 0.8797348484848487
2 0.7430555555555556 0.5104166666666669 0.6638454861111112 0.5104166666666669 0.6638454861111112 0.6434659090909093 0.7430555555555556 0.6434659090909093
19 0.6705729166666666 0.4715909090909092 0.595703125 0.47159090909090917 0.595703125 0.5932765151515154 0.6705729166666666 0.5932765151515154
7 0.7241753472222222 0.3707386363636366 0.6558159722222222 0.3707386363636366 0.6558159722222222 0.5378787878787881 0.7241753472222222 0.5378787878787881
33 0.3869357638888889 0.1515151515151516 0.2955729166666667 0.15151515151515157 0.2955729166666667 0.3593750000000001 0.3869357638888889 0.3593750000000001
26 0.5501302083333334 0.7064393939393941 0.4874131944444444 0.7064393939393941 0.4874131944444444 0.884943181818182 0.5501302083333334 0.884943181818182