25 0.48535156250000017 0.544921875 0.3050130208333334 0.544921875 0.3050130208333334 0.68408203125 0.48535156250000017 0.68408203125
8 0.8037109375 0.4997558593750001 0.6546223958333335 0.4997558593750001 0.6546223958333335 0.61474609375 0.8037109375 0.61474609375
24 0.6259765625 0.23217773437500006 0.4625651041666667 0.23217773437500006 0.4625651041666667 0.35693359375000006 0.6259765625 0.3569335937500001
14 0.6575520833333334 0.33422851562500006 0.484375 0.334228515625 0.48437500000000006 0.45800781250000006 0.6575520833333335 0.4580078125000001
14 0.35644531250000006 0.396240234375 0.18554687500000008 0.396240234375 0.18554687500000008 0.50341796875 0.35644531250000017 0.50341796875
16 0.4163411458333335 0.466552734375 0.23828125000000008 0.466552734375 0.23828125000000008 0.5732421875 0.4163411458333335 0.5732421875
10 0.3655598958333333 0.320068359375 0.19628906250000008 0.320068359375 0.19628906250000008 0.415283203125 0.3655598958333333 0.415283203125
9 0.5416666666666666 0.27294921875 0.3684895833333333 0.27294921875 0.3684895833333333 0.392822265625 0.5416666666666666 0.392822265625
15 0.49511718750000006 0.358642578125 0.3349609375 0.358642578125 0.33496093750000006 0.476806640625 0.49511718750000017 0.476806640625
27 0.5729166666666669 0.486083984375 0.39843750000000017 0.486083984375 0.39843750000000017 0.617431640625 0.5729166666666669 0.617431640625
5 0.6022135416666669 0.632080078125 0.4114583333333335 0.632080078125 0.4114583333333335 0.7685546875 0.6022135416666669 0.7685546875
0 0.6712239583333334 0.739013671875 0.4742838541666668 0.739013671875 0.4742838541666668 0.86572265625 0.6712239583333334 0.86572265625
28 0.4469401041666668 0.7109375 0.2994791666666668 0.7109375 0.2994791666666668 0.849365234375 0.4469401041666668 0.849365234375
20 0.75390625 0.609619140625 0.5895182291666669 0.609619140625 0.5895182291666669 0.75439453125 0.75390625 0.75439453125
27 0.7086588541666666 0.44580078125000006 0.5517578125 0.44580078125 0.5517578125000001 0.584716796875 0.7086588541666666 0.584716796875
15 0.5039062500000001 0.3505859375 0.3388671875 0.3505859375 0.33886718750000006 0.495361328125 0.5039062500000001 0.495361328125
20 0.6178385416666667 0.40576171875000006 0.4270833333333333 0.40576171875 0.4270833333333334 0.535888671875 0.6178385416666669 0.535888671875
28 0.8059895833333334 0.3784179687500001 0.6370442708333334 0.3784179687500001 0.6370442708333334 0.506591796875 0.8059895833333334 0.506591796875
32 0.9261067708333334 0.568115234375 0.7356770833333334 0.568115234375 0.7356770833333334 0.70068359375 0.9261067708333334 0.70068359375
4 0.3831380208333333 0.23168945312500003 0.2054036458333334 0.231689453125 0.2054036458333334 0.335693359375 0.3831380208333333 0.335693359375
22 0.763671875 0.28540039062500006 0.5804036458333334 0.285400390625 0.5804036458333334 0.42260742187500006 0.763671875 0.4226074218750001
3 0.4710286458333333 0.17456054687500006 0.3079427083333333 0.17456054687500006 0.30794270833333337 0.293701171875 0.4710286458333333 0.293701171875
32 0.6722005208333334 0.5517578125 0.49902343750000017 0.5517578125 0.49902343750000017 0.693359375 0.6722005208333334 0.693359375