25 0.4114583333333333 0.3143939393939395 0.3532986111111111 0.3143939393939395 0.3532986111111111 0.4081439393939395 0.4114583333333333 0.4081439393939395
26 0.5588107638888888 0.24905303030303041 0.4871961805555556 0.24905303030303041 0.4871961805555556 0.3740530303030304 0.5588107638888888 0.3740530303030304
26 0.4670138888888889 0.0984848484848486 0.3919270833333333 0.09848484848484859 0.3919270833333333 0.256628787878788 0.4670138888888889 0.256628787878788
33 0.4602864583333333 0.20028409090909102 0.3741319444444444 0.20028409090909102 0.3741319444444444 0.35511363636363646 0.4602864583333333 0.35511363636363646
26 0.6085069444444444 0.29214015151515166 0.525390625 0.2921401515151516 0.525390625 0.4758522727272729 0.6085069444444444 0.47585227272727293
23 0.5360243055555556 0.39346590909090917 0.466796875 0.39346590909090917 0.466796875 0.5113636363636366 0.5360243055555556 0.5113636363636366
2 0.4989149305555556 0.49810606060606083 0.4253472222222222 0.49810606060606083 0.4253472222222222 0.6169507575757578 0.4989149305555556 0.6169507575757578
2 0.5475260416666666 0.5762310606060608 0.4796006944444444 0.5762310606060608 0.4796006944444444 0.7187500000000002 0.5475260416666666 0.7187500000000002
7 0.599609375 0.6927083333333336 0.5349392361111112 0.6927083333333336 0.5349392361111112 0.8508522727272729 0.599609375 0.8508522727272729
33 0.6354166666666666 0.6055871212121214 0.5651041666666666 0.6055871212121214 0.5651041666666666 0.7883522727272729 0.6354166666666666 0.7883522727272729
14 0.5889756944444444 0.8484848484848487 0.5223524305555556 0.8484848484848487 0.5223524305555556 0.9659090909090912 0.5889756944444444 0.9659090909090912
31 0.5225694444444444 0.8660037878787881 0.4539930555555556 0.8660037878787881 0.4539930555555556 0.9734848484848485 0.5225694444444444 0.9734848484848485
18 0.44140625000000006 0.831439393939394 0.3684895833333333 0.8314393939393939 0.36848958333333337 0.9995265151515151 0.4414062500000001 0.9995265151515151
6 0.3810763888888889 0.5260416666666666 0.3203125 0.5260416666666666 0.3203125 0.6922348484848485 0.3810763888888889 0.6922348484848485
7 0.4383680555555556 0.6344696969696971 0.3595920138888889 0.634469696969697 0.3595920138888889 0.7604166666666667 0.4383680555555556 0.7604166666666669
2 0.2921006944444444 0.6960227272727273 0.23958333333333334 0.6960227272727273 0.23958333333333334 0.8428030303030303 0.2921006944444444 0.8428030303030303
28 0.2513020833333333 0.3882575757575758 0.1892361111111111 0.38825757575757575 0.18923611111111113 0.5487689393939394 0.2513020833333333 0.5487689393939394
18 0.3029513888888889 0.4147727272727274 0.24717881944444445 0.4147727272727274 0.24717881944444445 0.5658143939393939 0.3029513888888889 0.5658143939393939
15 0.2921006944444444 0.28929924242424254 0.244140625 0.28929924242424254 0.244140625 0.42613636363636376 0.2921006944444444 0.42613636363636376
0 0.3114149305555556 0.15577651515151522 0.2495659722222222 0.1557765151515152 0.2495659722222222 0.2888257575757577 0.3114149305555556 0.2888257575757577
13 0.3539496527777778 0.2585227272727274 0.2905815972222222 0.2585227272727274 0.2905815972222222 0.37073863636363646 0.3539496527777778 0.37073863636363646
23 0.3539496527777778 0.36174242424242437 0.2918836805555556 0.36174242424242437 0.2918836805555556 0.4540719696969698 0.3539496527777778 0.4540719696969698
6 0.3969184027777778 0.7509469696969697 0.3287760416666667 0.7509469696969697 0.3287760416666667 0.875 0.3969184027777778 0.875
24 0.33810763888888895 0.8053977272727273 0.267578125 0.8053977272727273 0.26757812500000006 0.9772727272727273 0.338107638888889 0.9772727272727273
19 0.3630642361111111 0.44365530303030315 0.2983940972222222 0.44365530303030315 0.2983940972222222 0.553030303030303 0.3630642361111111 0.553030303030303
10 0.3387586805555556 0.6358901515151515 0.2840711805555556 0.6358901515151515 0.2840711805555556 0.7892992424242424 0.3387586805555556 0.7892992424242424
19 0.4672309027777778 0.7329545454545455 0.3977864583333333 0.7329545454545454 0.3977864583333333 0.8508522727272728 0.4672309027777778 0.8508522727272729
33 0.4242621527777778 0.38825757575757586 0.3576388888888889 0.38825757575757586 0.3576388888888889 0.5071022727272728 0.4242621527777778 0.5071022727272729
9 0.3674045138888889 0.07481060606060616 0.30078125 0.07481060606060615 0.30078125 0.1856060606060607 0.3674045138888889 0.18560606060606072
17 0.4253472222222222 0.020359848484848588 0.3589409722222222 0.020359848484848578 0.3589409722222222 0.16714015151515163 0.4253472222222222 0.16714015151515163
12 0.3120659722222222 0.028882575757575833 0.2580295138888889 0.028882575757575826 0.2580295138888889 0.17471590909090917 0.3120659722222222 0.1747159090909092
30 0.3936631944444444 0.16950757575757586 0.3263888888888889 0.16950757575757586 0.3263888888888889 0.294034090909091 0.3936631944444444 0.294034090909091
21 0.5049913194444444 0.2750946969696971 0.4437934027777778 0.2750946969696971 0.4437934027777778 0.42471590909090917 0.5049913194444444 0.42471590909090917
12 0.4702690972222222 0.3560606060606062 0.4171006944444444 0.3560606060606062 0.4171006944444444 0.5113636363636366 0.4702690972222222 0.5113636363636366
29 0.5837673611111112 0.44365530303030315 0.4965277777777778 0.44365530303030315 0.4965277777777778 0.6178977272727275 0.5837673611111112 0.6178977272727275
29 0.6139322916666666 0.5094696969696972 0.5364583333333334 0.5094696969696972 0.5364583333333334 0.6642992424242427 0.6139322916666666 0.6642992424242427
29 0.6399739583333334 0.36884469696969713 0.5570746527777778 0.3688446969696971 0.5570746527777778 0.5284090909090912 0.6399739583333334 0.5284090909090912
30 0.4403211805555556 0.5037878787878789 0.3832465277777778 0.5037878787878788 0.3832465277777778 0.6463068181818183 0.4403211805555556 0.6463068181818183
11 0.5167100694444444 0.17234848484848497 0.4461805555555556 0.17234848484848495 0.4461805555555556 0.2954545454545456 0.5167100694444444 0.2954545454545456
22 0.322265625 0.5350378787878788 0.24305555555555555 0.5350378787878788 0.24305555555555555 0.681344696969697 0.322265625 0.681344696969697
24 0.4817708333333333 0.5956439393939396 0.4329427083333333 0.5956439393939396 0.4329427083333333 0.7490530303030305 0.4817708333333333 0.7490530303030305
11 0.5403645833333334 0.6841856060606063 0.4613715277777778 0.6841856060606063 0.4613715277777778 0.841382575757576 0.5403645833333334 0.841382575757576
4 0.22265625000000006 0.7447916666666666 0.13997395833333337 0.7447916666666666 0.13997395833333337 0.8982007575757576 0.2226562500000001 0.8982007575757576
6 0.40147569444444453 0.8892045454545454 0.3025173611111112 0.8892045454545454 0.3025173611111112 0.9990530303030303 0.40147569444444453 0.9990530303030303