23 0.7890625 0.7713068181818183 0.7224392361111112 0.7713068181818183 0.7224392361111112 0.9285037878787881 0.7890625 0.9285037878787881
33 0.7886284722222222 0.6519886363636366 0.7109375 0.6519886363636366 0.7109375 0.7992424242424244 0.7886284722222222 0.7992424242424244
22 0.8721788194444444 0.34706439393939414 0.7975260416666666 0.34706439393939414 0.7975260416666666 0.5113636363636366 0.8721788194444444 0.5113636363636366
18 0.7825520833333334 0.3858901515151517 0.7048611111111112 0.3858901515151517 0.7048611111111112 0.5459280303030305 0.7825520833333334 0.5459280303030305
19 0.7619357638888888 0.27367424242424265 0.6864149305555556 0.27367424242424265 0.6864149305555556 0.43892045454545475 0.7619357638888888 0.43892045454545475
12 0.7037760416666666 0.509943181818182 0.630859375 0.509943181818182 0.630859375 0.6358901515151517 0.7037760416666666 0.6358901515151517
10 0.7100694444444444 0.6202651515151517 0.6319444444444444 0.6202651515151517 0.6319444444444444 0.769412878787879 0.7100694444444444 0.769412878787879
11 0.6794704861111112 0.7159090909090912 0.6067708333333334 0.7159090909090912 0.6067708333333334 0.8816287878787881 0.6794704861111112 0.8816287878787881
2 0.6297743055555556 0.6690340909090912 0.5564236111111112 0.6690340909090912 0.5564236111111112 0.841382575757576 0.6297743055555556 0.841382575757576
26 0.5483940972222222 0.6605113636363639 0.4789496527777778 0.6605113636363639 0.4789496527777778 0.8285984848484851 0.5483940972222222 0.8285984848484851
24 0.5915798611111112 0.5795454545454548 0.5164930555555556 0.5795454545454548 0.5164930555555556 0.7376893939393941 0.5915798611111112 0.7376893939393941
23 0.6451822916666666 0.5383522727272729 0.572265625 0.5383522727272729 0.572265625 0.7064393939393941 0.6451822916666666 0.7064393939393941
31 0.5099826388888888 0.5440340909090912 0.44921875 0.5440340909090912 0.44921875 0.7017045454545456 0.5099826388888888 0.7017045454545456
19 0.5703125 0.48863636363636387 0.4950086805555556 0.48863636363636387 0.4950086805555556 0.64157196969697 0.5703125 0.64157196969697
29 0.4520399305555556 0.5553977272727274 0.3773871527777778 0.5553977272727273 0.3773871527777778 0.7107007575757577 0.4520399305555556 0.7107007575757578
29 0.4351128472222222 0.4000946969696971 0.3606770833333333 0.4000946969696971 0.3606770833333333 0.5525568181818183 0.4351128472222222 0.5525568181818183
29 0.46875 0.3143939393939395 0.3953993055555556 0.3143939393939395 0.3953993055555556 0.4616477272727274 0.46875 0.4616477272727274
14 0.5447048611111112 0.2608901515151516 0.470703125 0.2608901515151516 0.470703125 0.4289772727272728 0.5447048611111112 0.4289772727272728
33 0.3663194444444444 0.4427083333333334 0.2877604166666667 0.4427083333333334 0.2877604166666667 0.5928030303030303 0.3663194444444444 0.5928030303030303
7 0.6391059027777778 0.3764204545454547 0.57421875 0.37642045454545464 0.57421875 0.5449810606060608 0.6391059027777778 0.5449810606060608
12 0.7085503472222222 0.4081439393939396 0.6345486111111112 0.4081439393939396 0.6345486111111112 0.5355113636363639 0.7085503472222222 0.5355113636363639
2 0.6983506944444444 0.26893939393939414 0.6373697916666666 0.26893939393939414 0.6373697916666666 0.42613636363636387 0.6983506944444444 0.42613636363636387
6 0.6521267361111112 0.23910984848484865 0.5902777777777778 0.23910984848484865 0.5902777777777778 0.40293560606060624 0.6521267361111112 0.4029356060606063
15 0.7052951388888888 0.016571969696969877 0.6254340277777778 0.016571969696969866 0.6254340277777778 0.17329545454545472 0.7052951388888888 0.17329545454545475
30 0.7013888888888888 0.14630681818181834 0.6245659722222222 0.14630681818181834 0.6245659722222222 0.2836174242424245 0.7013888888888888 0.2836174242424245
4 0.6302083333333334 0.08712121212121227 0.5512152777777778 0.08712121212121225 0.5512152777777778 0.2495265151515153 0.6302083333333334 0.24952651515151536
18 0.6032986111111112 0.2249053030303032 0.5407986111111112 0.2249053030303032 0.5407986111111112 0.3896780303030304 0.6032986111111112 0.3896780303030304
8 0.5065104166666666 0.42424242424242437 0.4331597222222222 0.42424242424242437 0.4331597222222222 0.5686553030303032 0.5065104166666666 0.5686553030303032
6 0.5737847222222222 0.36268939393939403 0.4976128472222222 0.36268939393939403 0.4976128472222222 0.5189393939393941 0.5737847222222222 0.5189393939393941