8 0.28417968750000006 0.455322265625 0.14518229166666674 0.455322265625 0.14518229166666677 0.575439453125 0.28417968750000006 0.575439453125
10 0.5403645833333335 0.55615234375 0.3785807291666668 0.55615234375 0.3785807291666668 0.647705078125 0.5403645833333335 0.647705078125
14 0.9153645833333334 0.3234863281250001 0.7708333333333334 0.3234863281250001 0.7708333333333334 0.4343261718750001 0.9153645833333334 0.4343261718750001
9 0.2799479166666668 0.656982421875 0.14225260416666677 0.656982421875 0.1422526041666668 0.79736328125 0.2799479166666668 0.79736328125
32 0.451171875 0.309814453125 0.31640625000000006 0.309814453125 0.31640625000000006 0.429931640625 0.451171875 0.429931640625
3 0.5332031250000001 0.4384765625 0.4153645833333333 0.4384765625 0.4153645833333334 0.56298828125 0.5332031250000001 0.56298828125
15 0.2620442708333334 0.2275390625 0.10546875000000004 0.2275390625 0.10546875000000004 0.338134765625 0.2620442708333334 0.338134765625
5 0.28385416666666674 0.304443359375 0.1295572916666667 0.304443359375 0.1295572916666667 0.425537109375 0.28385416666666674 0.425537109375
20 0.40039062500000006 0.363525390625 0.2366536458333334 0.363525390625 0.2366536458333334 0.478759765625 0.40039062500000017 0.478759765625
30 0.43066406250000017 0.469970703125 0.25488281250000006 0.469970703125 0.25488281250000006 0.570068359375 0.43066406250000017 0.570068359375
16 0.3893229166666668 0.53955078125 0.2200520833333334 0.53955078125 0.2200520833333334 0.64892578125 0.3893229166666668 0.64892578125
15 0.43359375000000017 0.63916015625 0.30436197916666674 0.63916015625 0.3043619791666668 0.758056640625 0.43359375000000017 0.758056640625
3 0.5361328125000001 0.725830078125 0.3580729166666668 0.725830078125 0.3580729166666668 0.843017578125 0.5361328125000001 0.843017578125
25 0.6097005208333335 0.7998046875 0.4319661458333335 0.7998046875 0.4319661458333335 0.925048828125 0.6097005208333335 0.925048828125
5 0.7112630208333334 0.66845703125 0.5651041666666669 0.66845703125 0.5651041666666669 0.792724609375 0.7112630208333334 0.792724609375
9 0.67578125 0.572509765625 0.5126953125000001 0.572509765625 0.5126953125000001 0.673583984375 0.67578125 0.673583984375
27 0.8225911458333334 0.576904296875 0.6578776041666669 0.576904296875 0.6578776041666669 0.71142578125 0.8225911458333334 0.71142578125
28 0.669921875 0.48535156250000006 0.5221354166666669 0.4853515625 0.5221354166666669 0.576416015625 0.669921875 0.576416015625
12 0.6100260416666667 0.37036132812500006 0.4791666666666667 0.370361328125 0.47916666666666674 0.48876953125000006 0.6100260416666669 0.4887695312500001
27 0.7587890625 0.40063476562500006 0.6041666666666666 0.400634765625 0.6041666666666667 0.52001953125 0.7587890625 0.52001953125
16 0.8323567708333334 0.4704589843750001 0.66796875 0.4704589843750001 0.66796875 0.589599609375 0.8323567708333334 0.589599609375
28 0.9612630208333334 0.52734375 0.7874348958333334 0.52734375 0.7874348958333334 0.6337890625 0.9612630208333334 0.6337890625
25 0.806640625 0.3454589843750001 0.6507161458333334 0.3454589843750001 0.6507161458333334 0.4567871093750001 0.806640625 0.4567871093750001
20 0.6490885416666666 0.24438476562500006 0.4957682291666667 0.24438476562500006 0.4957682291666667 0.35864257812500006 0.6490885416666666 0.3586425781250001
1 0.6988932291666666 0.19555664062500006 0.5611979166666666 0.19555664062500006 0.5611979166666666 0.30664062500000006 0.6988932291666666 0.3066406250000001
28 0.7939453125 0.2517089843750001 0.666015625 0.2517089843750001 0.666015625 0.3635253906250001 0.7939453125 0.3635253906250001
16 0.5576171875 0.27587890625 0.3994140625 0.27587890625 0.3994140625 0.399658203125 0.5576171875 0.399658203125