8 0.3408203125 0.26953125 0.24414062500000008 0.26953125 0.24414062500000008 0.362060546875 0.3408203125 0.362060546875
6 0.4752604166666667 0.3310546875 0.3675130208333333 0.3310546875 0.3675130208333333 0.43310546875 0.4752604166666667 0.43310546875
23 0.78125 0.22924804687500006 0.6380208333333334 0.22924804687500006 0.6380208333333334 0.3422851562500001 0.78125 0.3422851562500001
8 0.6533203125 0.34375000000000006 0.4908854166666667 0.34375 0.4908854166666667 0.44482421875000006 0.6533203125 0.4448242187500001
27 0.6337890625000001 0.47656250000000006 0.48632812500000017 0.4765625 0.48632812500000017 0.593505859375 0.6337890625000001 0.593505859375
24 0.7848307291666666 0.3942871093750001 0.6243489583333334 0.3942871093750001 0.6243489583333334 0.5224609375 0.7848307291666666 0.5224609375
21 0.6197916666666669 0.57763671875 0.4401041666666668 0.57763671875 0.4401041666666668 0.713623046875 0.6197916666666669 0.713623046875
10 0.4654947916666668 0.611572265625 0.29003906250000006 0.611572265625 0.2900390625000001 0.76171875 0.4654947916666668 0.76171875
5 0.4016927083333335 0.5146484375 0.2229817708333334 0.5146484375 0.2229817708333334 0.62646484375 0.4016927083333335 0.62646484375
5 0.5091145833333335 0.515625 0.3675130208333335 0.515625 0.3675130208333335 0.634765625 0.5091145833333335 0.634765625
5 0.37890625000000006 0.419677734375 0.25976562500000006 0.419677734375 0.25976562500000006 0.53369140625 0.37890625000000017 0.53369140625
21 0.3619791666666667 0.34912109375 0.2200520833333334 0.34912109375 0.2200520833333334 0.43115234375 0.3619791666666667 0.43115234375
10 0.4964192708333333 0.24291992187500006 0.3916015625 0.24291992187500006 0.3916015625 0.33447265625 0.4964192708333333 0.33447265625
14 0.6005859375 0.268310546875 0.4817708333333333 0.268310546875 0.4817708333333333 0.375244140625 0.6005859375 0.375244140625
9 0.6477864583333334 0.17504882812500006 0.5302734375 0.17504882812500006 0.5302734375 0.27294921875000006 0.6477864583333334 0.2729492187500001
28 0.9280598958333334 0.4138183593750001 0.7594401041666666 0.4138183593750001 0.7594401041666666 0.527587890625 0.9280598958333334 0.527587890625
28 0.8994140625 0.3129882812500001 0.7679036458333334 0.3129882812500001 0.7679036458333334 0.4191894531250001 0.8994140625 0.4191894531250001
13 0.7001953125 0.25000000000000006 0.5611979166666666 0.25 0.5611979166666666 0.35009765625000006 0.7001953125 0.3500976562500001
28 0.7626953125 0.3225097656250001 0.6220703125 0.3225097656250001 0.6220703125 0.4077148437500001 0.7626953125 0.4077148437500001
20 0.5686848958333334 0.12304687500000004 0.4085286458333333 0.12304687500000003 0.4085286458333333 0.21337890625000006 0.5686848958333334 0.21337890625000006
0 0.4440104166666667 0.18774414062500003 0.2783203125 0.187744140625 0.27832031250000006 0.291748046875 0.4440104166666667 0.291748046875
22 0.6946614583333334 0.677001953125 0.5175781250000001 0.677001953125 0.5175781250000001 0.782470703125 0.6946614583333334 0.782470703125
15 0.4807942708333334 0.41552734375 0.3626302083333333 0.41552734375 0.3626302083333334 0.537109375 0.4807942708333335 0.537109375
32 0.7158203125 0.43090820312500006 0.5543619791666666 0.430908203125 0.5543619791666667 0.54248046875 0.7158203125 0.54248046875
32 0.7353515625 0.564208984375 0.5764973958333335 0.564208984375 0.5764973958333335 0.6875 0.7353515625 0.6875
30 0.435546875 0.008300781250000033 0.2711588541666667 0.008300781250000024 0.2711588541666667 0.11376953125000003 0.435546875 0.11376953125000003
3 0.5107421875000001 0.767822265625 0.3483072916666668 0.767822265625 0.3483072916666668 0.93115234375 0.5107421875000001 0.93115234375