18 0.7701822916666666 0.20170454545454564 0.6896701388888888 0.2017045454545456 0.6896701388888888 0.3385416666666669 0.7701822916666666 0.3385416666666669
2 0.5672743055555556 0.541193181818182 0.5075954861111112 0.541193181818182 0.5075954861111112 0.6893939393939396 0.5672743055555556 0.6893939393939396
14 0.6875 0.09611742424242442 0.609375 0.0961174242424244 0.609375 0.24573863636363658 0.6875 0.24573863636363658
4 0.80859375 0.052556818181818385 0.724609375 0.05255681818181837 0.724609375 0.22679924242424265 0.80859375 0.22679924242424265
2 0.5295138888888888 0.7372159090909093 0.4476996527777778 0.7372159090909093 0.4476996527777778 0.9105113636363639 0.5295138888888888 0.9105113636363639
33 0.4646267361111111 0.5681818181818183 0.3869357638888889 0.5681818181818182 0.3869357638888889 0.7339015151515152 0.4646267361111111 0.7339015151515154
26 0.5073784722222222 0.49242424242424265 0.4303385416666667 0.49242424242424265 0.4303385416666667 0.6732954545454548 0.5073784722222222 0.6732954545454548
29 0.5470920138888888 0.3821022727272728 0.4789496527777778 0.3821022727272728 0.4789496527777778 0.5473484848484851 0.5470920138888888 0.5473484848484851
33 0.5095486111111112 0.24621212121212133 0.4403211805555556 0.24621212121212133 0.4403211805555556 0.4185606060606062 0.5095486111111112 0.4185606060606062
29 0.5544704861111112 0.22159090909090923 0.4973958333333333 0.2215909090909092 0.4973958333333333 0.3787878787878789 0.5544704861111112 0.3787878787878789
24 0.638671875 0.628787878787879 0.5596788194444444 0.628787878787879 0.5596788194444444 0.8053977272727275 0.638671875 0.8053977272727275
23 0.6195746527777778 0.4602272727272729 0.5520833333333334 0.4602272727272728 0.5520833333333334 0.6344696969696972 0.6195746527777778 0.6344696969696972
10 0.6631944444444444 0.3489583333333335 0.5833333333333334 0.3489583333333334 0.5833333333333334 0.5236742424242427 0.6631944444444444 0.5236742424242427
8 0.6256510416666666 0.25568181818181834 0.5464409722222222 0.2556818181818183 0.5464409722222222 0.41571969696969713 0.6256510416666666 0.4157196969696972
29 0.6241319444444444 0.10653409090909105 0.5512152777777778 0.10653409090909105 0.5512152777777778 0.28219696969696983 0.6241319444444444 0.2821969696969699
18 0.7005208333333334 0.234848484848485 0.6206597222222222 0.234848484848485 0.6206597222222222 0.3797348484848487 0.7005208333333334 0.3797348484848487
33 0.693359375 0.5497159090909093 0.6111111111111112 0.5497159090909093 0.6111111111111112 0.71969696969697 0.693359375 0.71969696969697
24 0.7762586805555556 0.6420454545454548 0.7005208333333334 0.6420454545454548 0.7005208333333334 0.8181818181818183 0.7762586805555556 0.8181818181818183
28 0.8161892361111112 0.5156250000000002 0.7280815972222222 0.5156250000000002 0.7280815972222222 0.6893939393939396 0.8161892361111112 0.6893939393939396
12 0.7495659722222222 0.4711174242424245 0.6677517361111112 0.4711174242424245 0.6677517361111112 0.6439393939393941 0.7495659722222222 0.6439393939393941
20 0.8953993055555556 0.3910984848484851 0.814453125 0.3910984848484851 0.814453125 0.5738636363636366 0.8953993055555556 0.5738636363636366
6 0.8220486111111112 0.39488636363636387 0.7417534722222222 0.39488636363636387 0.7417534722222222 0.5345643939393941 0.8220486111111112 0.5345643939393941
19 0.8070746527777778 0.30681818181818205 0.7269965277777778 0.30681818181818205 0.7269965277777778 0.4375000000000002 0.8070746527777778 0.4375000000000002
24 0.8448350694444444 0.18892045454545475 0.7591145833333334 0.18892045454545475 0.7591145833333334 0.3404356060606063 0.8448350694444444 0.3404356060606063
19 0.728515625 0.3214962121212123 0.6612413194444444 0.3214962121212123 0.6612413194444444 0.4938446969696972 0.728515625 0.4938446969696972