25 0.5673828125 0.3883463541666668 0.46240234375 0.3883463541666668 0.46240234375 0.5315755208333335 0.5673828125 0.5315755208333335
26 0.576171875 0.6549479166666669 0.4687500000000001 0.6549479166666669 0.4687500000000001 0.7802734375 0.576171875 0.7802734375
14 0.41064453125 0.3746744791666667 0.31591796875 0.3746744791666667 0.31591796875 0.4820963541666667 0.41064453125 0.4820963541666667
5 0.5029296875 0.2854817708333334 0.4111328125 0.2854817708333334 0.4111328125 0.4212239583333334 0.5029296875 0.4212239583333335
5 0.606689453125 0.29166666666666674 0.500244140625 0.29166666666666674 0.500244140625 0.4264322916666668 0.606689453125 0.4264322916666668
8 0.7099609375 0.2519531250000001 0.612060546875 0.25195312500000006 0.612060546875 0.4202473958333335 0.7099609375 0.4202473958333335
15 0.851806640625 0.29296875000000017 0.727783203125 0.29296875000000017 0.727783203125 0.4264322916666668 0.851806640625 0.4264322916666668
10 0.813232421875 0.40820312500000017 0.67578125 0.40820312500000017 0.67578125 0.5598958333333335 0.813232421875 0.5598958333333335
28 0.672119140625 0.4231770833333335 0.571044921875 0.4231770833333335 0.571044921875 0.5598958333333335 0.672119140625 0.5598958333333335
16 0.6123046875 0.5133463541666669 0.51123046875 0.5133463541666669 0.51123046875 0.6533203125000001 0.6123046875 0.6533203125000001
16 0.66357421875 0.6845703125 0.58203125 0.6845703125 0.58203125 0.8372395833333334 0.66357421875 0.8372395833333334
19 0.529541015625 0.5332031250000001 0.41748046875 0.533203125 0.41748046875000006 0.6689453125 0.529541015625 0.6689453125
8 0.43188476562500006 0.587890625 0.334716796875 0.587890625 0.33471679687500006 0.7184244791666666 0.4318847656250001 0.7184244791666666
21 0.569091796875 0.8030598958333334 0.4436035156250001 0.8030598958333334 0.4436035156250001 0.9807942708333334 0.569091796875 0.9807942708333334
21 0.4704589843750001 0.6728515625 0.3576660156250001 0.6728515625 0.3576660156250001 0.8212890625 0.4704589843750001 0.8212890625
9 0.37451171875000006 0.4680989583333333 0.285888671875 0.4680989583333333 0.28588867187500006 0.6145833333333334 0.3745117187500001 0.6145833333333334
5 0.454833984375 0.44726562500000006 0.366455078125 0.447265625 0.366455078125 0.6028645833333334 0.454833984375 0.6028645833333335
28 0.406005859375 0.26562500000000006 0.33642578125 0.26562500000000006 0.33642578125 0.388671875 0.406005859375 0.388671875
28 0.529541015625 0.09440104166666674 0.44580078125 0.09440104166666674 0.44580078125 0.19335937500000008 0.529541015625 0.19335937500000008
32 0.524169921875 0.1888020833333334 0.427734375 0.1888020833333334 0.427734375 0.29101562500000006 0.524169921875 0.29101562500000006
32 0.6201171875 0.011393229166666761 0.524658203125 0.011393229166666755 0.524658203125 0.16080729166666677 0.6201171875 0.16080729166666677
30 0.07055664062500006 0.5218098958333334 0.0009765625000000481 0.5218098958333334 0.000976562500000054 0.6533203125 0.07055664062500006 0.6533203125
20 0.19653320312500006 0.3863932291666667 0.10571289062500003 0.3863932291666667 0.10571289062500004 0.5221354166666666 0.19653320312500006 0.5221354166666666
3 0.75732421875 0.1416015625000001 0.626220703125 0.1416015625000001 0.626220703125 0.2796223958333334 0.75732421875 0.2796223958333335
22 0.631103515625 0.16048177083333343 0.527099609375 0.1604817708333334 0.527099609375 0.29947916666666674 0.631103515625 0.29947916666666674
3 0.4697265625000001 0.8326822916666666 0.3632812500000001 0.8326822916666666 0.3632812500000001 0.9798177083333334 0.4697265625000001 0.9798177083333334
0 0.735107421875 0.5341796875000001 0.61767578125 0.5341796875000001 0.61767578125 0.681640625 0.735107421875 0.681640625