8 0.2148437500000001 0.63037109375 0.04882812500000011 0.63037109375 0.04882812500000011 0.735595703125 0.21484375000000014 0.735595703125
19 0.3577473958333335 0.48388671875 0.23014322916666674 0.48388671875 0.23014322916666674 0.595703125 0.3577473958333335 0.595703125
27 0.7936197916666666 0.55810546875 0.6490885416666669 0.55810546875 0.6490885416666669 0.678466796875 0.7936197916666666 0.678466796875
5 0.3268229166666668 0.584716796875 0.20182291666666674 0.584716796875 0.20182291666666677 0.70703125 0.3268229166666668 0.70703125
14 0.32096354166666674 0.22705078125000003 0.17480468750000008 0.22705078125 0.17480468750000008 0.32177734375 0.32096354166666674 0.32177734375
4 0.4654947916666667 0.23339843750000006 0.32519531250000006 0.23339843750000006 0.32519531250000006 0.353515625 0.4654947916666667 0.353515625
9 0.615234375 0.25781250000000006 0.4892578125 0.2578125 0.4892578125 0.36303710937500006 0.615234375 0.3630371093750001
24 0.6891276041666666 0.20996093750000006 0.5543619791666666 0.20996093750000006 0.5543619791666666 0.32177734375000006 0.6891276041666666 0.3217773437500001
22 0.7639973958333334 0.3193359375000001 0.6178385416666666 0.3193359375000001 0.6178385416666666 0.4108886718750001 0.7639973958333334 0.4108886718750001
28 0.8460286458333334 0.4160156250000001 0.6930338541666666 0.4160156250000001 0.6930338541666666 0.4990234375000001 0.8460286458333334 0.4990234375000001
10 0.5530598958333334 0.4521484375 0.4508463541666667 0.4521484375 0.45084635416666674 0.55517578125 0.5530598958333335 0.55517578125
14 0.7102864583333334 0.34448242187500006 0.5426432291666666 0.344482421875 0.5426432291666667 0.47851562500000006 0.7102864583333334 0.4785156250000001
20 0.564453125 0.347900390625 0.4537760416666667 0.347900390625 0.4537760416666667 0.447021484375 0.564453125 0.447021484375
28 0.4583333333333333 0.3564453125 0.31022135416666674 0.3564453125 0.31022135416666674 0.449462890625 0.4583333333333333 0.449462890625
0 0.45703125000000006 0.43505859375 0.3434244791666667 0.43505859375 0.34342447916666674 0.540283203125 0.45703125000000017 0.540283203125
13 0.5263671875000001 0.625 0.4195963541666668 0.625 0.4195963541666668 0.744140625 0.5263671875000001 0.744140625
21 0.6350911458333335 0.7109375 0.4876302083333335 0.7109375 0.4876302083333335 0.838623046875 0.6350911458333335 0.838623046875
5 0.775390625 0.73828125 0.6113281250000001 0.73828125 0.6113281250000001 0.900146484375 0.775390625 0.900146484375
8 0.88671875 0.60693359375 0.6995442708333334 0.60693359375 0.6995442708333334 0.72802734375 0.88671875 0.72802734375
32 0.9742838541666666 0.66748046875 0.7939453125 0.66748046875 0.7939453125 0.8056640625 0.9742838541666666 0.8056640625
15 0.6393229166666667 0.44458007812500006 0.5384114583333334 0.444580078125 0.5384114583333334 0.5478515625 0.6393229166666669 0.5478515625
6 0.4283854166666668 0.660888671875 0.2386067708333334 0.660888671875 0.23860677083333345 0.819091796875 0.4283854166666668 0.819091796875
9 0.5003255208333335 0.742919921875 0.33789062500000017 0.742919921875 0.33789062500000017 0.8935546875 0.5003255208333335 0.8935546875
3 0.5436197916666666 0.18139648437500006 0.4055989583333333 0.18139648437500006 0.4055989583333333 0.276123046875 0.5436197916666666 0.276123046875
3 0.4469401041666668 0.535888671875 0.3216145833333334 0.535888671875 0.3216145833333334 0.6552734375 0.4469401041666668 0.6552734375
15 0.6705729166666666 0.53466796875 0.4905598958333335 0.53466796875 0.4905598958333335 0.669921875 0.6705729166666666 0.669921875
20 0.791015625 0.4604492187500001 0.6448567708333335 0.4604492187500001 0.6448567708333335 0.5615234375 0.791015625 0.5615234375