11 0.5583767361111112 0.5175189393939396 0.46484375 0.5175189393939396 0.46484375 0.7575757575757578 0.5583767361111112 0.7575757575757578
4 0.8135850694444444 0.0771780303030305 0.7022569444444444 0.0771780303030305 0.7022569444444444 0.31581439393939414 0.8135850694444444 0.31581439393939414
6 0.8055555555555556 0.2935606060606063 0.7059461805555556 0.2935606060606063 0.7059461805555556 0.5364583333333336 0.8055555555555556 0.5364583333333336
18 0.7348090277777778 0.18323863636363655 0.6171875 0.18323863636363652 0.6171875 0.3925189393939396 0.7348090277777778 0.3925189393939396
24 0.7154947916666666 0.3513257575757578 0.6108940972222222 0.3513257575757578 0.6108940972222222 0.5814393939393941 0.7154947916666666 0.5814393939393941
19 0.7688802083333334 0.5004734848484851 0.6608072916666666 0.5004734848484851 0.6608072916666666 0.7244318181818183 0.7688802083333334 0.7244318181818183
21 0.7545572916666666 0.6931818181818183 0.6536458333333334 0.6931818181818183 0.6536458333333334 0.863162878787879 0.7545572916666666 0.863162878787879
11 0.6577690972222222 0.7291666666666669 0.5601128472222222 0.7291666666666669 0.5601128472222222 0.9086174242424244 0.6577690972222222 0.9086174242424244
26 0.5729166666666666 0.7064393939393941 0.4856770833333333 0.7064393939393941 0.4856770833333333 0.9393939393939396 0.5729166666666666 0.9393939393939396
29 0.4657118055555556 0.6344696969696971 0.3732638888888889 0.634469696969697 0.3732638888888889 0.8645833333333335 0.4657118055555556 0.8645833333333336
29 0.39713541666666674 0.7495265151515151 0.2927517361111111 0.7495265151515151 0.29275173611111116 0.9815340909090909 0.39713541666666674 0.9815340909090909
29 0.4203559027777778 0.5175189393939394 0.3120659722222222 0.5175189393939394 0.3120659722222222 0.7571022727272728 0.4203559027777778 0.7571022727272729
2 0.505859375 0.4493371212121213 0.3912760416666667 0.4493371212121213 0.3912760416666667 0.6766098484848486 0.505859375 0.6766098484848487
33 0.3940972222222222 0.3300189393939395 0.2914496527777778 0.3300189393939395 0.2914496527777778 0.5672348484848485 0.3940972222222222 0.5672348484848485
7 0.4722222222222222 0.26799242424242437 0.3641493055555556 0.26799242424242437 0.3641493055555556 0.4791666666666668 0.4722222222222222 0.4791666666666668
11 0.5460069444444444 0.31676136363636376 0.4420572916666667 0.31676136363636376 0.4420572916666667 0.556818181818182 0.5460069444444444 0.556818181818182
24 0.6245659722222222 0.37357954545454564 0.5154079861111112 0.3735795454545456 0.5154079861111112 0.5932765151515154 0.6245659722222222 0.5932765151515154
23 0.6651475694444444 0.5482954545454548 0.5642361111111112 0.5482954545454548 0.5642361111111112 0.7324810606060608 0.6651475694444444 0.7324810606060608
8 0.6085069444444444 0.1595643939393941 0.5171440972222222 0.1595643939393941 0.5171440972222222 0.3939393939393941 0.6085069444444444 0.39393939393939414
31 0.5227864583333334 0.09706439393939406 0.4422743055555556 0.09706439393939405 0.4422743055555556 0.3366477272727274 0.5227864583333334 0.3366477272727274
14 0.4539930555555556 0.10416666666666677 0.3478732638888889 0.10416666666666674 0.3478732638888889 0.2883522727272728 0.4539930555555556 0.2883522727272728