25 0.3680555555555556 0.12642045454545464 0.3109809027777778 0.12642045454545464 0.3109809027777778 0.28267045454545464 0.3680555555555556 0.28267045454545464
7 0.4366319444444444 0.4744318181818183 0.3630642361111111 0.4744318181818183 0.3630642361111111 0.628314393939394 0.4366319444444444 0.6283143939393941
22 0.3253038194444444 0.4772727272727274 0.2682291666666667 0.4772727272727274 0.2682291666666667 0.6226325757575758 0.3253038194444444 0.6226325757575758
6 0.4763454861111111 0.6155303030303031 0.3936631944444444 0.615530303030303 0.3936631944444444 0.7760416666666667 0.4763454861111111 0.7760416666666669
19 0.5494791666666666 0.6500946969696972 0.4782986111111111 0.6500946969696972 0.4782986111111111 0.7618371212121214 0.5494791666666666 0.7618371212121214
11 0.6254340277777778 0.6051136363636366 0.5473090277777778 0.6051136363636366 0.5473090277777778 0.7490530303030305 0.6254340277777778 0.7490530303030305
33 0.7228732638888888 0.49952651515151536 0.6499565972222222 0.49952651515151536 0.6499565972222222 0.675662878787879 0.7228732638888888 0.675662878787879
18 0.5277777777777778 0.7542613636363639 0.4418402777777778 0.7542613636363639 0.44184027777777785 0.9261363636363639 0.5277777777777778 0.9261363636363639
24 0.5060763888888888 0.49952651515151536 0.4496527777777778 0.49952651515151536 0.4496527777777778 0.6614583333333336 0.5060763888888888 0.6614583333333336
21 0.5327690972222222 0.09990530303030316 0.4578993055555556 0.09990530303030316 0.4578993055555556 0.266098484848485 0.5327690972222222 0.266098484848485
33 0.4077690972222222 0.2779356060606062 0.3309461805555556 0.2779356060606062 0.3309461805555556 0.3802083333333334 0.4077690972222222 0.3802083333333334
6 0.3381076388888889 0.3172348484848486 0.2721354166666667 0.3172348484848486 0.2721354166666667 0.4763257575757577 0.3381076388888889 0.4763257575757577
19 0.287109375 0.23058712121212127 0.21788194444444445 0.23058712121212127 0.21788194444444445 0.4024621212121213 0.287109375 0.4024621212121213
23 0.2608506944444444 0.14157196969696975 0.1916232638888889 0.14157196969696975 0.1916232638888889 0.2954545454545455 0.2608506944444444 0.2954545454545456
30 0.3936631944444444 0.375473484848485 0.3404947916666667 0.375473484848485 0.3404947916666667 0.5179924242424242 0.3936631944444444 0.5179924242424242
29 0.6087239583333334 0.338068181818182 0.5562065972222222 0.33806818181818193 0.5562065972222222 0.4862689393939396 0.6087239583333334 0.4862689393939396
11 0.6041666666666666 0.12500000000000017 0.5217013888888888 0.12500000000000017 0.5217013888888888 0.294034090909091 0.6041666666666666 0.294034090909091
2 0.6119791666666666 0.4966856060606063 0.5460069444444444 0.4966856060606063 0.5460069444444444 0.6169507575757578 0.6119791666666666 0.6169507575757578
26 0.2280815972222222 0.005681818181818231 0.1449652777777778 0.00568181818181822 0.1449652777777778 0.15246212121212127 0.2280815972222222 0.15246212121212127
10 0.3671875 0.5975378787878788 0.2931857638888889 0.5975378787878788 0.2931857638888889 0.7732007575757576 0.3671875 0.7732007575757576
24 0.4201388888888889 0.7286931818181819 0.3335503472222222 0.7286931818181818 0.3335503472222222 0.878314393939394 0.4201388888888889 0.8783143939393941
33 0.4244791666666667 0.09185606060606072 0.3530815972222222 0.09185606060606072 0.3530815972222222 0.2589962121212122 0.4244791666666667 0.2589962121212122
12 0.4761284722222222 0.19176136363636376 0.41015625 0.19176136363636376 0.41015625 0.3612689393939395 0.4761284722222222 0.3612689393939395
21 0.5401475694444444 0.2623106060606062 0.4722222222222222 0.2623106060606062 0.4722222222222222 0.37926136363636376 0.5401475694444444 0.37926136363636376
31 0.6221788194444444 0.7874053030303032 0.5475260416666666 0.7874053030303032 0.5475260416666666 0.9142992424242427 0.6221788194444444 0.9142992424242427
14 0.6911892361111112 0.7528409090909093 0.6104600694444444 0.7528409090909093 0.6104600694444444 0.8873106060606063 0.6911892361111112 0.8873106060606063
7 0.69140625 0.591382575757576 0.6154513888888888 0.591382575757576 0.6154513888888888 0.7618371212121214 0.69140625 0.7618371212121214
29 0.6731770833333334 0.39630681818181834 0.5980902777777778 0.3963068181818183 0.5980902777777778 0.5558712121212124 0.6731770833333334 0.5558712121212124
29 0.6868489583333334 0.24195075757575774 0.615234375 0.24195075757575774 0.615234375 0.41240530303030326 0.6868489583333334 0.41240530303030326
2 0.4945746527777778 0.35179924242424254 0.431640625 0.35179924242424254 0.431640625 0.5080492424242427 0.4945746527777778 0.5080492424242427
8 0.4945746527777778 0.8641098484848487 0.4138454861111111 0.8641098484848487 0.41384548611111116 0.9995265151515151 0.4945746527777778 0.9995265151515151