16 0.4455295138888889 0.16335227272727285 0.3706597222222222 0.16335227272727285 0.3706597222222222 0.3181818181818183 0.4455295138888889 0.3181818181818183
6 0.4259982638888889 0.7017045454545455 0.3500434027777778 0.7017045454545454 0.3500434027777778 0.8238636363636365 0.4259982638888889 0.8238636363636366
6 0.4118923611111111 0.48200757575757586 0.3257378472222222 0.48200757575757586 0.3257378472222222 0.6538825757575759 0.4118923611111111 0.653882575757576
12 0.484375 0.24053030303030315 0.4329427083333333 0.24053030303030315 0.4329427083333333 0.39015151515151525 0.484375 0.39015151515151525
23 0.5490451388888888 0.3063446969696971 0.4765625 0.3063446969696971 0.4765625 0.4294507575757577 0.5490451388888888 0.4294507575757577
15 0.3168402777777778 0.25142045454545464 0.2526041666666667 0.25142045454545464 0.2526041666666667 0.4171401515151516 0.3168402777777778 0.4171401515151516
23 0.376953125 0.2750946969696971 0.3036024305555556 0.2750946969696971 0.3036024305555556 0.4029356060606062 0.376953125 0.4029356060606062
33 0.4383680555555556 0.3352272727272728 0.3643663194444444 0.3352272727272728 0.3643663194444444 0.45738636363636376 0.4383680555555556 0.45738636363636376
30 0.4548611111111111 0.4521780303030304 0.4086371527777778 0.4521780303030304 0.4086371527777778 0.5989583333333336 0.4548611111111111 0.5989583333333336
19 0.3661024305555556 0.3868371212121213 0.2951388888888889 0.3868371212121213 0.2951388888888889 0.5516098484848485 0.3661024305555556 0.5516098484848485
22 0.3001302083333333 0.5615530303030303 0.20876736111111116 0.5615530303030303 0.20876736111111116 0.7372159090909091 0.3001302083333333 0.7372159090909091
24 0.38237847222222227 0.7831439393939394 0.28515625 0.7831439393939394 0.28515625000000006 0.9730113636363636 0.3823784722222223 0.9730113636363636
18 0.4750434027777778 0.787878787878788 0.3836805555555556 0.7878787878787878 0.3836805555555556 0.9815340909090909 0.4750434027777778 0.9815340909090909
7 0.4626736111111111 0.5999053030303031 0.3908420138888889 0.599905303030303 0.3908420138888889 0.7173295454545455 0.4626736111111111 0.7173295454545456
24 0.5078125 0.5497159090909093 0.4533420138888889 0.5497159090909093 0.4533420138888889 0.6879734848484851 0.5078125 0.6879734848484851
19 0.4989149305555556 0.6960227272727275 0.4286024305555556 0.6960227272727275 0.4286024305555556 0.8106060606060608 0.4989149305555556 0.8106060606060608
7 0.6380208333333334 0.644412878787879 0.5696614583333334 0.644412878787879 0.5696614583333334 0.8035037878787881 0.6380208333333334 0.8035037878787881
11 0.6362847222222222 0.1486742424242426 0.5390625 0.1486742424242426 0.5390625 0.3328598484848486 0.6362847222222222 0.3328598484848487
21 0.5540364583333334 0.15340909090909105 0.4743923611111111 0.15340909090909102 0.4743923611111111 0.3196022727272728 0.5540364583333334 0.3196022727272728
29 0.6558159722222222 0.26941287878787895 0.5813802083333334 0.2694128787878789 0.5813802083333334 0.45359848484848503 0.6558159722222222 0.4535984848484851
29 0.6065538194444444 0.36789772727272746 0.5173611111111112 0.3678977272727274 0.5173611111111112 0.5430871212121214 0.6065538194444444 0.5430871212121214
2 0.5837673611111112 0.5274621212121214 0.505859375 0.5274621212121214 0.505859375 0.6699810606060608 0.5837673611111112 0.6699810606060608
2 0.529296875 0.4157196969696971 0.4513888888888889 0.4157196969696971 0.4513888888888889 0.5440340909090912 0.529296875 0.5440340909090912
14 0.6375868055555556 0.7959280303030305 0.5564236111111112 0.7959280303030305 0.5564236111111112 0.9303977272727275 0.6375868055555556 0.9303977272727275
31 0.5677083333333334 0.81344696969697 0.4919704861111111 0.81344696969697 0.4919704861111111 0.9479166666666669 0.5677083333333334 0.9479166666666669
2 0.25954861111111116 0.740530303030303 0.1590711805555556 0.740530303030303 0.1590711805555556 0.9223484848484849 0.2595486111111112 0.9223484848484849
10 0.3305121527777778 0.6538825757575758 0.2612847222222222 0.6538825757575758 0.2612847222222222 0.8148674242424242 0.3305121527777778 0.8148674242424242
28 0.2667100694444444 0.340909090909091 0.2029079861111111 0.340909090909091 0.20290798611111113 0.5009469696969697 0.2667100694444444 0.5009469696969697
19 0.3938802083333333 0.07954545454545464 0.3179253472222222 0.07954545454545463 0.3179253472222222 0.23674242424242434 0.3938802083333333 0.23674242424242434
0 0.3266059027777778 0.10037878787878796 0.2536892361111111 0.10037878787878796 0.2536892361111111 0.26515151515151525 0.3266059027777778 0.26515151515151525
29 0.650390625 0.4270833333333335 0.5568576388888888 0.4270833333333334 0.5568576388888888 0.6150568181818183 0.650390625 0.6150568181818183
33 0.677734375 0.5516098484848487 0.5948350694444444 0.5516098484848487 0.5948350694444444 0.73532196969697 0.677734375 0.73532196969697
11 0.5705295138888888 0.6344696969696972 0.4950086805555556 0.6344696969696972 0.4950086805555556 0.791193181818182 0.5705295138888888 0.791193181818182
4 0.2554253472222222 0.4900568181818182 0.17599826388888895 0.4900568181818182 0.17599826388888895 0.6373106060606061 0.2554253472222222 0.6373106060606061
18 0.3077256944444444 0.4114583333333334 0.24088541666666666 0.4114583333333334 0.24088541666666666 0.5795454545454546 0.3077256944444444 0.5795454545454546
33 0.5099826388888888 0.04308712121212133 0.42578125 0.04308712121212132 0.42578125 0.22679924242424257 0.5099826388888888 0.2267992424242426
7 0.4466145833333333 0.8702651515151516 0.341796875 0.8702651515151515 0.34179687500000006 0.9990530303030303 0.4466145833333333 0.9990530303030303
18 0.4392361111111111 1.085192464301265e-16 0.373046875 9.967650794196497e-17 0.373046875 0.08806818181818192 0.4392361111111111 0.08806818181818192