8 0.451171875 0.330078125 0.3391927083333333 0.330078125 0.3391927083333333 0.43115234375 0.451171875 0.43115234375
6 0.3548177083333334 0.413818359375 0.2415364583333334 0.413818359375 0.2415364583333334 0.53515625 0.3548177083333335 0.53515625
5 0.46679687500000017 0.677001953125 0.3333333333333335 0.677001953125 0.3333333333333335 0.813232421875 0.46679687500000017 0.813232421875
14 0.5872395833333334 0.402099609375 0.439453125 0.402099609375 0.43945312500000006 0.49365234375 0.5872395833333335 0.49365234375
5 0.7115885416666666 0.44140625000000006 0.5810546875 0.44140625 0.5810546875000001 0.54248046875 0.7115885416666666 0.54248046875
21 0.6350911458333335 0.504150390625 0.4905598958333335 0.504150390625 0.4905598958333335 0.6083984375 0.6350911458333335 0.6083984375
21 0.6139322916666669 0.60693359375 0.46777343750000017 0.60693359375 0.46777343750000017 0.698486328125 0.6139322916666669 0.698486328125
33 0.4866536458333335 0.54443359375 0.3675130208333335 0.54443359375 0.3675130208333335 0.669921875 0.4866536458333335 0.669921875
25 0.3678385416666668 0.534912109375 0.21158854166666674 0.534912109375 0.21158854166666674 0.6201171875 0.3678385416666668 0.6201171875
10 0.6025390625000001 0.76513671875 0.4339192708333335 0.76513671875 0.4339192708333335 0.893798828125 0.6025390625000001 0.893798828125
15 0.7428385416666669 0.783203125 0.5882161458333335 0.783203125 0.5882161458333335 0.92578125 0.742838541666667 0.92578125
8 0.7102864583333334 0.658935546875 0.5712890625000001 0.658935546875 0.5712890625000001 0.79736328125 0.7102864583333334 0.79736328125
28 0.9111328125 0.4689941406250001 0.8258463541666666 0.4689941406250001 0.8258463541666666 0.569091796875 0.9111328125 0.569091796875
28 0.7542317708333334 0.3627929687500001 0.6178385416666666 0.3627929687500001 0.6178385416666666 0.4501953125000001 0.7542317708333334 0.4501953125000001
9 0.5999348958333334 0.3056640625 0.4479166666666667 0.3056640625 0.4479166666666667 0.4013671875 0.5999348958333334 0.4013671875
20 0.5940755208333334 0.12939453125000006 0.4567057291666667 0.12939453125000006 0.4567057291666667 0.23583984375000006 0.5940755208333334 0.23583984375000006
30 0.4723307291666667 0.019042968750000035 0.3291015625 0.019042968750000028 0.3291015625 0.10302734375000004 0.4723307291666667 0.10302734375000006
32 0.8219401041666666 0.4509277343750001 0.7141927083333334 0.4509277343750001 0.7141927083333334 0.562744140625 0.8219401041666666 0.562744140625
32 0.9947916666666666 0.553955078125 0.8499348958333334 0.553955078125 0.8499348958333334 0.666748046875 0.9947916666666666 0.666748046875
22 0.8460286458333334 0.565673828125 0.6731770833333334 0.565673828125 0.6731770833333334 0.673095703125 0.8460286458333334 0.673095703125
13 0.3294270833333334 0.652587890625 0.15364583333333345 0.652587890625 0.15364583333333345 0.78759765625 0.3294270833333335 0.78759765625
3 0.31803385416666674 0.302490234375 0.16503906250000003 0.302490234375 0.16503906250000006 0.409912109375 0.31803385416666674 0.409912109375
3 0.8404947916666666 0.676025390625 0.72265625 0.676025390625 0.72265625 0.8056640625 0.8404947916666666 0.8056640625