8 0.5800781250000001 0.439208984375 0.4339192708333333 0.439208984375 0.4339192708333334 0.552001953125 0.5800781250000001 0.552001953125
24 0.8561197916666666 0.23339843750000006 0.7041015625 0.23339843750000006 0.7041015625 0.3535156250000001 0.8561197916666666 0.3535156250000001
14 0.6959635416666666 0.36914062500000006 0.5358072916666666 0.369140625 0.5358072916666667 0.48510742187500006 0.6959635416666666 0.4851074218750001
10 0.4397786458333333 0.316162109375 0.2669270833333334 0.316162109375 0.2669270833333334 0.411865234375 0.4397786458333333 0.411865234375
25 0.5022786458333335 0.50830078125 0.32779947916666674 0.50830078125 0.32779947916666674 0.630615234375 0.5022786458333335 0.630615234375
6 0.5120442708333335 0.665283203125 0.3645833333333335 0.665283203125 0.3645833333333335 0.802490234375 0.5120442708333335 0.802490234375
15 0.6451822916666669 0.767333984375 0.4635416666666668 0.767333984375 0.4635416666666668 0.899169921875 0.6451822916666669 0.899169921875
10 0.6494140625000001 0.610107421875 0.4847005208333335 0.610107421875 0.4847005208333335 0.703857421875 0.6494140625000001 0.703857421875
19 0.40722656250000017 0.5751953125 0.2483723958333334 0.5751953125 0.24837239583333345 0.70068359375 0.40722656250000017 0.70068359375
28 0.7568359375 0.4616699218750001 0.6080729166666669 0.4616699218750001 0.6080729166666669 0.580810546875 0.7568359375 0.580810546875
28 0.6608072916666669 0.506103515625 0.48925781250000017 0.506103515625 0.48925781250000017 0.625244140625 0.6608072916666669 0.625244140625
32 0.8050130208333334 0.572021484375 0.6321614583333335 0.572021484375 0.6321614583333335 0.698486328125 0.8050130208333334 0.698486328125
9 0.7428385416666666 0.29589843750000006 0.5924479166666666 0.2958984375 0.5924479166666666 0.38867187500000006 0.7428385416666666 0.3886718750000001
4 0.27018229166666674 0.22705078125 0.14388020833333337 0.22705078125 0.14388020833333337 0.33984375 0.27018229166666674 0.33984375
22 0.857421875 0.4033203125000001 0.6888020833333334 0.4033203125000001 0.6888020833333334 0.50439453125 0.857421875 0.50439453125
15 0.5361328125000001 0.364013671875 0.3899739583333333 0.364013671875 0.3899739583333334 0.471435546875 0.5361328125000001 0.471435546875
27 0.42285156250000006 0.419189453125 0.28678385416666674 0.419189453125 0.28678385416666674 0.5361328125 0.42285156250000017 0.5361328125
3 0.5673828125 0.27685546875 0.4182942708333333 0.27685546875 0.4182942708333333 0.37060546875 0.5673828125 0.37060546875