8 0.5295138888888888 0.42424242424242437 0.4496527777777778 0.42424242424242437 0.4496527777777778 0.5875946969696972 0.5295138888888888 0.5875946969696972
14 0.5455729166666666 0.24337121212121224 0.4769965277777778 0.24337121212121224 0.4769965277777778 0.40956439393939403 0.5455729166666666 0.40956439393939403
18 0.6169704861111112 0.19602272727272743 0.5523003472222222 0.19602272727272743 0.5523003472222222 0.3773674242424244 0.6169704861111112 0.3773674242424245
23 0.6584201388888888 0.3295454545454547 0.5926649305555556 0.32954545454545464 0.5926649305555556 0.5042613636363639 0.6584201388888888 0.5042613636363639
29 0.4913194444444444 0.2907196969696971 0.4105902777777778 0.2907196969696971 0.4105902777777778 0.4734848484848486 0.4913194444444444 0.4734848484848486
33 0.4108072916666667 0.5648674242424243 0.3372395833333333 0.5648674242424242 0.3372395833333333 0.7201704545454547 0.4108072916666667 0.7201704545454548
26 0.4963107638888889 0.7973484848484851 0.43359375 0.7973484848484851 0.43359375000000006 0.9635416666666669 0.4963107638888889 0.9635416666666669
29 0.4893663194444444 0.6150568181818183 0.4144965277777778 0.6150568181818183 0.4144965277777778 0.7883522727272729 0.4893663194444444 0.7883522727272729
19 0.7185329861111112 0.1846590909090911 0.6410590277777778 0.18465909090909108 0.6410590277777778 0.34138257575757597 0.7185329861111112 0.34138257575757597
6 0.7868923611111112 0.2627840909090911 0.73046875 0.2627840909090911 0.73046875 0.4346590909090911 0.7868923611111112 0.4346590909090911
28 0.8480902777777778 0.6595643939393941 0.755859375 0.6595643939393941 0.755859375 0.853693181818182 0.8480902777777778 0.853693181818182
6 0.7504340277777778 0.6486742424242427 0.6697048611111112 0.6486742424242427 0.6697048611111112 0.8328598484848487 0.7504340277777778 0.8328598484848487
7 0.7076822916666666 0.8001893939393941 0.6252170138888888 0.8001893939393941 0.6252170138888888 0.95407196969697 0.7076822916666666 0.95407196969697
33 0.6254340277777778 0.8186553030303032 0.5562065972222222 0.8186553030303032 0.5562065972222222 0.9872159090909091 0.6254340277777778 0.9872159090909091
24 0.6271701388888888 0.5274621212121214 0.5414496527777778 0.5274621212121214 0.5414496527777778 0.6908143939393941 0.6271701388888888 0.6908143939393941
31 0.5538194444444444 0.556818181818182 0.4694010416666667 0.556818181818182 0.4694010416666667 0.73532196969697 0.5538194444444444 0.73532196969697
29 0.4587673611111111 0.45075757575757586 0.3767361111111111 0.45075757575757586 0.3767361111111111 0.6212121212121213 0.4587673611111111 0.6212121212121214
18 0.5909288194444444 0.340909090909091 0.5262586805555556 0.340909090909091 0.5262586805555556 0.5250946969696972 0.5909288194444444 0.5250946969696972
15 0.6987847222222222 0.027462121212121385 0.6091579861111112 0.027462121212121375 0.6091579861111112 0.2267992424242426 0.6987847222222222 0.2267992424242426
33 0.7651909722222222 0.4938446969696972 0.7009548611111112 0.4938446969696972 0.7009548611111112 0.6685606060606063 0.7651909722222222 0.6685606060606063
12 0.7024739583333334 0.4772727272727275 0.6206597222222222 0.4772727272727275 0.6206597222222222 0.6406250000000002 0.7024739583333334 0.6406250000000002
4 0.607421875 0.021780303030303184 0.5440538194444444 0.021780303030303177 0.5440538194444444 0.20596590909090925 0.607421875 0.20596590909090925
30 0.6579861111111112 0.6250000000000002 0.5848524305555556 0.6250000000000002 0.5848524305555556 0.7727272727272729 0.6579861111111112 0.7727272727272729
2 0.5505642361111112 0.7305871212121214 0.4917534722222222 0.7305871212121214 0.4917534722222222 0.9010416666666669 0.5505642361111112 0.9010416666666669
22 0.736328125 0.3214962121212123 0.6742621527777778 0.3214962121212123 0.6742621527777778 0.48768939393939414 0.736328125 0.48768939393939414